-2.24111 -0.919857 3.19683 108.5 85.25 49.25
-2.2179 -0.895517 3.20318 108.963 83.963 60.6296
-2.20417 -0.76569 3.11925 49.4 27.8 1.6
-2.24292 -0.721575 3.22413 68.0611 45.045 15.1286
-2.23062 -0.713041 3.24524 76.697 55.3636 25.4697
-2.2605 -0.64957 3.23291 75.8246 55.1082 22.8041
-2.21742 -0.645594 3.24183 81.5732 57.9146 26.7073
-2.24625 -0.573407 3.2294 80.5419 54.7047 35.2837
-2.21769 -0.61081 3.24136 81.8 52.8 26.6
-2.24475 -0.499842 3.22357 84.4393 57.4696 36.5958
-2.2424 -0.426442 3.21914 83.4771 62.641 36.6988
-2.2389 -0.352344 3.217 89.5783 64.7121 42.346
-2.23862 -0.279289 3.21209 91.77 67.261 44.9845
-2.24073 -0.20511 3.20963 93.2456 71.2582 45.2481
-2.23984 -0.130012 3.20367 95.7323 72.3455 48.4211
-2.24001 -0.054503 3.20466 99.3564 75.2667 50.9513
-2.23522 0.0185578 3.19561 101.139 75.6421 46.9672
-2.23546 0.0925386 3.18991 103.384 77.7244 55.1875
-2.23724 0.165587 3.18692 105.25 79.4828 53.4461
-2.23357 0.242024 3.18278 107.163 81.9017 58.9888
-2.23503 0.314623 3.18001 108.201 82.4278 61.3957
-2.22733 0.389571 3.17213 110.727 83.6991 56.6489
-2.22453 0.464029 3.16925 113.044 85.4146 59.6677
-2.22725 0.540767 3.16938 111.947 86.887 63.7874
-2.22509 0.61083 3.16664 112.853 88.57 62.9837
-2.22705 0.686944 3.16315 115.693 89.4953 61.8213
-2.2207 0.761368 3.15324 116.01 90.3151 63.6164
-2.21762 0.835527 3.15527 117.157 91.9854 61.3613
-2.22006 0.908502 3.15262 114.084 93.3165 70.1772
-2.22417 0.982676 3.15015 118.736 92.2913 73.8189
-2.22261 1.05937 3.14692 118.429 93.9189 71.39
-2.21336 1.13427 3.13462 117.08 93.3785 68.5259
-2.22883 1.23819 3.0314 99 80 29.25
-2.21239 1.20972 3.13077 114.672 93.8448 65.7026
-2.197 1.25729 3.08819 107.417 86.4167 48.4583
-2.20144 1.25277 3.11693 111.95 89.4167 67.6833
-2.12887 -0.764464 3.06936 87 39 0
-2.16562 -0.769897 3.10519 81.6667 41.1667 3.33333
-2.11155 -0.770865 3.32857 87.5686 61.549 32.902
-2.125 -0.789592 3.48219 56.6667 39.2807 10.4211
-2.12539 -0.786883 3.56168 33.4615 25.4231 2.28846
-2.12789 -0.738123 3.06607 78.1389 41 6.97222
-2.14703 -0.722742 3.21557 118.36 85.0607 52.6599
-2.11696 -0.724515 3.31325 110.649 82.3984 48.1753
-2.12031 -0.718046 3.45089 54.9116 39.5912 12.6022
-2.12697 -0.71531 3.57496 29.9091 22 2.33766
-2.1431 -0.648657 3.23133 133.724 102.57 73.4167
-2.11797 -0.651854 3.31624 119.451 90.6784 63.4941
-2.12266 -0.650285 3.4548 51.9296 35.4225 18.3099
-2.12898 -0.652408 3.56598 33.8286 18.7619 5.06667
-2.15496 -0.56907 3.23547 133.22 99.967 71.2637
-2.12323 -0.576954 3.29086 129.582 97.5154 71.9949
-2.11663 -0.576309 3.45048 52.7321 36.1388 18.5263
-2.1216 -0.575264 3.56117 33.7769 22.3967 6.4876
-2.14787 -0.502634 3.23383 141.904 109.221 80.9904
-2.11398 -0.50142 3.3117 118.119 92.3146 57.1623
-2.11737 -0.499483 3.45502 52.1289 38.0052 16.3505
-2.12374 -0.500482 3.56112 32.4299 22.9252 5.81308
-2.1424 -0.426627 3.23328 145.984 112.605 82.2188
-2.10806 -0.427699 3.31171 117.706 89.9758 50.9718
-2.11932 -0.425954 3.45649 55.1897 40.7231 22.1026
-2.12455 -0.42832 3.56156 31.7364 27.2727 7.27273
-2.13806 -0.354466 3.23117 149.594 116.943 83.9329
-2.10719 -0.351765 3.31699 116.065 89.1138 64.4472
-2.11891 -0.352292 3.45914 57.1979 41.4706 19.6845
-2.11452 -0.349757 3.54601 36.0187 26.1495 8.28037
-2.13823 -0.277824 3.22621 152.726 116.597 92.7882
-2.10868 -0.280494 3.31099 123.546 98.2247 67.1498
-2.11554 -0.276522 3.4512 62.323 45.3805 23.2743
-2.11784 -0.28087 3.55338 47.5472 35.6226 10.3396
-2.13797 -0.207207 3.22049 150.763 120.099 94.8516
-2.10875 -0.200165 3.30886 127.329 100.416 69.07
-2.11407 -0.205205 3.45077 57.4955 46.3259 23.558
-2.10556 -0.201737 3.54324 37.4563 27.5146 5.18447
-2.13297 -0.128393 3.21454 156.54 123.114 87.1333
-2.10734 -0.130747 3.31415 124.399 97.963 70.4938
-2.11113 -0.129739 3.45835 60.1618 44.5353 23.3361
-2.10492 -0.12841 3.54311 42.7778 29.3016 5.5873
-2.1313 -0.052809 3.21412 160.414 123.913 92.271
-2.09992 -0.0557162 3.308 125 96.5394 72.6432
-2.11217 -0.0574847 3.45934 62.7318 45.6682 25.0409
-2.10805 -0.0536815 3.53943 43.5806 29.0323 12.2903
-2.12785 0.0193735 3.21028 159.05 123.748 97.6122
-2.10142 0.0207059 3.322 116.148 92.6413 67.1646
-2.11007 0.0189326 3.46347 60.97 44.465 26.575
-2.11075 0.0159613 3.5454 44.7541 29.6066 12.5902
-2.13052 0.0927054 3.20303 158.195 124.599 92.5847
-2.09562 0.0924628 3.30716 122.212 95.9053 72.1894
-2.10042 0.0928315 3.44752 59.039 47.6537 23.8049
-2.1001 0.0943283 3.53892 42.4368 33.5287 10.1724
-2.12312 0.168125 3.19903 161.253 126.512 99.4225
-2.09232 0.166211 3.3087 117.879 94.1381 66.6904
-2.10242 0.16785 3.4601 60.5129 46.2198 21.3621
-2.10262 0.163837 3.54722 43.8293 35.3902 12.0244
-2.12128 0.242133 3.1992 164.284 126.56 100.394
-2.09243 0.243872 3.31387 117.628 90.1209 63.0279
-2.1008 0.240998 3.45068 63.9276 46.0452 24.9186
-2.105 0.237507 3.54796 47.4 32.6 13.5077
-2.12332 0.315221 3.1954 165.078 127.932 102.213
-2.08905 0.317345 3.31121 117.793 91.2029 65.8745
-2.09542 0.315102 3.45045 63.8624 46.2434 24.1005
-2.09639 0.312735 3.52957 45.4528 35.5472 18.3962
-2.11917 0.389664 3.19195 165.14 127.879 100.839
-2.0869 0.388606 3.31277 111.175 90.9104 65.217
-2.0946 0.391379 3.45455 64.0132 47.9251 22.8326
-2.09463 0.39173 3.53113 49.4444 37.8333 23.7222
-2.11665 0.464425 3.18875 165.71 129.605 101.039
-2.08452 0.465303 3.31584 111.179 86.8458 65.6542
-2.09381 0.462852 3.46684 64.041 44.877 21.123
-2.08096 0.481373 3.53134 52.1875 36.1875 9.375
-2.11571 0.53837 3.18811 165.094 130.351 101.462
-2.08231 0.537685 3.31506 109.127 86.048 64.4279
-2.08792 0.537836 3.45467 61.4716 48.2358 29.3668
-2.09587 0.561779 3.5359 50.5 36.8333 24.5
-2.11246 0.615169 3.18042 166.441 131.271 102.279
-2.07926 0.612189 3.305 112.926 91.3169 65.2963
-2.08271 0.612368 3.44849 64.9352 48.583 28.9069
-2.08737 0.585532 3.52764 52.6667 40.3333 31.3333
-2.10465 0.685751 3.17622 165.594 132.462 102.358
-2.07432 0.686602 3.31133 100.847 84.3989 58.2568
-2.08056 0.687455 3.44607 65.3471 49.4256 21.7686
-2.10543 0.761797 3.17667 168.716 131.849 103.169
-2.07548 0.760407 3.3086 111.367 86.2126 59.4976
-2.08011 0.759997 3.44429 70.0451 50.5656 26.6844
-2.10592 0.834928 3.17702 167.754 131.842 104.061
-2.06851 0.836771 3.31175 104.469 78.8805 60.5044
-2.07474 0.8327 3.44315 66.4115 49.9904 28.5981
-2.10718 0.910121 3.17055 164.191 129.99 102.187
-2.06933 0.911026 3.30892 106.216 83.9339 58.4361
-2.07173 0.908933 3.43517 67.2328 51.0529 25.8889
-2.10265 0.984939 3.16692 162.574 129.113 105.385
-2.06345 0.984925 3.31768 101.124 77.1753 55.2271
-2.07488 0.980567 3.45665 65.7604 50.3333 21.6302
-2.09601 1.05798 3.16205 162.299 129.962 105.569
-2.05856 1.05896 3.31208 107.35 76.5802 57.3457
-2.06663 1.06068 3.43857 68.0286 50.7886 33.92
-2.09878 1.13266 3.16749 160.527 130.799 105.459
-2.0516 1.13306 3.3074 104.324 81.0769 60.6154
-2.06128 1.13178 3.43131 70.6059 54.7 36.8941
-2.06251 1.24368 3.08685 195.5 163.5 131.5
-2.09262 1.2069 3.15325 163.122 132.162 109.37
-2.05872 1.20545 3.3163 109.792 86.7079 69.5792
-2.05859 1.20604 3.43643 69.8151 56.9041 33.637
-2.09089 1.25301 3.07973 146.929 116.686 96.2143
-2.07674 1.26477 3.16009 156.849 128.498 103.938
-2.05515 1.2787 3.31528 111.592 88.4354 70.415
-2.05772 1.28171 3.43107 75.9427 61.4459 42.1592
-2.04353 1.32002 3.23034 141.5 116.25 103
-2.05663 1.33847 3.33525 107 86.3373 58.6988
-2.06137 1.35474 3.43943 80.3757 62.2265 49.2431
-2.06312 1.40521 3.43988 83.2308 64.9231 46.1538
-1.90785 -0.764721 3.03977 60.1667 27.5556 2.38889
-1.89689 -0.711642 2.92162 88.4 43.7 28.9
-1.91866 -0.742773 3.0312 68.4118 33.1078 10.3627
-1.95123 -0.741818 3.42512 22.75 19.25 0.5
-1.98118 -0.466587 3.44615 27 19.75 4
-1.98792 -0.456485 3.46555 25.2353 22.0588 7.52941
-2.00004 -0.272181 3.49903 48.375 35.125 9.5
-1.98513 -0.289106 3.56197 50.6522 34.4783 12.6522
-1.95814 0.464375 3.35643 49.9167 35.5 6.75
-1.99572 0.479648 3.41196 49.3 36.1 10
-2.02834 1.19837 3.1871 156 130.5 108.833
-2.03155 1.23159 3.45614 65 57 37
-2.03081 1.27209 3.14745 171.81 140 115.048
-1.86321 -0.768329 3.04572 84 43.6389 6.25
-1.81677 -0.702835 2.71513 81.25 48 37.75
-1.74804 -0.734849 2.92254 103 62.625 13.375
-1.84318 -0.741417 3.04947 61.3118 30.9294 9.64706
-1.81093 -0.582665 3.46856 28.8333 17.3333 0.5
-1.86331 -0.321996 3.46367 26.75 22.375 13.875
-1.85145 -0.302946 3.43713 28 21.9524 11.2381
-1.79144 -0.105011 3.37294 35.5 28.125 9.5
-1.8468 -0.112913 3.45724 35.25 30.5 6
-1.71625 -0.992021 2.41586 77.6667 52.3333 30.6667
-1.66861 -0.928786 2.41247 92.8333 80.75 39.5833
-1.69393 -0.91556 2.52555 77 57 36
-1.68509 -0.914362 2.74505 83.5 56 31
-1.68883 -0.936672 2.9037 66.5916 40.374 14.2328
-1.67602 -0.965034 2.95742 8.625 8.625 4.5
-1.68682 -0.869588 2.32472 84.0592 64.7697 38.4145
-1.68064 -0.872164 2.47252 86.7515 65.8909 37.8909
-1.65778 -0.851127 2.56991 88.0476 64.9524 34.4286
-1.65381 -0.871321 2.69874 95.6907 59.7914 26.2662
-1.69205 -0.87215 2.87984 97.0727 60.9061 20.3576
-1.69481 -0.844527 2.98184 20.8889 20.4444 1.77778
-1.68166 -0.79479 2.32465 87.3315 66.2584 37.9157
-1.67194 -0.79815 2.43914 88.7419 67.1371 45.2984
-1.65499 -0.8059 2.60726 86.371 61.7204 35.7634
-1.649 -0.801891 2.69782 111.577 71.3538 28.9
-1.70266 -0.801453 2.89168 97.6797 59.9902 26.4935
-1.70427 -0.794671 2.97585 22.6226 19.8302 2.16981
-1.66776 -0.738662 2.33007 84.032 64.112 36.24
-1.66785 -0.736833 2.427 86.1184 64.0245 41.3184
-1.64635 -0.722978 2.57661 92.9048 66.7381 37.0714
-1.65534 -0.738865 2.70431 113.385 71.2569 35.7615
-1.71915 -0.744282 2.90558 109.56 67.4655 24.5603
-1.70953 -0.744114 2.96748 25.4118 17.9804 2.7451
-1.66494 -0.217533 3.41188 43.5 32.6667 0.5
-1.71881 0.120321 3.40214 42.3333 31.25 15.0833
-1.67245 0.684984 3.3729 61.1316 43.8158 27.7368
-1.45669 -0.998106 3.42433 66.5333 53.8667 36.6
-1.46039 -0.86195 2.16784 83.5687 59.3875 38.8563
-1.45276 -0.841078 2.26427 91.0833 49.625 27.8542
-1.46669 -0.851266 2.46287 99.9062 75.5 43.5781
-1.44789 -0.829258 2.17161 80.125 45.125 21.5312
-1.44605 -0.827793 2.27389 165.111 130.778 79.5
-1.4813 -0.695957 3.49276 76.4 56.2 39.6
-1.47269 -0.682374 3.47494 77.8333 56.8333 34.6667
-1.50083 -0.43688 3.41952 38.3333 28.0833 13.4167
-1.44229 -0.275708 3.37163 72 51.6667 22.3333
-1.46718 -0.292475 3.4124 71.9167 51.5 26.0833
-1.44179 -0.206894 3.37632 89 61.5 13
-1.46001 -0.208043 3.39442 81.5 51 17.1667
-1.56517 0.158564 3.3535 50.8333 35.8333 29.6667
-1.57145 0.14802 3.4212 47.9286 36.3571 25.0714
-1.48819 0.292311 3.34805 57.4444 40.1111 23.5
-1.31493 -1.21383 3.50004 37 22.1667 6.66667
-1.3475 -1.16264 3.49723 47.6311 33.5825 21.2621
-1.36245 -1.06398 3.37933 70 53.4815 37.4444
-1.34148 -1.10025 3.44362 70.2657 49.9231 39.6014
-1.35988 -1.01793 3.3707 73.465 53.1155 38.5714
-1.35048 -1.0551 3.38462 70.9 53.4 41.4
-1.35648 -0.947878 3.3667 74.0587 55.4134 34.7849
-1.36032 -0.861471 2.19187 89.6679 55.6023 31.2439
-1.3472 -0.844118 2.27195 78.3812 38.0157 21.0052
-1.34412 -0.874394 2.54612 30.7083 21.0833 7.54167
-1.35459 -0.872406 3.36672 77.0412 56.4356 38.8943
-1.41969 -0.828447 2.17126 73.9451 28.989 11.2088
-1.36714 -0.82158 2.28152 120.764 92.0171 64.2422
-1.35567 -0.797823 3.36206 77.7262 57.5476 41.5706
-1.35632 -0.724329 3.3552 80.1079 59.9913 44.1662
-1.35005 -0.649547 3.34504 82.1269 62.7337 43.7461
-1.35267 -0.57742 3.34456 82.5802 64.5773 48.8426
-1.35072 -0.502331 3.34608 86.9881 65.6083 47.5341
-1.34741 -0.426207 3.32895 87.492 67.6581 49.508
-1.3485 -0.353046 3.33155 86.3583 68.1869 51.7383
-1.35204 -0.276947 3.32743 80.3921 57.7143 41.5167
-1.34313 -0.221075 3.31537 81.9764 48.1102 20.8189
-1.33755 -0.18411 3.64327 79.2128 57.4468 37.9362
-1.31575 -0.181828 3.80677 55.1 39.65 21
-1.31666 -0.181947 3.83911 56.2857 40.5714 18.8571
-1.32942 -0.153033 3.62684 68.3636 40.1818 36.0606
-1.30518 -0.138557 3.77206 61.8667 44.2 22.1111
-1.3005 -0.0836976 3.79442 64.8 48 27.6
-1.32208 -0.0795842 3.88578 62.6154 46.2308 28.0769
-1.34603 -0.0450528 4.00369 58.0606 48.1758 33.6788
-1.37302 0.0471714 3.47428 81.2 60.7 32
-1.40409 0.0324422 3.92257 55.5745 47.7234 36.8085
-1.35186 0.0197402 4.00923 48.5885 44.0538 32.1462
-1.34896 0.129046 3.3835 73.5 49.5 28
-1.36371 0.0891324 3.45521 78.3472 61.3056 32.3056
-1.37039 0.10502 3.73316 80.0455 60.6364 36.4545
-1.40203 0.0670097 3.89724 62.3571 54.25 35.3214
-1.34377 0.0928513 4.00775 47.5467 46.2336 35.3458
-1.34686 0.140595 3.3836 61.4167 48.75 35.3333
-1.35381 0.166244 3.43501 83.4762 62.6667 35.8095
-1.35715 0.176307 3.6381 69.7083 46.2361 32.4028
-1.3592 0.179482 3.74649 59.4921 45.7143 30.9048
-1.36274 0.176144 3.87347 43.9286 42.0536 28.9643
-1.34078 0.166894 4.00059 49.4149 45.2713 36.0904
-1.34973 0.236047 3.43047 101.1 73.4333 51.3167
-1.35141 0.239266 3.65778 67.6667 47.5287 34.1839
-1.35062 0.237124 3.73414 53.4255 43.1915 29.9362
-1.38574 0.23688 3.92148 43.3721 40.2326 30.186
-1.34476 0.242139 3.99831 43.163 42.8282 38.2775
-1.38656 0.313565 3.45267 110.5 80.2308 54.9615
-1.35732 0.313493 3.59223 81.8857 53.8 34.0286
-1.35251 0.293439 3.69593 60.0667 47.2667 39
-1.39359 0.31087 3.93713 47.7907 44.4419 30.7442
-1.34277 0.310996 3.99507 43.7123 42.6986 33.6393
-1.36476 0.3843 3.50604 122.529 91.6471 62.3529
-1.35818 0.394586 3.59528 67.6364 50.3333 32.0909
-1.36292 0.395343 3.72298 44.9167 32.1944 20.9167
-1.37705 0.403423 3.85119 37.7037 30.1852 13.7037
-1.29588 0.380447 4.00464 43.3333 35.3333 17.6667
-1.36836 0.43909 3.50501 135.143 108.857 64
-1.36261 0.429895 3.55891 83 66.3333 40.5
-1.37875 0.464574 3.90016 66.9792 52.8958 43.4792
-1.32944 0.471353 3.98523 79.1579 72.1504 57.0752
-1.37661 0.546974 3.76652 76.5 65.2 50.8
-1.37543 0.535862 3.87703 85.1549 66.9718 60.5352
-1.33978 0.538457 3.98552 92.5891 77.302 63.8713
-1.4269 0.589317 3.38326 67.5 49.8333 29
-1.42574 0.602566 3.39277 72.875 54.125 29.75
-1.3348 0.627074 3.588 85.7426 67.3663 46.4059
-1.37829 0.582814 3.76136 75.9444 59.1667 48.0556
-1.34388 0.610734 3.9065 76.4608 63.1716 47.1961
-1.34877 0.583891 3.96964 89.6042 74.8958 60.8958
-1.32689 0.687799 3.58006 118.364 98.5936 81.0214
-1.31959 0.65341 3.91651 74.8889 57.6667 43.5556
-1.32313 0.759261 3.57006 125.29 101.961 86.0774
-1.32613 0.834022 3.57332 127.565 104.695 85.8766
-1.32359 0.909013 3.56343 131.664 104.388 87.3881
-1.32166 0.984346 3.56159 130.22 107.677 90.7195
-1.3228 1.05554 3.56257 133.729 108.486 95.8889
-1.3219 1.13259 3.563 136.13 107.944 94
-1.32044 1.20712 3.55372 136.791 109.827 97.4245
-1.30308 1.2695 3.52139 139.913 109.87 96.4783
-1.31524 1.27848 3.54097 138.122 109.159 97.1707
-1.31444 1.3571 3.55112 141.707 110.276 99.9655
-1.30575 1.39877 3.55209 141.4 112.467 99.1333
-1.30567 1.60568 3.94554 162.706 128.294 115.471
-1.21201 -1.21605 3.49073 38.75 24.1875 13.6875
-1.21843 -1.16452 3.49436 48.7249 35.8026 22.2524
-1.21878 -1.06295 3.38176 72.9048 54.2857 42.2381
-1.21681 -1.09995 3.44688 71.1397 53.9497 38.9441
-1.22258 -1.02149 3.36918 76.8808 55.9756 39.8916
-1.16846 -1.0104 3.38652 78.6562 57.8125 38.7188
-1.213 -0.946675 3.36153 77.591 58.1584 40.3262
-1.28607 -0.877082 2.22607 49.875 16.075 1.975
-1.28675 -0.866662 2.27004 43.5 25.713 8.00926
-1.21629 -0.873669 3.36127 77.0681 60.747 40.0462
-1.21451 -0.796478 3.35643 79.4179 61.0845 44.8237
-1.21658 -0.722733 3.35202 80.8833 62.4095 41.6857
-1.21673 -0.64956 3.3448 84.149 64.3822 46.4135
-1.21917 -0.575365 3.34468 86.0265 67.4771 47.7446
-1.21731 -0.501016 3.33736 86.1049 70.1585 49.1341
-1.21401 -0.427082 3.33447 89.8184 71.1747 48.3402
-1.2161 -0.351622 3.32557 89.8207 70.092 51.8
-1.21345 -0.278059 3.31493 81.1957 59.6087 44.3768
-1.22004 -0.227201 3.30531 78.225 47.1437 22.7625
-1.1509 -0.193906 3.85112 61.55 51.7 31.5
-1.28009 -0.118891 3.76359 65.2 42.2571 23.6286
-1.14371 -0.134065 3.82496 63.5 66 65
-1.16741 -0.0998456 4.0143 60.6471 66.8235 60.1765
-1.28932 -0.0874929 3.78567 68.5 48.5 23.5
-1.20611 -0.0516026 4.01758 65.6901 51.8223 40.9215
-1.2172 0.0171271 4.01666 55.4178 52.6849 41.3219
-1.21587 0.0929398 4.01178 75.5981 68.2605 48.6431
-1.21701 0.167557 4.00551 77.19 66.42 45.0833
-1.21411 0.239571 4.00233 69.0346 61.1003 46.2284
-1.21612 0.313272 4.00418 50.4947 47.0569 36.9786
-1.19494 0.389631 4.01282 55.9273 46.5273 30.8909
-1.21673 0.466563 3.98737 72.509 62.8029 50.0108
-1.21787 0.539112 3.98312 91.8767 79.7833 67.4
-1.21692 0.634337 3.57643 103.44 84.0733 68.4333
-1.21976 0.612082 3.92817 83.4686 68.4908 55.8376
-1.21292 0.58006 3.97161 94.7556 78.8222 68.2667
-1.21713 0.687929 3.57937 134.639 110.44 95.1612
-1.19074 0.652548 3.93892 79.4 61.5 48.1
-1.21824 0.762156 3.57474 138.806 115.66 100.764
-1.21777 0.836516 3.56899 142.797 118.913 103.522
-1.21913 0.909039 3.56284 144.858 120.29 106.898
-1.21739 0.984165 3.56851 146.677 122.666 108.202
-1.21591 1.05856 3.56205 148.589 123.396 114.655
-1.21795 1.13397 3.56191 150.473 123.832 112.305
-1.21756 1.20651 3.56507 151.41 125.174 112.396
-1.28378 1.26734 3.51821 145.5 112 97
-1.22054 1.27937 3.55893 151.791 124.193 114.648
-1.21976 1.35409 3.55789 155.037 123.817 116.515
-1.2091 1.40393 3.55928 156.587 125.938 114.887
-1.20959 1.60059 3.93623 170.198 136.864 120.975
-1.16258 1.61505 3.95512 175 143 115
-1.05018 -1.21401 3.47486 37.8333 26.5 13.8333
-1.07315 -1.21696 3.55499 29.6 18.2 7.4
-1.06618 -1.16232 3.49953 54.9442 41.6245 27.8885
-1.08113 -1.19479 3.53865 41.0385 27.8846 19.4615
-1.0415 -1.06262 3.37632 78.0714 60.6071 38.6071
-1.07639 -1.09882 3.44159 76.8514 56.3771 40.2857
-1.06393 -1.01791 3.36298 79.1684 59.4715 37.1088
-1.06754 -0.946166 3.36513 78.9623 60.9882 44.7689
-1.06837 -0.871058 3.36291 79.4913 63.8586 44.9851
-1.06926 -0.798435 3.35919 82.0687 64.3934 46.7607
-1.06812 -0.723913 3.35371 84.0729 65.8895 47.5603
-1.06663 -0.649205 3.34477 84.9301 67.6386 50.1783
-1.06846 -0.574021 3.33927 88.1169 69.227 53.0607
-1.06876 -0.500684 3.33778 90.4089 70.8399 53.4828
-1.06654 -0.426875 3.3336 90.2339 73.3866 56.6706
-1.06769 -0.351815 3.32735 91.4858 74.2476 57.7193
-1.0678 -0.278543 3.31929 81.5224 60.5124 49.505
-1.0571 -0.245074 3.93562 105 77.5 41.5
-1.05559 -0.24671 3.97908 102 68.5 34.5
-1.06565 -0.2276 3.30314 83.2013 49.0201 23.2416
-1.12743 -0.195989 3.58118 51.1 36.5667 19.7667
-1.09033 -0.204759 3.7996 60.5769 53.2308 34.8846
-1.09787 -0.201739 3.87483 70.3762 57.9901 39.1782
-1.05779 -0.198467 4.01382 73.2644 61.954 40.7241
-1.12655 -0.162879 3.56606 55.6667 45.5 19.3333
-1.11076 -0.153266 3.84999 76.2683 70.9024 52.5366
-1.07217 -0.126469 4.01661 87.8584 75.2876 52.8717
-1.07081 -0.0551585 4.02211 71.8303 61.2419 43.3502
-1.06819 0.016753 4.01365 68.4271 64.3785 47.2396
-1.06679 0.0920814 4.00756 69.7788 68.3622 54.7917
-1.06796 0.166942 4.00222 71.9749 68.043 51.6452
-1.06577 0.242601 3.99945 76.1987 66.7917 46.8814
-1.07377 0.31433 3.99591 53.8534 48.9812 39.5977
-1.10958 0.388444 3.99176 58.4727 47.1455 32.4909
-1.07669 0.471265 3.9906 73.2039 64.1608 54.6
-1.06707 0.539405 3.97999 92.0629 80.4603 67.7881
-1.06414 0.634141 3.58121 114.579 95.9671 76.0263
-1.06882 0.610793 3.92028 85.2528 72.4907 53.9926
-1.06901 0.579646 3.96788 91.5 80.1316 63.6579
-1.06785 0.686964 3.57874 139.952 119.764 103.684
-1.10141 0.65142 3.91438 82 66.5 53.3333
-1.07157 0.76294 3.58288 144.279 123.469 107.347
-1.06734 0.836303 3.56994 147.716 125.366 110.451
-1.0688 0.911315 3.56556 152.177 127.343 111.544
-1.06962 0.984268 3.569 153.542 129.819 113.364
-1.06709 1.0572 3.56081 157.995 131.24 118.278
-1.06991 1.13314 3.55887 159.956 132.114 119.564
-1.06862 1.20494 3.55465 163.19 134.799 118.989
-1.06689 1.28235 3.55893 166.78 136.068 122.052
-1.06476 1.34969 3.54792 169.379 136.396 126.302
-1.07377 1.40371 3.56858 170.545 137.424 126.667
-1.07378 1.59977 3.94388 178.761 147.318 129.182
-0.94262 -1.21278 3.47349 37.8889 27.0278 16.2778
-0.916541 -1.16812 3.50328 52.9288 39.8155 24.5793
-0.931165 -1.06605 3.3727 79.65 62.275 39.875
-0.91342 -1.11016 3.45714 77.1379 59.2586 39.2586
-0.92012 -1.02135 3.36635 82.7681 62.5262 39.2344
-0.918906 -0.947466 3.36547 82.1045 65.4964 41.1259
-0.919997 -0.872095 3.3614 84.3682 65.8337 47.2494
-0.918092 -0.797727 3.35836 86.2402 66.7843 50.8284
-0.922199 -0.723899 3.35252 87.2101 69.1498 47.4372
-0.918837 -0.650146 3.34683 89.012 69.9423 54.6442
-0.919261 -0.576204 3.33815 90.5971 71.9442 57.7451
-0.918603 -0.50145 3.33869 91.3888 73.2697 59.3034
-0.918795 -0.42582 3.33424 91.3461 77.1281 61.9056
-0.919872 -0.352434 3.33223 93.9951 77.4532 59.1626
-0.920967 -0.278709 3.31804 84.0776 64.2306 50.48
-0.921121 -0.228273 3.29843 86.5659 54.5969 29.9922
-0.947651 -0.0442079 4.01465 76.7481 63.2667 45.3556
-0.933961 0.0173599 4.01079 61.7319 53.0723 40.2085
-0.919701 0.092052 4.00617 71.2212 63.5833 48.8494
-0.921781 0.167406 4.00386 83.3973 75.2424 59.0101
-0.918928 0.241905 3.99907 79.655 69.4952 55.2268
-0.920749 0.314186 3.99204 69.4764 60.4618 43.5745
-0.954614 0.355804 3.97865 57.9 46.6 38.4
-0.91313 0.481348 3.98329 67.0845 56.2606 37.5
-0.919152 0.539852 3.98424 88.2467 76.9342 63.0296
-0.917961 0.630259 3.58432 117.184 98.9757 86.8981
-0.873307 0.624254 3.69183 89.75 76.5 71.75
-0.918063 0.610074 3.91477 88.9615 76.0288 62.8558
-0.948667 0.578118 3.97111 94.96 82.12 71.68
-0.92018 0.687673 3.57563 146.324 124.881 106.427
-0.929532 0.651242 3.92153 89.8333 75.3333 62.1667
-0.920689 0.761491 3.57107 151.174 126.534 111.42
-0.919967 0.83556 3.56859 153.066 129.638 116.399
-0.919105 0.909766 3.5648 157.669 132.083 116.938
-0.919045 0.984392 3.56294 160.837 134.451 119.315
-0.921024 1.05751 3.55737 165.503 135.986 124.041
-0.918769 1.13221 3.56137 168.976 139.238 126.931
-0.920566 1.2084 3.55904 174.378 141.874 127.95
-0.918969 1.2828 3.55888 178.18 144.195 129.708
-0.915438 1.35365 3.54843 181.635 147.066 132.658
-0.93285 1.40247 3.55893 182.19 148.086 135.5
-0.913814 1.59393 3.93369 198.865 159.135 149.385
-0.812703 -1.21651 3.41954 53 40.125 21.875
-0.823032 -1.16619 3.50815 38.1149 28.908 15.023
-0.801751 -1.1701 3.52938 23.8333 16.8333 11.5
-0.751091 -1.06482 3.3726 80.6977 63.5116 48.3953
-0.803137 -1.08946 3.41907 76.3579 60.3474 43.5053
-0.77305 -1.01993 3.36904 82.3213 64.1491 46.2519
-0.745654 -1.05134 3.38521 81.625 64.625 49.5
-0.770868 -0.946204 3.36287 84.1375 66.0956 49.3706
-0.770059 -0.871895 3.35993 86.683 68.6093 50.0098
-0.770034 -0.798392 3.35725 85.3794 69.6557 54.4731
-0.772399 -0.723073 3.3487 85.7667 68.4595 49.7286
-0.772252 -0.649404 3.3481 90.171 74.6105 57.2423
-0.771204 -0.574953 3.34123 90.3953 76.7674 58.4791
-0.7694 -0.500735 3.33741 88.8592 74.5822 54.5751
-0.771821 -0.426051 3.33307 93.1041 80.7724 64.5375
-0.770503 -0.352583 3.32916 93.1435 82.1576 65.4729
-0.772943 -0.278195 3.31945 83.714 68.7368 55.9382
-0.707336 -0.245792 4.04514 165.75 121.75 60
-0.767352 -0.220952 3.30427 101.481 68.634 43.6213
-0.760682 -0.18638 3.39946 96.2258 72.6452 53.129
-0.75421 -0.201307 3.95267 99.2561 73.8902 43.7805
-0.719273 -0.204977 4.0178 116.887 91.0722 58.2062
-0.760379 -0.129898 3.40249 115.926 95.2316 74.0632
-0.75597 -0.150344 3.95189 108.136 81.4545 46.7273
-0.729273 -0.127113 3.9988 109.02 87.9868 57.375
-0.765651 -0.088875 3.41612 108.444 92 74.8889
-0.753914 -0.0530737 3.9484 90.4568 70.7284 46.0494
-0.743162 -0.0516381 4.00137 86.8099 71.6901 51.1338
-0.751957 0.0197901 3.94086 92.6923 70.7912 45.3187
-0.762346 0.0186558 4.00021 85.5573 68.4427 46.6146
-0.749788 0.0657051 3.95235 95.5 74.25 46.6667
-0.769911 0.0941025 3.99817 93.8185 76.2409 49.8581
-0.770396 0.166946 4.00314 99.5333 90.7833 62.7567
-0.770194 0.241588 3.99916 96.8735 84.7377 60.7006
-0.771352 0.313127 3.98876 88.5871 74.8788 56.9545
-0.771108 0.378522 3.95482 59.25 49 37.25
-0.768929 0.365691 3.97718 76.4643 60.1786 48.8571
-0.789388 0.471985 3.98139 76.2155 62.9779 40.8674
-0.722134 0.572859 3.94009 90.375 81.8125 65.375
-0.775862 0.540172 3.98346 87.8384 75.7643 55.4983
-0.773261 0.629994 3.58391 126.945 111.388 95.8356
-0.804403 0.625719 3.73762 86.1667 76.1667 71.1667
-0.775004 0.608952 3.91686 90.4968 78.1903 64.7129
-0.773384 0.687583 3.57702 152.37 131.322 116.011
-0.818939 0.651832 3.93032 94 78 65
-0.770341 0.761092 3.57439 155.853 134.152 120.307
-0.76962 0.834434 3.56558 160.044 137.472 122.108
-0.773331 0.911237 3.56737 164.61 139.23 128.097
-0.76954 0.984421 3.56488 170.011 141.868 127.887
-0.770482 1.05794 3.56229 174.472 144.606 128.156
-0.775153 1.13257 3.55805 180.479 147.808 133.122
-0.769381 1.20521 3.55007 185.374 152.152 137.757
-0.772051 1.27903 3.55711 193.893 155.33 140.696
-0.771911 1.35227 3.55959 198.868 158.849 149.043
-0.750882 1.4021 3.57379 206.676 163.216 152.351
-0.703436 1.47685 3.64041 221.1 173.7 153.9
-0.827077 1.58908 3.93234 210.439 167.61 153.122
-0.634951 -1.06692 3.37358 82.663 66.4674 42.8696
-0.62461 -1.02105 3.37424 86.6244 68.8216 48.6291
-0.623361 -0.946711 3.36657 89.0745 70.4242 53.2262
-0.62324 -0.873129 3.36014 89.8244 71.9602 53.2506
-0.621205 -0.798542 3.3586 89.3699 73.494 55.0955
-0.624516 -0.723366 3.34991 84.9313 69.2512 56.1019
-0.622379 -0.649434 3.34427 93.463 78.1862 60.3341
-0.623754 -0.575264 3.34323 93.42 78.6798 61.6264
-0.622021 -0.501779 3.34036 87.9051 75.0097 58.4453
-0.623236 -0.427599 3.33203 97.3044 85.06 68.58
-0.622577 -0.352235 3.32916 93.9556 84.5644 68.1578
-0.623196 -0.278695 3.31972 85.304 72.5653 54.6746
-0.62462 -0.226189 3.30978 105.842 68.8265 44.8622
-0.55178 -0.210155 3.95647 124 80 51
-0.674032 -0.197097 4.03759 127.765 99.4321 66.6049
-0.625954 -0.128061 4.0219 112.627 92.5898 61.3864
-0.623605 -0.0546105 4.01527 101.753 89.8576 58.1736
-0.623121 0.0173387 4.01102 99.8576 89.1146 57.3715
-0.622622 0.0921302 4.00666 111.295 99.3045 69.3045
-0.622399 0.166855 4.00367 108.719 97.75 64.9097
-0.622496 0.241642 4.00085 103.581 91.7668 64.9872
-0.558705 0.346985 3.6861 84.4444 58.6667 42.8889
-0.626291 0.308023 3.99378 94.4487 82.8504 63.0983
-0.571018 0.38639 3.68105 85.8333 66.8958 50.3854
-0.562256 0.438521 3.68582 100.444 79.1667 61.3333
-0.59996 0.564143 3.91864 66.3793 62.2644 53.6667
-0.656894 0.553131 3.96733 67.8485 57.0152 44.8485
-0.620927 0.62611 3.58289 131.498 118.803 100.774
-0.625642 0.606232 3.90255 86.4043 77.6354 66.7004
-0.622982 0.686922 3.57785 156.207 137.813 117.756
-0.62159 0.762025 3.57419 162.269 138.799 124.712
-0.624756 0.836066 3.57016 165.318 142.753 127.714
-0.622179 0.910881 3.57458 172.235 145.672 131.288
-0.621255 0.984232 3.56314 178.927 149.529 134.352
-0.623648 1.05895 3.56239 184.086 154.302 136.712
-0.625051 1.13271 3.55865 191.13 158.045 142.13
-0.622596 1.20798 3.55761 200.35 162.187 146.539
-0.620352 1.28167 3.55483 208.228 168.562 155.147
-0.627393 1.35477 3.55104 218.44 172.639 159.382
-0.62264 1.42625 3.59421 227.814 181.057 170.887
-0.630832 1.4776 3.64548 239.962 191.262 182.55
-0.562591 1.58684 3.93532 244.433 211.067 199.567
-0.46289 -1.0695 3.37294 83.8142 66.0266 46.9469
-0.473384 -1.02071 3.37058 86.5114 69.4909 50.9205
-0.473602 -0.946398 3.3681 88.5853 72.41 54.3341
-0.475256 -0.872102 3.35839 91.0769 73.8164 53.5136
-0.47375 -0.798095 3.35541 90.2887 75.6397 57.806
-0.474865 -0.724167 3.35272 86.6763 73.843 56.7464
-0.474643 -0.649303 3.3451 91.9511 81.1889 67.1
-0.474078 -0.575768 3.34223 92.8738 82.6714 64.7357
-0.472869 -0.501829 3.33513 89.5267 78.9378 60.3067
-0.472454 -0.42627 3.33049 96.5089 87.3839 66.2991
-0.474331 -0.351074 3.32869 94.5379 87.108 68.0368
-0.474112 -0.277763 3.3185 84.1985 72.7676 53.8039
-0.432588 -0.243848 4.03492 140 100 52
-0.472801 -0.226265 3.30382 109.596 80.5319 42.5851
-0.511049 -0.186103 3.3971 141.541 110.189 77.4054
-0.492802 -0.191184 3.9552 103.074 76.5735 43.8529
-0.463926 -0.198881 3.99538 112.968 88.9742 54.871
-0.512846 -0.160582 3.39191 131.8 98.2 62.3
-0.448322 -0.149333 3.95346 103.762 85.9762 54.4762
-0.477219 -0.125294 4.0032 103.201 86.8269 59.1837
-0.475768 -0.0542564 4.01462 101.153 91.2667 64.6033
-0.474931 0.0175385 4.00657 88.7233 78.6467 57.5867
-0.475096 0.0921967 4.00624 97.6308 88.1292 66.7723
-0.474929 0.166766 4.00309 104.34 95.4167 71.71
-0.474711 0.241216 3.99915 100.529 90.4031 73.5108
-0.545752 0.350961 3.70266 86 61 44
-0.473747 0.314863 3.98634 91.2168 79.3042 61.3252
-0.51512 0.386285 3.71729 90.5615 68.8846 51.1538
-0.464584 0.378912 3.90404 81.3125 65.625 50.4062
-0.432868 0.383178 3.9797 81.053 67.7576 52.4545
-0.522682 0.445854 3.70691 97.7353 76.2353 58.6765
-0.428989 0.468852 3.98257 80.7636 73.4545 57.4545
-0.456458 0.565877 3.92254 91.5625 82.875 70.625
-0.466863 0.534895 3.97671 90.7991 83.0822 71.7717
-0.473637 0.624184 3.5864 139.586 125.739 105.962
-0.49618 0.606905 3.69597 92.75 82.625 71.5
-0.477797 0.604756 3.89231 89.4356 81.1894 72.5076
-0.472237 0.687516 3.58029 159.625 143.687 125.519
-0.474246 0.762613 3.57713 165.995 146.451 129.832
-0.47511 0.836238 3.5732 173.955 149.945 131.042
-0.47518 0.911496 3.5707 180.111 154.563 137.742
-0.472168 0.983995 3.56213 186.35 158.864 143.125
-0.473196 1.05924 3.56583 196.503 162.992 149.037
-0.474353 1.13257 3.55882 204.856 170.083 155.738
-0.473711 1.20764 3.56039 216.791 175.522 163.674
-0.477498 1.28095 3.55487 228.32 184.453 168.154
-0.475592 1.35242 3.5552 239.483 192.144 178.141
-0.460687 1.40122 3.57786 243.921 202.105 187.737
-0.473273 1.58841 3.94038 243.685 233.524 213.175
-0.347763 -1.22072 3.35306 87.4444 64.7222 34.3333
-0.306724 -1.21826 3.44912 54.8073 37.1651 18.7706
-0.304439 -1.16719 3.47915 59.5777 43.6791 29.1182
-0.325261 -1.0698 3.37995 86.7099 69.7023 48.2137
-0.32737 -1.10625 3.44132 86.0795 66.7159 44.2386
-0.324801 -1.02029 3.37637 87.3045 71.047 53.1262
-0.32354 -0.946292 3.37093 89.1722 74.1962 55.4282
-0.325752 -0.872184 3.36299 91.9571 75.2595 55.3667
-0.326323 -0.799662 3.35707 90.8273 78.3237 60.8034
-0.325936 -0.72487 3.35323 90.8813 80.5708 58.9749
-0.327426 -0.648823 3.34662 92.1265 81.7541 62.555
-0.324927 -0.575191 3.34263 92.3116 83.9034 67.5314
-0.325412 -0.500971 3.33772 93.8621 85.5425 68.0782
-0.325717 -0.425412 3.33283 96.265 87.2788 64.9793
-0.328027 -0.351772 3.33132 93.9658 87.4897 70.3531
-0.324417 -0.278189 3.31579 86.2051 74.9171 55.9677
-0.324885 -0.227427 3.30131 116.61 85.7988 47.3293
-0.330228 -0.19688 4.02662 126.798 101.412 72.3824
-0.326704 -0.1292 4.01947 126.498 112.698 86.3925
-0.324577 -0.0543628 4.01126 102.717 93.5066 69.5362
-0.325684 0.0177998 4.0135 99.75 89.0833 68.2733
-0.325398 0.0923376 4.00762 106.083 94.7077 72.6862
-0.325189 0.16675 4.00302 104.55 93.48 72.86
-0.324676 0.240819 3.99477 95.9877 89.6892 69.08
-0.289736 0.342934 3.73141 102 88.0625 72.125
-0.35427 0.331446 3.9165 90.4937 81.6456 63.038
-0.32217 0.307015 3.97917 89.4115 82.8628 61.823
-0.26136 0.382901 3.70496 125.167 118.667 102.595
-0.318988 0.35524 3.91991 100 86.6667 70.6667
-0.39159 0.408186 3.99337 68.4118 62.4118 49.0588
-0.257089 0.447735 3.70727 133.625 129 110.375
-0.269719 0.499759 3.91968 137.5 136 117.5
-0.38656 0.471271 3.98369 77.6111 71.8056 63.7222
-0.31862 0.564495 3.93209 101.25 95.35 80.5
-0.330264 0.535411 3.97803 104.863 98.9615 84.4744
-0.322577 0.623575 3.57978 149.126 135.806 116.158
-0.396341 0.615177 3.72419 100.667 86.5 81.3333
-0.328187 0.606689 3.90759 93.9483 87.4391 75.5978
-0.326465 0.686937 3.58069 166.124 149.929 132.198
-0.324599 0.760821 3.57523 173.065 154.062 137.771
-0.325745 0.835737 3.56971 179.942 159.033 141.104
-0.32585 0.90844 3.56433 188.486 163.882 141.742
-0.325538 0.983945 3.56834 197.337 168.282 151.037
-0.326606 1.0596 3.56328 207.972 175.291 160.418
-0.326419 1.13118 3.55483 221.844 183.206 165.039
-0.32756 1.20732 3.55892 236.344 192.092 175.295
-0.328189 1.27982 3.55256 243.963 202.48 184.646
-0.324063 1.35506 3.55904 244.386 217.646 200.114
-0.338476 1.39619 3.56745 243.857 226.5 208.357
-0.324522 1.58499 3.937 242.431 248.917 235.486
-0.374593 1.58367 3.96065 244 245.714 215.286
-0.133137 -1.31826 3.35192 120.484 90.1613 56.9032
-0.107979 -1.27584 3.27959 118.5 88.5 46.5
-0.183914 -1.22764 3.47275 54.4837 37.913 17.625
-0.182231 -1.16133 3.48715 64.717 51.9774 35.7472
-0.182778 -1.0689 3.37831 87.7606 71.3944 50.507
-0.175483 -1.09776 3.42511 83.9277 68.1928 55.3373
-0.175337 -1.01947 3.37709 89.6208 73.1403 51.3688
-0.184824 -1.03963 3.38709 89.8621 72.2759 46.6552
-0.178828 -0.946055 3.37248 90 76.6722 56.2464
-0.177815 -0.871853 3.36593 91.758 77.7333 59.6691
-0.176855 -0.798196 3.359 93.9761 79.852 60.6062
-0.177596 -0.72357 3.35274 93.7227 82.7591 60.6136
-0.17899 -0.649494 3.34831 94.8913 83.8203 63.461
-0.177917 -0.575276 3.34072 95.6846 85.4273 67.0045
-0.178005 -0.499557 3.3353 97.2689 87.7533 69.5756
-0.178221 -0.425544 3.33452 98.3881 90.0205 70.089
-0.177716 -0.353079 3.33139 97.5 90.2454 72.0926
-0.177082 -0.278564 3.31359 89.1622 79.1978 59.3933
-0.128633 -0.2457 4.03567 176.833 140.083 85.5833
-0.173506 -0.227715 3.30092 127.302 95.1678 56.9262
-0.171565 -0.19952 4.02225 143.789 119.257 85.1962
-0.176084 -0.131251 4.01818 144.033 128.803 97.9267
-0.176055 -0.0565469 4.01471 107.846 99.48 72.2585
-0.176088 0.0180232 4.01155 100.333 88.1333 64.8267
-0.175694 0.0922778 3.99855 108.649 98.92 70.0185
-0.176319 0.167197 3.99708 106.364 98.0229 73.541
-0.175032 0.241082 3.99059 103.847 98.15 79.2094
-0.23768 0.338256 3.70837 114.516 101.968 82.3871
-0.212449 0.3237 3.9529 88.375 85.375 61.625
-0.167314 0.307264 3.98177 92.7045 86.8636 63.1818
-0.236767 0.39092 3.70594 128.479 116.211 107.746
-0.1245 0.391688 3.98499 81.5326 81.8587 61.7174
-0.242622 0.444764 3.70316 131.406 124.312 112.281
-0.132229 0.469163 3.98573 97.1395 92.814 77.8837
-0.179066 0.565442 3.91859 107.587 99.7308 85.3269
-0.175796 0.533291 3.97817 116.832 108.124 93.776
-0.179205 0.621851 3.57952 153.189 142.595 122.483
-0.175673 0.604139 3.91219 101.52 95.5023 86.8326
-0.175043 0.687374 3.58034 170.711 156.958 136.315
-0.178819 0.760363 3.57576 178.739 161.044 141.979
-0.178287 0.834285 3.56958 186.693 167.199 146.904
-0.176678 0.90874 3.56485 196.16 172.473 154.829
-0.178135 0.983016 3.56214 208.938 177.925 162.316
-0.175701 1.05786 3.55803 220.924 186.914 166.975
-0.17752 1.13182 3.5528 235.01 196.389 177.829
-0.17841 1.20693 3.55502 243.536 207.771 191.424
-0.180337 1.28038 3.55383 243.865 227.77 205.429
-0.180412 1.34903 3.55595 242.956 244.257 225.755
-0.176628 1.58018 3.93726 242 250 241
-0.0233251 -1.32537 3.33856 124.257 91.2514 58.1829
-0.0914363 -1.27252 3.28195 115.368 86.3158 49.7368
-0.0332933 -1.22887 3.46323 58.3991 42.2632 23.3202
-0.0238283 -1.16481 3.48743 64.6945 50.7299 34.2669
-0.0893647 -1.07108 3.3831 89 71.76 52.6
-0.0227605 -1.08886 3.41108 89.6408 70.4078 49.0243
-0.0729824 -1.01324 3.38209 89.1692 74.0769 57.1462
-0.0117449 -1.02588 3.38711 90.5395 74.4055 55.1065
-0.0296323 -0.946313 3.37647 92.2531 77.2334 57.317
-0.0276877 -0.873873 3.3717 92.3382 79.701 59.9926
-0.0504038 -0.857998 3.3856 90.8333 80.4583 60.25
-0.028409 -0.79822 3.3621 94.431 82.4571 60.4452
-0.0280592 -0.724077 3.35487 95.9431 84.2415 61.7289
-0.0289989 -0.649574 3.34748 95.5452 85.4965 68.529
-0.0287077 -0.574537 3.3404 97.6689 87.6733 70.5356
-0.0300982 -0.500358 3.33648 97.3519 90.0278 69.6366
-0.0277529 -0.427724 3.33344 98.8059 92.589 72.2032
-0.0290904 -0.353569 3.32858 97.4778 93.5467 73.9867
-0.0290347 -0.27745 3.30754 91 79.9333 62.7067
-0.0360978 -0.228728 3.30056 135.326 101.833 60.5379
-0.0334935 -0.19951 4.0259 142.599 123.078 93.3541
-0.0277083 -0.130623 4.02033 145.598 132.757 104.791
-0.0268177 -0.0561799 4.01063 120.197 106.071 81.1262
-0.0268382 0.0182141 3.99225 123.793 101.59 66.6267
-0.0270388 0.0925279 4.00022 117.815 105.538 75.7846
-0.0270936 0.16666 3.99679 112.06 100.183 74.9367
-0.0272043 0.240644 3.99117 104.046 92.7292 70.2892
0.0106426 0.330529 3.94196 97.4545 90.3333 76.2727
-0.0266525 0.308116 3.98504 89.823 81.2788 64.2522
-0.0370694 0.394442 3.895 87.6809 85.2553 69.3511
-0.00710493 0.391147 3.98806 93.6031 88.9313 72.916
-0.0255034 0.431836 3.94471 94.5714 92.8571 76.4286
-0.0298361 0.467229 3.98175 105.394 102.516 86.7491
-0.0297737 0.564266 3.92036 113.063 106.579 90.8175
-0.0271828 0.529742 3.9786 121 116.912 99.8661
-0.0281334 0.619123 3.58322 162.105 151.892 131.395
-0.0285702 0.604013 3.91072 111.658 104.026 89.6538
-0.0290758 0.686526 3.57952 179.499 164.704 146.045
-0.0262888 0.761225 3.57111 188.276 170.003 153.124
-0.0291598 0.835117 3.57048 197.62 177.096 156.594
-0.0278931 0.908447 3.56517 209.386 183.231 165.283
-0.0275573 0.984903 3.56449 224.109 191.078 175.397
-0.0286285 1.0593 3.56239 237.466 201.916 184.257
-0.0276913 1.13181 3.55617 244.375 214.556 197.68
-0.0284374 1.20676 3.55531 244.097 235.112 213.143
-0.0268993 1.28145 3.55415 242.708 249.164 233.141
-0.0299908 1.35122 3.55519 242.015 250.006 240.886
-0.0251099 1.57874 3.93523 242 250 241
0.0573675 -1.34371 3.33397 126.294 93.2941 72.8824
0.103928 -1.23737 3.36977 94.75 68.5 39.25
0.124277 -1.22654 3.4541 56.5107 39.7607 18.65
0.116612 -1.17117 3.48772 62.7994 47.8593 29.9281
0.105672 -1.069 3.37993 90.1574 73.1019 49.0463
0.126664 -1.10088 3.42077 86.0671 70.3557 49.5101
0.13666 -1.02433 3.37435 91.7195 74.495 51.7657
0.0775036 -1.01087 3.38698 91.1783 76.1938 49.8837
0.117738 -0.947533 3.37521 91.6978 78.2899 59.2899
0.134769 -0.930589 3.38451 93.2143 78.1429 61.4286
0.119812 -0.871804 3.36637 95.9141 79.4344 58.864
0.120342 -0.79707 3.35818 94.5956 82.1525 65.2881
0.120222 -0.722399 3.35069 95.7052 85.2288 65.5212
0.117484 -0.649007 3.34806 98.8417 85.6307 69.3213
0.120488 -0.574046 3.34185 98.8976 88.8062 70.7751
0.120192 -0.501064 3.34001 100.894 91.5697 71.7967
0.119855 -0.427746 3.33207 101.394 94.5481 75.1834
0.11926 -0.352721 3.32543 100.184 94.9622 76.7889
0.118456 -0.277151 3.30926 93.6556 81.7356 64.6867
0.116849 -0.247015 4.03218 183.333 145.958 94.375
0.123108 -0.231263 3.30155 131.606 100.485 66.9899
0.116223 -0.20194 4.02476 140.867 119.812 89.9454
0.118412 -0.13086 4.01798 116.5 104.729 74.8288
0.121523 -0.0556904 3.99764 98.1508 86.3292 64
0.120501 0.0182302 3.99796 103.733 92.7635 72.5034
0.120954 0.0931141 4.00434 119.994 110.019 87.9503
0.121415 0.167074 4.00155 127.08 116.087 88.01
0.121228 0.241203 3.99788 116.797 105.185 82.1631
0.133502 0.331733 3.92748 111.989 100.914 83.2903
0.121831 0.299757 3.99323 108.349 95.071 74.3728
0.112999 0.407335 3.77883 117.174 108.174 91.7391
0.131006 0.396441 3.88027 117.856 108.385 90.3654
0.116612 0.381289 4.00087 113.367 104.217 86.5167
0.11346 0.437837 3.79223 123.875 115.031 102.219
0.126688 0.456529 3.88209 128.248 121.062 100.159
0.110139 0.48574 3.97572 127.538 119.667 97.4872
0.122321 0.562175 3.91658 120.173 111.398 96.3759
0.118533 0.528105 3.98089 126.607 118.269 101.932
0.118363 0.620095 3.57716 173.484 159.971 136.29
0.115587 0.599134 3.90596 119.122 111.543 96
0.119148 0.687226 3.57549 189.127 169.511 148.506
0.119291 0.760962 3.5715 195.513 175.178 155.608
0.121931 0.835117 3.57153 205.579 183.035 161.392
0.118677 0.908273 3.5683 218.91 190.393 169.873
0.122457 0.984808 3.56407 234.303 201.14 181.256
0.118133 1.05839 3.5592 244.293 213.019 197.403
0.120518 1.13177 3.55674 244.137 234.866 212.925
0.121844 1.2066 3.5546 242.617 249.17 235.509
0.118619 1.2796 3.55451 242 249.997 240.992
0.116438 1.34841 3.55303 242 250 241
0.1286 1.57722 3.93702 242 250 241
0.201661 -1.22283 3.42139 60.96 43.52 26.96
0.225143 -1.15921 3.48314 57.0921 45.6974 31.3947
0.272602 -1.07545 3.37287 86.931 70.7759 48.3851
0.251216 -1.1024 3.40813 84.717 67.7924 42.8491
0.266162 -1.02168 3.3699 88.6481 73.4879 52.4053
0.267544 -0.946229 3.3646 91.4282 76.412 55.4954
0.2674 -0.871974 3.3606 94.2311 76.6887 58.5118
0.266753 -0.797876 3.3549 94.6735 79.3813 63.2352
0.266329 -0.723114 3.34865 93.3402 81.7954 63.108
0.307579 -0.632935 1.61208 70.5385 42.6205 16.3077
0.336672 -0.63456 1.70369 77.875 49.75 19.0833
0.266679 -0.649386 3.34761 100.54 88.8014 66.5147
0.296205 -0.577333 1.60079 59.7895 38.0693 17.1662
0.332259 -0.567211 1.75907 71.8247 47.4845 28.6392
0.267472 -0.57456 3.34142 99.0492 89.192 68.9274
0.281022 -0.503442 1.59314 64.0692 42.0657 24.3841
0.326315 -0.502753 1.78295 81.8393 54.0833 33.631
0.323879 -0.467099 1.80788 97.4444 62.1667 46.3889
0.268966 -0.500583 3.33777 99.8996 90.3393 75.2411
0.265817 -0.43336 1.54609 74.9811 52.8742 34.0943
0.306841 -0.429656 1.74943 143.16 103.737 64.3041
0.332979 -0.436178 1.82238 133.362 93.1489 65.7872
0.269189 -0.426433 3.33146 105.298 95.7431 79.3394
0.267717 -0.352517 3.3267 104.047 96.8156 79.4133
0.267209 -0.276782 3.31193 95.2807 81.4079 60.9254
0.338639 -0.244021 3.91584 109.333 99 82
0.327342 -0.248487 4.00266 110.75 100.375 83.375
0.250676 -0.2319 3.30486 140.253 113.418 76.3671
0.340031 -0.234559 3.88769 115 101.333 79.3333
0.287532 -0.194513 4.02644 139.613 119.277 88.4277
0.265395 -0.130146 4.01491 104.577 93.8733 71.09
0.268822 -0.0551633 3.99313 99.5314 90.1289 72.0723
0.268637 0.0192825 3.98003 103.051 92.5912 68.3919
0.26848 0.0925194 3.98941 105.265 97.4329 75.2165
0.26921 0.166873 3.99035 112.233 102.827 80.4267
0.269296 0.24109 3.99162 106.677 94.6954 75.8246
0.336509 0.323945 3.81155 132.5 94.5 81
0.269718 0.334888 3.91573 111.935 91.8043 80.2609
0.259304 0.308503 3.98517 107.197 95.3857 75.852
0.251174 0.38851 3.90268 105.745 96.6226 84.717
0.266447 0.392092 3.98604 101.624 94.5235 81.1529
0.210262 0.442079 3.92427 114.05 109.2 92.15
0.276373 0.466095 3.98593 117.411 112.211 98.2566
0.269362 0.573857 3.57797 128.2 118.2 99.6
0.265442 0.559164 3.91832 125.435 115.56 102.958
0.26988 0.524129 3.9825 129.142 119.731 106.637
0.26722 0.616061 3.57855 174.143 159.014 142.424
0.269713 0.599654 3.90819 124.162 115.96 102.712
0.265891 0.687943 3.57457 192.354 173.815 152.349
0.265978 0.761591 3.57254 200.016 180.674 160.539
0.26749 0.835597 3.56752 213.395 188.821 167.155
0.266921 0.90997 3.56701 225.698 197.333 178.561
0.263042 0.983878 3.56651 240.011 207.042 186.602
0.27067 1.05785 3.56372 244.439 221.492 203.426
0.267234 1.13176 3.55272 243.915 242.843 219.561
0.267454 1.20641 3.55066 242.13 249.837 239.745
0.268724 1.28088 3.55476 241.995 249.995 240.995
0.267395 1.34816 3.563 242 250 241
0.250571 1.57128 3.93425 242 250 241
0.419931 -1.07482 3.371 90.8607 69.6517 43.9602
0.350333 -1.09527 3.39263 91.6667 64.3333 48.6667
0.413997 -1.02003 3.366 91.4941 73.5556 52.1395
0.414466 -0.946527 3.35799 94.8786 75.719 55.75
0.416988 -0.872657 3.35671 95.2488 78.4493 57.9009
0.416754 -0.798335 3.3549 95.3411 80.6195 60.0812
0.373793 -0.703445 1.78273 85.6569 57.2059 25.1176
0.425173 -0.714756 1.84943 76.3116 44.414 18.3953
0.416162 -0.72379 3.34726 94.8188 81.3005 62.6995
0.360973 -0.649888 1.78068 69.3815 43.3655 14.2329
0.414672 -0.650987 1.85689 65.0116 38.3861 16.9439
0.415035 -0.648857 3.34352 105.569 90.8822 71.2356
0.348631 -0.582587 1.79159 71.2097 46.4758 27.6694
0.40742 -0.5793 1.87067 78.4685 50.7028 30.9219
0.415046 -0.575906 3.34118 101.856 88.701 70.8804
0.343482 -0.532464 1.80295 84.5 52.5 34.625
0.402834 -0.502878 1.88736 77.8419 53.457 32.4467
0.416767 -0.502016 3.33407 103.993 92.1361 75.7642
0.395282 -0.432332 1.88455 131.528 91.8409 57.3309
0.416623 -0.427253 3.33208 109.083 99.1502 82.2309
0.416007 -0.352173 3.32512 108.556 97.8556 82.0911
0.416343 -0.276953 3.31127 98.0576 80.7095 62.2239
0.447673 -0.244856 3.81067 105.333 96.1667 79.4167
0.344471 -0.24402 3.91597 108.667 97.3333 78.6667
0.402844 -0.235553 3.30055 146.394 112.152 80.3939
0.429424 -0.232415 3.81206 106.122 98.527 78.3919
0.434778 -0.207492 3.87265 132.892 112.408 61.8
0.395203 -0.193157 4.01365 132.75 114.904 76.383
0.414833 -0.129928 4.01739 97.73 85.3267 56.21
0.415376 -0.0561268 4.01225 93.2244 83.7063 57.2871
0.478489 0.0483651 3.95379 112 97.1667 80.3333
0.415437 0.0188384 4.00318 101.792 90.2579 67.371
0.477454 0.0796248 3.93653 114.488 106.279 87.0698
0.408345 0.0942767 3.9985 107.507 99.8407 81.0148
0.414144 0.168866 3.9954 104.573 99.4695 80.9785
0.418254 0.241731 3.99702 103.572 97.5477 80.5354
0.365376 0.327485 3.80946 128.014 98.338 83.3803
0.433173 0.321239 3.92063 103.848 92.25 76.9022
0.419641 0.293603 3.98708 96.4324 90.7297 72.1622
0.37163 0.395594 3.8101 130.282 116.974 102.821
0.391787 0.380732 3.84953 113.911 102.309 87.1138
0.450096 0.39906 3.9843 106.952 95.4286 79.0952
0.381644 0.428754 3.80793 136.667 130.333 105.333
0.378881 0.444474 3.86817 136.292 133.208 109.333
0.426719 0.470049 3.98312 120.294 113.162 101.14
0.418417 0.558703 3.91545 125.041 117.271 103.482
0.414097 0.523586 3.9759 127.16 121.665 107.684
0.41291 0.616477 3.57774 182.455 166.135 145.982
0.417122 0.597863 3.90697 127.119 116.633 106.102
0.416807 0.686107 3.5803 198.918 177.438 156.847
0.415541 0.76104 3.57746 208.702 185.084 163.222
0.414792 0.83491 3.56919 223.065 192.827 170.647
0.415103 0.908584 3.56808 237.266 201.693 181.01
0.415086 0.982815 3.56155 244.428 213.639 196.092
0.412803 1.05855 3.55931 244.332 233.457 209.793
0.416624 1.13053 3.55801 243.12 249.235 231.092
0.415529 1.20568 3.55745 241.995 249.995 240.995
0.413986 1.28017 3.55435 242 250 241
0.412889 1.34283 3.55059 242 250 241
0.459332 1.5766 3.94666 242 250 241
0.523378 -1.07571 3.36572 90.5 69.7889 43.0667
0.522399 -1.02418 3.36029 89.113 71.983 48.7062
0.515 -0.94888 3.35177 91.1813 74.3688 50.7375
0.518559 -0.874564 3.35235 101.936 79.7518 62.922
0.612969 -0.778265 1.98189 79.4977 45.6465 15.307
0.515179 -0.794053 3.35124 100.04 81.1774 61.5242
0.616719 -0.724716 1.99027 72.9678 39.8498 11.6116
0.551743 -0.720598 3.35302 97.5257 81.1257 60.8171
0.625429 -0.614939 1.58424 84.125 46.375 19.75
0.626455 -0.615619 1.72495 76.3478 37.3043 22.7391
0.633379 -0.619642 1.89482 77.1154 44 11.2308
0.618481 -0.648754 1.97417 79.4476 42.4843 14.945
0.565551 -0.648552 3.34472 105.62 90.0652 72.9865
0.60025 -0.540936 1.36887 74.7143 41.2857 7.85714
0.619458 -0.570455 1.46989 75.4062 41.5536 7.46429
0.62563 -0.58736 1.59189 80.6 42.2523 12.6757
0.624486 -0.582564 1.7306 82.2878 43.0336 16.3573
0.624421 -0.582184 1.87741 81.7582 45.6119 16.3881
0.612595 -0.581411 1.97301 86.3489 49.6583 23.5036
0.563624 -0.57554 3.34008 102.281 89.2667 68.2024
0.607418 -0.499606 1.31872 149.261 90.4859 46.4111
0.603755 -0.500717 1.44465 143.115 86.2077 42.6827
0.604837 -0.494468 1.58887 157.863 96.9741 55.1519
0.601761 -0.492792 1.73219 154.59 96.0774 53.3839
0.601005 -0.48846 1.87148 168.832 104.134 63.083
0.587613 -0.488656 1.97831 133.887 83.9362 50.7021
0.564769 -0.502663 3.3368 105.774 91.2908 75.7405
0.606884 -0.460968 1.93746 222 151.167 91.3333
0.565022 -0.427344 3.33328 110.192 98.6526 84.0022
0.565252 -0.352388 3.32824 108.962 98.54 81.5022
0.563821 -0.278098 3.31473 102.961 81.0278 63.0208
0.532204 -0.250128 3.80628 96 86.5 74.6667
0.567328 -0.248434 3.85813 97.9412 87.5294 73.8235
0.545108 -0.237472 3.31486 179.714 143.571 115
0.567139 -0.213576 3.8814 108.68 97.0103 75.3505
0.573054 -0.194534 4.00948 116.388 102.841 77.8471
0.565442 -0.120833 3.87511 113.974 99.9737 77.5658
0.562504 -0.13156 4.012 113.449 98.6028 75.729
0.554456 -0.08108 3.89918 116.364 106.455 79.7273
0.5626 -0.0523488 4.0079 107.467 95.677 75.7182
0.49029 0.0483939 3.95406 110.5 95 77.5
0.563549 0.0191782 3.99069 110.217 97.0724 74.2105
0.545986 0.0799172 3.94576 113 97.825 75.775
0.567798 0.0952527 3.98112 112.206 100.331 78.864
0.564057 0.167772 3.99534 110.084 99.6221 79.3043
0.566279 0.241813 3.99157 114.332 102.705 80.0492
0.534336 0.302829 3.7367 105.417 89.75 83.4167
0.507813 0.30259 3.9091 92.9062 86.7188 81.9375
0.574811 0.290458 3.98002 110.699 99.1205 80.8072
0.63404 0.410843 3.99376 114.071 100.571 94.9286
0.564767 0.466191 3.98539 136.215 123.627 111.566
0.569782 0.558388 3.91471 126.57 117.378 103.366
0.561184 0.523717 3.97737 134.899 125.01 109.643
0.565723 0.617025 3.58238 185.483 166.54 147.236
0.563318 0.594638 3.90093 126.376 118 106.477
0.564532 0.687134 3.57408 201.072 177.524 159.934
0.56301 0.760958 3.57311 213.323 184.564 166.942
0.565258 0.835666 3.57123 226.474 193.474 174.718
0.563982 0.910782 3.56508 239.662 204.395 182.436
0.564205 0.983963 3.55928 244.743 215.525 197.129
0.562059 1.05788 3.5583 244.232 237.268 214.76
0.565054 1.13276 3.56137 242.7 249.711 235.077
0.563255 1.2066 3.55925 242 250 241
0.566208 1.28119 3.55356 242 250 241
0.561997 1.34476 3.55491 242 250 241
0.559822 1.57078 3.93827 242 250 241
0.715422 -1.00298 3.36296 84.9375 71.1562 45.0625
0.72438 -0.944323 3.35674 91.6197 70.3099 46.7887
0.722409 -0.8695 3.35374 93.8917 74.5833 50.2583
0.661202 -0.77757 1.9775 52.9176 29.8824 5.18235
0.744412 -0.814308 3.3477 95.8028 72.6901 47.8592
0.662891 -0.722192 1.97338 56.2182 27.5132 5.80815
0.66868 -0.696382 3.35449 110.154 91.4359 68.4359
0.640768 -0.62685 1.79862 77 37 16
0.657217 -0.645972 1.90529 75.963 37.7037 11.2593
0.65715 -0.666402 1.96463 60.4142 30.0118 9.57396
0.711793 -0.648134 3.34257 107.472 89.9104 66.9269
0.713197 -0.575401 3.34215 103.197 88.2471 69.8764
0.712266 -0.492793 1.31351 182.39 113.441 56.5245
0.711113 -0.487502 1.4483 199.53 127.77 71.0451
0.707178 -0.484927 1.59201 201.613 128.632 75.3191
0.719113 -0.481394 1.73871 206.211 130.953 77.6868
0.70654 -0.478379 1.87089 227.779 145.526 92.1478
0.706556 -0.478429 1.98082 214.679 137.706 84.9955
0.712266 -0.501058 3.33384 105.553 90.7 75.3116
0.712965 -0.427974 3.33527 111.316 97.75 80.8795
0.71387 -0.352162 3.32887 109.547 97.5426 79.8004
0.713198 -0.282196 3.31476 103.41 82.374 62.2442
0.736951 -0.252653 3.79479 108.567 90.85 79.35
0.688312 -0.251374 3.92428 107.455 92.9091 85.6364
0.734833 -0.233383 3.79894 97.6842 87.8684 71.8421
0.696569 -0.198209 3.92063 96.0303 93.3273 68.4
0.729357 -0.204381 3.98203 83.1031 81.6495 58.7938
0.701916 -0.131417 3.8972 94.8715 97.4246 66.4358
0.704538 -0.123759 3.98729 109.207 101.959 76.3223
0.725371 -0.0544838 3.89082 103.55 96.0534 81.0382
0.688337 -0.0535475 4.00422 124.467 114.513 94.1385
0.721525 0.019692 4.00688 94.2773 87.5664 74.4844
0.714434 0.0943085 4.0041 87.9279 83.659 69.0459
0.713565 0.167829 4.00464 113.172 99.0269 74.8182
0.71269 0.242297 3.9979 106.731 91.2265 73.9676
0.711417 0.316485 3.99166 99.2444 85.8311 72.3689
0.706269 0.390319 3.98881 98.0372 91.3457 79.2193
0.71519 0.464116 3.98877 119.731 108.03 93.5246
0.711911 0.555761 3.91439 125.796 113.428 105.259
0.713744 0.520552 3.98033 132.143 120.857 109.794
0.712265 0.615497 3.58269 184.304 162.06 145.901
0.706969 0.595367 3.90558 129.063 115.852 104.324
0.715046 0.686578 3.57441 203.147 174.395 160.013
0.713765 0.760016 3.57406 213.015 183.105 163.159
0.712617 0.834297 3.56781 225.189 190.809 174.018
0.712268 0.908088 3.56419 237.09 200.015 182.485
0.713139 0.984712 3.56393 244.47 212.954 192.443
0.714069 1.05959 3.55798 244.314 235.91 211.302
0.713164 1.13496 3.56228 242.733 249.079 234.252
0.713742 1.2067 3.55116 242 249.973 240.925
0.712018 1.2803 3.54775 242 250 241
0.712157 1.34005 3.55088 242 250 241
0.739962 1.53671 3.93468 242 250 241
0.7104 1.57023 3.93892 242 250 241
0.878629 -1.18239 3.50466 57.2258 37.7742 15.0968
0.8703 -1.07864 3.37006 88.8493 65.1096 40.9361
0.897116 -1.11248 3.39443 86.125 62.1667 47.0833
0.863713 -1.02081 3.37049 89.9701 68.6095 46.7587
0.860578 -0.946384 3.36538 92.9805 70.2749 51.3504
0.861442 -0.872027 3.35852 94.2783 74.6698 53.0377
0.861182 -0.797287 3.35136 97.2616 75.6574 55.9144
0.867402 -0.723719 3.34831 96.6501 79.1462 56.7911
0.859218 -0.649356 3.33867 101.527 83.9649 62.8009
0.922675 -0.544946 1.6352 190.417 116.667 60.5
0.933925 -0.542434 1.67375 193.667 119 61.3333
0.860169 -0.576049 3.33764 102.034 85.9431 65.8041
0.849607 -0.495204 1.31727 186.466 113.164 54.2473
0.861907 -0.491287 1.43779 187.408 116.796 58.1773
0.85866 -0.492088 1.5902 189.348 118.863 60.8007
0.847841 -0.482661 1.71967 173.768 109.56 62.7947
0.868493 -0.481266 1.86725 212.072 133.303 75.8552
0.826712 -0.487005 1.99661 207.706 132.176 67.8824
0.860579 -0.501511 3.33365 105.368 87.8442 72.6095
0.837505 -0.462953 1.70869 196.333 128 76.8333
0.860862 -0.42684 3.33041 106.67 92.7462 74.8796
0.86163 -0.352669 3.33118 105.669 91.0907 76.1451
0.86186 -0.280997 3.31441 103.068 75.6835 59.0861
0.823106 -0.250725 3.76713 116.754 87.4154 62.7846
0.905339 -0.241029 3.30018 197 150 111
0.824133 -0.232917 3.78368 89 66.0645 49.7097
0.828329 -0.220299 3.90674 76.8485 56.8182 46.1212
0.81477 -0.192322 4.00198 86.3467 67.6267 55.56
0.815968 -0.133492 4.0111 95.5895 73.3158 59.7368
0.814176 -0.0508687 4.00473 106.386 82.4649 69.807
0.856252 0.0240178 4.00515 96.4247 82.2008 70.1042
0.860011 0.0921816 4.00462 85.2197 79.3148 63.8328
0.862053 0.166615 4.00513 97.4219 87.6875 68.9812
0.858837 0.241079 3.99866 113.521 91.6189 72.873
0.833182 0.323307 3.73757 125.606 107.718 94.7887
0.855538 0.293084 3.85342 100.222 77.7778 74.3333
0.86208 0.287197 3.99394 96.5181 79.3855 67.5542
0.834555 0.368898 3.73993 151 142.412 132.294
0.856154 0.477493 3.98121 130.246 114.344 103.41
0.870028 0.570628 3.58761 119.182 105.182 96.3182
0.86928 0.554211 3.91127 112.514 99.2991 95.9766
0.855981 0.521857 3.97768 117.124 105.316 98.4294
0.862544 0.612675 3.58095 182.464 157.674 142.267
0.858064 0.590065 3.89903 122.487 107.042 99.3445
0.861568 0.686058 3.57495 204.555 173.966 154.561
0.861857 0.760665 3.5724 213.853 181.942 162.782
0.860035 0.834946 3.56579 226.824 187.876 171.548
0.861354 0.908532 3.55787 237.992 196.191 177.817
0.861161 0.984939 3.56295 244.99 208.107 192.203
0.861085 1.05713 3.56061 244.522 228.811 205.583
0.862237 1.13251 3.56189 243.403 247.813 226.935
0.860421 1.20589 3.5572 241.995 249.995 240.995
0.860012 1.28072 3.55426 242 250 241
0.861547 1.34045 3.54846 242 250 241
0.830286 1.53602 3.93162 242 250 241
0.859794 1.57275 3.93835 242 250 241
0.876164 1.57718 3.95897 242 250 241
0.93752 -1.16509 3.50523 77 47 26
0.975547 -1.0739 3.37843 89.4658 67.3836 49.7534
0.952607 -1.0911 3.38939 88.5405 66.9189 44.027
0.970208 -1.0205 3.37583 91.5487 69.3949 51.8359
0.967664 -0.947367 3.36855 94.2362 71.4673 50.8894
0.959423 -0.876898 3.35013 97.7591 70.9124 53.0292
0.975528 -0.786819 3.35231 102 78.0312 57.875
1.00938 -0.72367 3.35058 101.94 79.6836 56.5358
1.00914 -0.650085 3.34646 104.279 81.6889 60.9101
0.946606 -0.545477 1.67958 196.054 118.649 62
1.0095 -0.576337 3.34249 105.124 85.1973 69.4518
0.940596 -0.498061 1.36767 201.65 118.05 56.9
0.967877 -0.490191 1.45676 198.448 122.319 69.4585
0.993577 -0.490659 1.59151 182.184 115.072 51.1916
0.983041 -0.489749 1.71456 173.324 110.048 54.158
0.971144 -0.488417 1.88278 200.876 129.992 70.9339
1.01607 -0.484179 1.97673 177.504 111.702 54.1221
1.01044 -0.50214 3.3358 106.882 89.2932 69.5614
0.971931 -0.427894 1.72374 152.34 106.413 66.8978
1.0805 -0.46341 1.86271 169 105 49
1.00904 -0.426505 3.32692 109.568 91.7376 76.1516
0.971796 -0.377868 1.7201 124.681 89.8159 54.5276
1.00798 -0.351741 3.32516 108.297 88.5322 73.2705
1.01042 -0.277832 3.3122 103.942 71.3218 58.3611
0.990437 -0.263882 3.89963 188.065 135.484 86.1613
0.989471 -0.254488 4.0182 135.118 97.5294 56.4706
1.04986 -0.221648 3.34362 181.265 137.776 99.2857
1.0535 -0.20887 3.42137 221.148 185.259 133.444
1.01263 -0.196642 4.01716 96.5571 76.6571 59.2
1.0284 -0.129793 4.0201 110.695 89.1059 69.7119
1.02675 -0.0577972 4.01727 102.351 84.1689 65.7244
1.01371 0.019315 4.00648 79.33 77.2761 68.5387
1.01173 0.0924361 4.00467 78.3468 72.2424 59.7374
1.0086 0.165941 3.99569 80.4809 70.1401 61.1497
1.00227 0.235277 3.98918 81.6132 69.9424 58.7037
0.949985 0.288337 3.9934 99.4545 78.4545 64.5
1.03056 0.370872 3.98695 74 60.5 51.3333
0.952005 0.456428 3.9571 201.333 174.5 148.833
1.01264 0.477915 3.97386 101.815 93.9728 82.712
1.03584 0.571713 3.58814 121.92 99.44 93.4
1.00563 0.549519 3.91454 107.09 95.125 87.6914
1.02498 0.516438 3.97388 104.868 92.0702 85.2018
1.01264 0.612586 3.58343 179.62 152.981 137.548
1.01755 0.593689 3.90192 116.161 100.661 91.5804
1.00964 0.686619 3.57879 199.233 167.562 150.29
1.00841 0.76083 3.57094 210.702 173.764 159.253
1.01008 0.836138 3.56725 220.614 181.616 164.494
1.00939 0.9094 3.56246 231.251 190.685 171.904
1.00951 0.983171 3.56342 242.537 200.506 184.686
1.01082 1.05691 3.5578 244.892 218.4 197.59
1.00883 1.1324 3.56324 244.296 240.792 215.966
1.00748 1.20637 3.56067 242.491 249.409 237.521
1.00989 1.28097 3.55248 241.984 249.984 240.984
1.00457 1.33903 3.55214 242 250 241
0.944959 1.5387 3.93273 242 250 241
0.982833 1.56876 3.94049 242 250 241
1.18966 -0.765643 3.35719 102.423 77.8846 60.5769
1.15769 -0.721205 3.34854 101.487 78.1031 55.1679
1.15924 -0.648098 3.34484 103.282 80.4479 62.4989
1.15775 -0.574956 3.34125 104.986 83.5154 65.3492
1.10116 -0.492756 1.64575 197.306 122.556 63.5
1.12644 -0.489552 1.73804 191.025 115.95 62.8571
1.1608 -0.491643 1.88511 185.222 116.694 57.4444
1.1444 -0.491405 1.95843 177.5 112 45.5
1.15775 -0.501986 3.33533 107.955 86.0334 70.0356
1.21282 -0.433371 2.40072 48.9697 32.9091 21.7273
1.15824 -0.426787 3.33359 110.497 89.4202 71.7506
1.15746 -0.351479 3.32424 107.156 84.7313 71.4758
1.15356 -0.277979 3.31629 122.129 90.6238 66.1529
1.10157 -0.245202 3.39519 120.7 73.7 52.3
1.12078 -0.220454 3.34856 208.566 176.204 129.814
1.15728 -0.198178 3.44859 230.585 212.568 150.466
1.12807 -0.171025 3.5346 187.75 153.75 111.25
1.16831 -0.190265 4.00678 94.1531 70.949 53.6735
1.15994 -0.129534 3.51577 200.401 156.484 124.22
1.12556 -0.129437 3.53278 187.769 147.359 110.231
1.15407 -0.125404 4.01051 107.175 82.4603 68.0476
1.15816 -0.0532791 3.51731 201.264 156.393 124.91
1.12353 -0.0609871 3.53518 170.721 134.14 104.953
1.1896 -0.0253828 3.79962 83 55.5 48
1.20273 -0.0332926 3.88092 83.3077 67.1538 60.7692
1.14949 -0.0550241 4.01562 99.5725 81.6374 70.3168
1.16731 -0.00484626 3.51981 204.646 163.877 123.477
1.16217 0.0182092 3.58086 158.136 123.061 94.8636
1.20792 -0.0115067 3.89545 71.6667 57.8333 53.6667
1.15664 0.0174257 4.00755 78.8476 75.546 65.8095
1.20301 0.0673763 3.64988 137.69 80 68.4828
1.15894 0.0928875 4.00421 73.1741 69.1809 62.727
1.15991 0.167064 4.00394 73.7981 70.0559 62.7174
1.15925 0.241745 4.00277 71.0592 67.1382 62.6809
1.10764 0.335953 3.72373 68.3929 64.0357 54.6071
1.18247 0.289759 3.99467 72.4783 64.1159 63.4348
1.10502 0.373569 3.69967 73.3 68.2333 58.7333
1.14794 0.471019 3.90027 89.3651 79.4921 74.8413
1.14785 0.479403 3.98231 90.3945 81.6514 75.5596
1.13483 0.571331 3.5805 120.8 95.6 90.4
1.15596 0.551152 3.9166 108.211 92.4975 87.8844
1.15657 0.522424 3.97636 108.973 96.1745 88.1745
1.15659 0.612261 3.57569 175.78 148.871 130.756
1.15677 0.590401 3.91628 113.693 94.4059 88.5743
1.15942 0.687445 3.57595 192.885 160.394 142.117
1.15859 0.761849 3.56993 203.657 165.277 150.99
1.15581 0.836593 3.56945 212.237 174.791 158.332
1.15984 0.910117 3.56272 223.656 181.607 167.198
1.16143 0.984856 3.56308 235.795 193.3 175.273
1.16041 1.05682 3.55549 244.684 203.328 187.203
1.15785 1.1329 3.56045 244.791 223.871 203.639
1.16103 1.20651 3.55786 243.941 245.166 222.257
1.15884 1.27839 3.55136 242.073 249.975 240.654
1.15893 1.34214 3.55866 242 250 241
1.17313 1.53408 3.93914 242 250 241
1.16574 1.56754 3.93641 242 250 241
1.32069 -0.765418 3.34958 101.385 76.9231 49.6923
1.31023 -0.724271 3.34942 101.091 77.9024 50.5184
1.30594 -0.649688 3.34819 101.677 79.5566 60.3118
1.30818 -0.575313 3.3431 105.17 81.6736 62.2161
1.29842 -0.499297 2.03913 173.048 104.429 45.381
1.30734 -0.500731 3.3348 108.232 85.4298 61.5351
1.33845 -0.442565 2.35965 44.949 31.0408 11.6735
1.27909 -0.439304 2.40149 49.2989 32.3678 18.5632
1.30727 -0.427213 3.3354 111.49 88.0662 64.9227
1.30738 -0.351118 3.32787 106.04 83.1099 65.361
1.30313 -0.282746 3.31092 110.005 69.1263 48.7823
1.3413 -0.247918 3.45339 227.5 164.455 119.682
1.30891 -0.245623 3.5522 219 152.75 104.5
1.31109 -0.232383 3.48273 235.45 178.4 131.4
1.31285 -0.230712 3.6034 195.125 145.031 106.906
1.34868 -0.193795 3.69927 104.007 69.6043 54.6978
1.35852 -0.117969 3.65751 116.031 74.0156 42.4688
1.33995 -0.13699 3.69941 87.664 56.872 40.04
1.35668 -0.0583094 3.65792 118.198 76.3153 49.8649
1.32322 -0.0533003 3.70559 106.328 71.2239 59.5075
1.33905 0.0180735 3.65714 121.946 82.3784 46.7748
1.32621 0.0150931 3.74078 92.7714 58 49.4714
1.24256 0.0222367 4.00589 69.6667 62.9048 52.4286
1.33204 0.091025 3.65751 128.145 78.1091 49.3636
1.30939 0.0896146 3.74342 106.827 65.8273 49.6187
1.31348 0.10946 3.85501 97.1698 59.6415 56.9434
1.27097 0.113732 4.00517 87.4127 58.4286 62.6667
1.32603 0.16177 3.65436 126.855 83.5091 54.7091
1.31951 0.157648 3.73528 102.462 72.8974 50.5385
1.32232 0.164245 3.8606 87.3793 67.977 48.0345
1.29083 0.166928 4.00127 71.224 68.076 59.692
1.34886 0.208054 3.92425 88.3571 66.7857 49.4286
1.30498 0.242613 4.00001 72.5035 65.8085 58.6631
1.37572 0.308457 3.79329 113.72 89.48 80.36
1.36541 0.316063 3.86165 94.8243 78.5135 66.3784
1.32706 0.301309 3.99705 71.952 63.016 54.288
1.36747 0.374044 3.81342 114.773 91.9091 72.2727
1.35719 0.372724 3.87468 90.2667 75.3 68.5667
1.36103 0.393133 3.99712 84.1667 65.25 54.8333
1.31427 0.470984 3.99122 96.0231 81.8192 74.5115
1.32109 0.56959 3.59139 113.085 82.9574 72.1064
1.30638 0.555208 3.92825 107.947 86.9158 82.9526
1.30496 0.521652 3.9818 112.708 95.9255 86.0807
1.30851 0.611946 3.57912 166.287 138.146 122.378
1.30307 0.592944 3.93956 109.087 86.2212 79.6635
1.30632 0.609524 3.96391 110.72 89.4 83.04
1.30798 0.685745 3.57446 181.154 148.924 133.323
1.30529 0.760524 3.5746 188.24 155.283 143.08
1.30577 0.836337 3.56692 196.911 162.962 148.83
1.30593 0.910379 3.55967 209.062 170.049 155.636
1.3056 0.984547 3.56071 220.749 179.684 163.932
1.30992 1.05888 3.56056 232.995 189.274 172.621
1.30708 1.13221 3.55196 242.408 201.682 184.085
1.30603 1.20724 3.54921 245.167 221.751 199.915
1.30712 1.28126 3.54465 243.633 244.686 226.797
1.29981 1.33206 3.54265 242.097 250.007 240.655
1.28652 1.53412 3.94147 242 250 241
1.30519 1.56628 3.94045 242 250 241
1.41836 -0.764608 3.36142 101 74 42.5
1.45071 -0.774804 3.38515 97.7778 74.5556 54.1111
1.43032 -0.723195 3.34919 99.4873 72.3164 49.1964
1.42881 -0.648115 3.34947 101.735 76.8027 50.8878
1.43051 -0.57678 3.34383 103.565 79.1413 59.5936
1.42117 -0.499367 3.33223 106.954 84.2241 62.6349
1.413 -0.441873 2.33444 48.6719 32.2188 11.5547
1.42442 -0.425398 3.3348 110.494 87.2146 65.6513
1.42681 -0.350539 3.32713 108.138 84.8339 61.1908
1.42559 -0.282742 3.31544 120.231 77.5694 49.3241
1.41601 -0.252683 3.45775 174.746 121.794 85.0635
1.43385 -0.202881 3.49851 148.103 107.017 80.2009
1.42288 -0.183035 3.6491 157.974 120.308 84.8718
1.40745 -0.200912 3.69109 110.424 79.0761 53.7283
1.45637 -0.130885 3.47336 127.397 93.0814 70.8371
1.42205 -0.124865 3.6116 170.407 129.314 94.3605
1.42798 -0.134592 3.71723 126.992 90.6016 64.0325
1.45017 -0.0555091 3.4913 133.839 96.4709 74.4395
1.41657 -0.0625339 3.59105 170.962 128.313 96.771
1.4163 -0.0500783 3.70193 124.768 86.061 67.6341
1.44734 0.0181099 3.49708 158.611 117.204 92.0407
1.42111 0.022356 3.5838 187.622 143.918 108.714
1.41712 0.0139211 3.73306 123.785 89.3165 61.4684
1.4569 0.0765878 3.4864 194.438 146.75 106.775
1.44894 0.0891686 3.59526 188.315 146.226 106.445
1.46266 0.109657 3.72897 119.149 85.791 59.1642
1.47153 0.116966 3.86863 88.4516 65.0323 50.2581
1.49363 0.126071 4.00625 84 59 59.5
1.46289 0.178069 3.49422 187.264 146 97.6604
1.46598 0.164455 3.60315 154.574 127.705 89.7752
1.46036 0.173045 3.73182 108 84.8729 62.4322
1.46094 0.162947 3.85289 73.8451 60.507 50.9577
1.49032 0.158792 4.00081 85.9524 60 54.2381
1.51499 0.269165 3.35434 131.455 105.409 94.5909
1.45695 0.249233 3.46891 189.224 142.414 96.9914
1.45558 0.250517 3.58892 156.529 121.088 83.0294
1.467 0.244225 3.75423 102.033 75.2131 60.8115
1.45497 0.254953 3.88933 65.3769 56.6 52.4154
1.42916 0.241959 3.9893 84.9205 68.0568 51.25
1.51205 0.287622 3.35582 141.652 118.391 107.696
1.45736 0.304919 3.49495 190.898 146.735 88.1225
1.45883 0.319685 3.59343 158.828 124.336 90.1016
1.44053 0.323354 3.77564 112.295 88.2182 69.9227
1.43446 0.292103 3.84258 83.3151 66.3699 53.2603
1.39516 0.293685 3.98425 71.9394 58.3636 56.1212
1.4553 0.401579 3.46625 201.929 150.75 97.1429
1.46117 0.387154 3.61271 148.58 111.877 77.4321
1.44423 0.383495 3.77576 118.597 92.8148 72.4769
1.42623 0.409622 3.86501 119.061 96.8636 79.4242
1.38382 0.397343 3.98668 88.2353 71.2353 64.6471
1.45036 0.465303 3.59704 145.059 110.856 83.0339
1.47166 0.463683 3.76628 100.016 78.0469 66.7969
1.46767 0.462037 3.88941 100.892 80.3121 70.5669
1.42118 0.469657 3.98671 106.024 87.7647 78.3235
1.42542 0.551286 3.58661 109.041 78.9184 73.898
1.47598 0.52373 3.76331 98.6207 82.3448 78.9655
1.44976 0.541871 3.89809 93.9894 77.5739 68.2641
1.41532 0.518628 3.97773 106.076 91.1519 74.4937
1.42158 0.611991 3.57654 152.02 122.926 106.183
1.43056 0.589008 3.91224 98.8072 79.7711 71.3373
1.42121 0.68537 3.57164 162.123 131.379 116.607
1.41782 0.762712 3.57704 169.854 137.854 121.075
1.42052 0.834608 3.56474 176.462 141.849 124.284
1.42328 0.908612 3.5588 183.801 149.434 134.42
1.42098 0.985939 3.5643 197.797 156.81 144.464
1.4186 1.05787 3.55982 209.464 168.227 151.932
1.42049 1.13552 3.55907 225.049 179.33 161.828
1.41937 1.20526 3.54938 240.022 191.646 174.26
1.4453 1.30474 3.50799 248.5 210.25 207
1.4186 1.28103 3.5437 245.485 218.794 196.082
1.41892 1.33473 3.55433 244.257 245.081 224.986
1.39722 1.53548 3.94183 242 250 241
1.41763 1.56334 3.94142 242 250 241
1.67235 -0.392269 3.37689 59.75 54.5 24.5
1.66933 -0.347631 3.36748 84.4938 71.2716 54.8519
1.66307 -0.341068 3.39584 50.1765 32.4706 27.5882
1.6672 -0.283632 3.36485 82.2 62.675 41.2
1.67019 -0.266089 3.39447 46.4737 29.8421 17.4211
1.66274 -0.194509 3.3606 78.7121 60.4242 40.6364
1.65026 -0.21441 3.39851 61.8929 41.1786 32.1429
1.58871 -0.145842 3.37009 105.016 82.648 64.944
1.53667 -0.142927 3.39756 115.9 91.8333 64.9
1.55615 0.263445 3.34567 89.7867 61.4533 60.6667
1.5546 0.287454 3.34668 147.714 124.714 111.048
1.67648 0.545432 3.40194 104 80.5 59
1.59601 0.969381 3.29778 123.75 102.375 101.25
1.58155 1.15773 3.37659 137.786 112 116
1.58861 1.17061 3.37704 139.5 114.5 111.5
1.74366 -0.406434 3.36406 95.5052 74.6804 52.3969
1.75223 -0.352246 3.35634 93.1775 88.5108 70.3203
1.75057 -0.277365 3.3566 93.9073 88.5607 72.5497
1.75404 -0.202581 3.35688 96.9393 90.1388 73.41
1.67813 -0.202658 3.39306 53.5 33.5 25.5
1.75185 -0.14586 3.35846 102.664 101.427 82.4818
1.68697 0.54062 3.40201 104.222 78.4444 58.8889
1.96227 -0.54629 3.54504 113.333 73.6667 49.1667
1.83522 -0.396707 3.35862 109.588 90.8824 49.7647
1.84175 -0.351525 3.35125 97.6132 94.0755 67.4245
1.84306 -0.274348 3.3603 98.5962 88.8173 62.3846
1.84289 -0.205307 3.35263 111.942 98.9417 74.6214
1.84054 -0.148196 3.35812 102.347 99.9184 84.4082
1.97345 0.273711 3.45635 98 67 64
1.97037 0.286567 3.42706 206.8 167 114.2
2.11811 -0.586229 3.53865 97.8571 63.7143 26.2857
2.10045 -0.474735 3.51302 90.3333 69.8889 39.3333
2.08572 -0.502567 3.54788 93.1951 66.8781 33.6098
2.06466 -0.407158 3.49083 55.0833 34.75 22.25
2.11406 -0.430263 3.5459 87.2353 60.2353 35.0588
2.06396 -0.316345 3.48002 45 34.5 15.5
2.08515 -0.290311 3.48166 88.94 67.66 45.5
2.11817 -0.260964 3.53293 100 77 45
2.07816 -0.115529 3.49092 111.267 81.6333 47.9
2.01074 -0.0974552 3.54761 119 86 54
2.01851 -0.0851497 3.51277 115.769 87.4615 60.9231
2.00259 -0.0758805 3.54486 118.5 86.4 66.2
2.06066 0.0282713 3.47209 107.422 77.6875 45.9531
2.02375 0.0455006 3.61313 124 98.4375 66
2.04305 0.0708753 3.50603 133.083 102.125 67.0833
2.01495 0.0701277 3.57916 140.056 108.694 80.6667
2.06983 0.267456 3.48157 105.357 79.1071 59.0357
2.08728 0.316915 3.47726 143.627 109.299 78.3134
2.01898 0.425424 3.36467 153.5 134.5 90
2.04026 0.420871 3.40816 142 105 88.6667
2.02622 0.445005 3.36668 99.4074 60.1481 47.8148
2.18508 -0.848843 3.50051 166.111 103.389 39.4444
2.18726 -0.768962 3.2518 147.062 104.375 63.6875
2.17321 -0.791503 3.4541 87.7735 58.5359 32.4807
2.16628 -0.792963 3.56724 51.3962 37.5472 4.26415
2.18106 -0.720062 3.22098 147.667 109.987 81.2867
2.16978 -0.725187 3.29889 105.398 79.0269 49.0968
2.16621 -0.727542 3.43807 81.7924 57.9399 26.7596
2.17806 -0.72875 3.56371 53.2308 36.6462 10.5077
2.17618 -0.667214 3.21601 108.164 81.6164 58.863
2.17122 -0.669315 3.26173 67.7727 51.5455 34.2273
2.17525 -0.651443 3.45138 67.1333 43.3333 33
2.19555 -0.62161 3.58403 79.8889 45.7778 26.7778
2.17451 -0.562064 3.212 155.025 115.667 85.1852
2.1771 -0.564504 3.31832 136.553 102.332 75.149
2.17978 -0.571987 3.45776 96.0248 71.0372 50.7603
2.17346 -0.575058 3.56469 83.7357 54.85 34.1929
2.17985 -0.502654 3.22059 159.432 119.364 84.7542
2.17432 -0.499106 3.30342 142.919 107.592 74.7535
2.18163 -0.503602 3.46003 99.5825 70.9053 46.4281
2.16881 -0.499475 3.56146 85.2133 59.4933 32.8733
2.18045 -0.424918 3.2223 161.954 120.028 94.3056
2.17677 -0.42744 3.3088 144.514 110.865 80.5135
2.18081 -0.42669 3.45376 98.7414 73.9354 47.1407
2.16791 -0.425931 3.55891 92.087 60.7391 40.3043
2.18637 -0.353926 3.229 164.75 123.698 91.0104
2.17863 -0.35127 3.30665 150.812 112.944 83.9835
2.17933 -0.352506 3.44687 103.906 76.4766 51.4805
2.17967 -0.350793 3.55232 88.8672 60.2188 36.7891
2.18586 -0.278917 3.23209 167.724 129.566 94.2632
2.17817 -0.277868 3.31079 151.581 116.403 90.146
2.17748 -0.276958 3.45865 104.279 74.4781 48.8685
2.1776 -0.278527 3.55795 96.8966 65.2276 34.0759
2.1801 -0.20047 3.23135 169.655 132.151 97.4958
2.17678 -0.206054 3.31642 152.072 119.661 91.8628
2.17705 -0.20358 3.44503 104.429 77.5546 52.3824
2.17699 -0.203896 3.55428 93.4465 70.5975 38.2201
2.1863 -0.146503 3.23496 176.109 134.826 97.5217
2.1793 -0.127584 3.30434 160.595 123.947 94.8299
2.18072 -0.129581 3.46074 106.108 80.027 51.4517
2.17701 -0.130316 3.55092 96.7031 72.5938 33.9453
2.18693 -0.0682499 3.23554 181.386 138.068 110.364
2.18196 -0.0539987 3.30389 165.554 126.59 99.2117
2.18239 -0.0552716 3.45296 110.077 80.3175 57.146
2.17736 -0.06303 3.55299 93.7755 69.7551 41.3571
2.18594 0.0174936 3.30012 168.815 130.566 106.15
2.18307 0.0163189 3.45768 109.179 81.1395 61.1661
2.17446 0.0201628 3.54398 95.8482 67.1429 42.2143
2.18625 0.0918596 3.30616 170.267 133.407 104.643
2.18754 0.0932717 3.45699 111.663 85.465 52.8601
2.18204 0.0936769 3.54375 104.812 76.6562 46.5938
2.18716 0.167485 3.3023 178.938 136.735 107.836
2.18429 0.16762 3.45124 115.782 86.4286 60.9456
2.17759 0.169093 3.54304 110.456 82.3111 62.7333
2.18424 0.242206 3.29877 182.21 140.463 112.443
2.18343 0.240749 3.4477 118.716 86.4464 68.3529
2.18561 0.235441 3.54781 109.457 82.679 64.9383
2.18359 0.315601 3.31183 184.293 139.043 110.733
2.18037 0.315966 3.4561 116.048 84.8018 65.0308
2.1819 0.317389 3.53234 114.261 80.75 61.6413
2.18561 0.389769 3.30615 189.438 146.476 117.543
2.18606 0.392875 3.46595 117.264 86.5244 65.0651
2.18063 0.365909 3.53219 113.263 84.4737 66.3158
2.18537 0.465347 3.31148 193.638 146.013 121.632
2.18702 0.464632 3.46748 117.156 86.4068 63.6034
2.1802 0.461788 3.53072 90.8125 69.875 51
2.18272 0.539676 3.31649 191.424 144.656 122.54
2.1813 0.537657 3.4684 113.395 83.8932 64.5694
2.18324 0.611607 3.30905 197.479 150.827 123.606
2.18826 0.612153 3.45599 124.737 93.1053 70.7544
2.20101 0.633644 3.54459 103.667 76.5185 49.6667
2.18537 0.687494 3.31767 200.926 151.702 126.716
2.1854 0.685251 3.45448 124.849 94.0677 72.9163
2.19152 0.680872 3.53453 101.185 76.5556 57.1852
2.18095 0.758646 3.30473 205.831 157.963 130.206
2.18221 0.764358 3.44854 126.653 98.5632 72.6787
2.19076 0.74025 3.53169 103.423 79.2692 44.9231
2.18198 0.832812 3.30362 211.201 163.012 133.844
2.18412 0.836187 3.44694 133.218 101.109 78.2923
2.17991 0.909163 3.31508 202.014 155.522 133.298
2.18302 0.907855 3.45562 129.816 100.055 79.3672
2.18324 0.936482 3.53345 106 80.5 56.1667
2.18316 0.985707 3.32003 206.018 158.549 135.011
2.18301 0.982394 3.45635 133.504 104.811 82.1681
2.18981 1.05586 3.32507 216.481 162.719 142.273
2.18158 1.06045 3.44295 145.272 113.598 90.0209
2.19244 1.13261 3.31759 228.428 174.716 146.405
2.18831 1.13321 3.4362 163.295 121.523 104.182
2.19182 1.20718 3.32537 221.881 170.85 153.296
2.18521 1.20334 3.43046 167.72 128.029 109.672
2.18867 1.2787 3.3298 221.047 163.476 145.17
2.19498 1.28204 3.44274 172.278 130.444 112.765
2.20251 1.32553 3.33121 233.39 168.951 152.585
2.195 1.34221 3.43921 178.522 129.877 114.428
3.58818 1.16312 6.95181 101 75.5714 69.2857
3.60482 1.1627 6.96718 102 74 65
3.57605 1.18214 6.93433 102.053 75.1579 66.4211
3.60675 1.15675 6.93223 100 71 54
