-2.53424 -0.570081 3.08095 19.875 15.5 3.5
-2.5531 -0.564482 3.0975 18.5 11.5 0
-2.55354 -0.528605 3.08482 23.5591 21.1398 5.25806
-2.55484 -0.490837 3.10082 22.1882 19.8824 3.89412
-2.5417 -0.395647 3.06922 28.5625 21.75 1.625
-2.55114 -0.440961 3.11316 23.8032 17.0945 6.70866
-2.55079 -0.326281 3.07486 28.7203 24.4755 5.81818
-2.57079 -0.341076 3.10527 29.6607 22.8214 4.55357
-2.5592 -0.246062 3.07632 32.5263 24.1579 6.67544
-2.6358 -0.237976 3.12182 34.3357 26.6783 12.6014
-2.5503 -0.150817 3.06756 33.3793 26.0172 7.21839
-2.52764 -0.172219 3.11928 22.3333 17.5 8.83333
-2.55127 -0.0638094 3.06478 31.9583 29.4375 8.09722
-2.59596 -0.024824 3.09428 36.7143 32.7857 12.2857
-2.55184 0.0452072 3.06254 35.0784 30.7745 15.549
-2.54654 0.110056 3.05205 39.1463 29.3415 18.6341
-2.54636 0.137201 3.09819 34.15 23.15 7.45
-2.5437 0.218409 3.05755 39.6721 29.0656 14.5082
-2.54517 0.302592 3.04776 41.3548 33.0968 7.09677
-2.55356 0.393492 3.06069 41.8393 34.5 15.7321
-2.58263 0.400623 3.10409 38.7143 34.6429 19.1429
-2.52884 0.456203 3.02459 42.6667 35.3333 19.3333
-2.54237 0.667918 3.04841 50.2745 37.5882 21.6863
-2.53063 0.682497 3.11945 34.5 27.5 14.1
-2.52947 0.763089 3.03623 48.5556 38.5556 17.7778
-2.53224 0.726696 3.1109 34.8 35.6 15.2
-2.52429 0.865739 3.03844 55 38 24.5
-2.37159 -0.677909 3.15187 68.931 46.1034 24.8966
-2.49734 -0.577916 3.06556 19 12.4444 2.2963
-2.3997 -0.597151 3.14323 58.1351 41.9865 23.0946
-2.51686 -0.549089 3.0758 27.8571 15.8571 1.14286
-2.42025 -0.503977 3.12753 53.31 37.5 15.09
-2.48002 -0.383326 3.0712 24.75 18.6875 1.375
-2.46849 -0.429408 3.11685 34.9485 24.7938 9.98969
-2.49702 -0.307493 3.07244 23.0909 18.9091 2.09091
-2.49507 -0.331674 3.10809 26.2394 20.0986 5.50704
-2.49856 -0.248755 3.06889 22.6667 19.7879 4.83333
-2.45017 -0.228019 3.12257 47 36.5185 20.963
-2.50525 -0.142134 3.0673 27 21.3768 2.5942
-2.48963 -0.155801 3.11429 34.1398 23.4301 9.36559
-2.49628 -0.0535545 3.0598 25.901 22.1562 3.64062
-2.49057 -0.0663511 3.09466 25.1967 20.3607 5.95082
-2.49033 0.0271787 3.06091 28.012 21.6587 6.09581
-2.49056 0.0309979 3.09863 31.3333 18.3333 4.2
-2.48473 0.118662 3.06028 28.1773 22.7833 7.07389
-2.52051 0.145283 3.0997 31.75 27 5.75
-2.49358 0.220837 3.06472 30.5946 24.9351 8.78919
-2.49806 0.310523 3.04996 33.4069 27.9264 8.59307
-2.49235 0.305901 3.08912 30 24 0
-2.47283 0.404361 3.03115 35.242 28.6438 10.3196
-2.51114 0.372532 3.10663 28.4444 25.7778 9.22222
-2.46941 0.491813 3.02874 38.1939 29.4068 4.57034
-2.48232 0.576095 3.02109 37.3851 32.5405 15.8243
-2.49208 0.690037 3.05736 39.7449 32.6224 17.1122
-2.50574 0.695816 3.10441 35.2857 30.2857 13.7143
-2.49036 0.768422 3.04013 43.2108 34.0539 18.3333
-2.52285 0.727496 3.0994 35 36 16
-2.46297 0.856881 3.03384 44.3217 34.613 19.5522
-2.47204 0.945304 3.02881 42.7436 36.359 16.4615
-2.48975 1.04244 3.02366 51.8276 36.2759 21.7586
-2.48985 1.13639 3.03175 53.4805 37.4805 16.1299
-2.5141 1.14326 3.09558 44.9333 38.4667 11.6
-2.49208 1.19736 3.06807 47.2857 31.75 15.0357
-2.29967 -0.874136 3.14758 101.571 82.2747 49.9451
-2.26875 -0.761603 3.07656 57 33.0968 1.96774
-2.27972 -0.756465 3.14402 62.4459 33.8446 5.00676
-2.20724 -0.772204 3.41216 85.6667 57.6667 29.1667
-2.20677 -0.801267 3.50712 72 41 10
-2.29032 -0.698397 3.16416 85.6442 55.5354 28.696
-2.20884 -0.68936 3.42389 65 43.2857 28.4286
-2.28765 -0.605968 3.16523 87.9053 61.5818 35.5852
-2.20981 -0.649866 3.43952 58 40 12
-2.28907 -0.51395 3.16196 92.0742 67.2226 40.0304
-2.28796 -0.423428 3.15827 95.7235 70.3464 43.6195
-2.21057 -0.397522 3.50294 46.9091 30.0909 8.18182
-2.28592 -0.331616 3.15048 101.919 74.1025 47.5378
-2.28482 -0.240609 3.14771 104.333 78.2442 54.0957
-2.28738 -0.147706 3.14351 108.679 79.6116 56.481
-2.32496 -0.0760852 3.06186 90.5 67 37
-2.28485 -0.0558939 3.13557 110.571 82.075 60.4634
-2.28277 0.0348854 3.1318 112.823 85.4957 61.4454
-2.27768 0.125763 3.12667 116.048 86.7669 66.573
-2.27717 0.218278 3.12507 117.167 91.2717 65.2681
-2.27506 0.309761 3.11891 120.326 91.8895 68.3297
-2.27192 0.400661 3.11415 121.323 94.0257 69.5229
-2.26889 0.492651 3.10947 122.073 93.9229 71.5639
-2.26706 0.583671 3.10413 122.741 95.7702 68.5569
-2.30766 0.709392 3.08479 117.324 90.1765 65.3235
-2.26463 0.673177 3.09942 125.845 93.9146 75.6225
-2.31297 0.741474 3.07893 113.917 90.15 55.7
-2.25921 0.768547 3.09606 126.337 96.9928 69.21
-2.27396 0.873653 3.08723 120.187 91.8446 66.9689
-2.24727 0.846452 3.0966 130.865 101.357 80.7406
-2.27312 0.948342 3.08547 120.914 94.2534 68.6199
-2.24283 0.951832 3.09274 129.4 99.9947 85.1211
-2.27545 1.03638 3.08273 121.428 94.4454 71.6943
-2.23351 1.04832 3.09424 131.618 103.821 75.7457
-2.25964 1.13648 3.07813 120.09 96.7267 79.8323
-2.22578 1.10859 3.09221 136.757 103.514 86.1
-2.23546 1.24736 2.94283 97.2703 74 54.2162
-2.25718 1.22384 3.06724 115.586 93.4261 73.697
-2.25266 1.27333 3.0496 103.857 80.1429 68
-2.18868 -0.835227 3.51075 37 24 3
-2.18412 -0.757963 3.06145 89.2105 50.5789 13.7368
-2.17913 -0.754878 3.19032 129.4 100.567 68.7333
-2.18407 -0.764591 3.27888 112.261 81.7647 47.4622
-2.19567 -0.777297 3.44126 63.6522 37.337 13.6087
-2.19298 -0.792811 3.50438 44.8793 28 1.7069
-2.18552 -0.697965 3.18051 138.377 106.227 78.5556
-2.18677 -0.696976 3.28229 117.294 89.6061 62.5671
-2.19557 -0.700491 3.41681 58.764 40.7811 25.7639
-2.19447 -0.696825 3.50044 32.5 27.527 5.98649
-2.11512 -0.5716 2.60725 39.2791 33.2093 19.186
-2.18177 -0.604153 3.17666 143.658 111.263 75.7632
-2.1817 -0.605339 3.2801 116.176 88.3176 62.3906
-2.18928 -0.60756 3.40502 61.771 43.0701 14.3318
-2.1904 -0.600604 3.49978 37.9273 26.3455 2.1
-2.16992 -0.476708 2.53521 30.0833 16.9167 10.8333
-2.1198 -0.551825 2.59938 42.4483 37.4828 20.2069
-2.18216 -0.512966 3.18376 150.882 114.886 88.3909
-2.17789 -0.513987 3.28384 111.329 85.1216 59.7686
-2.18351 -0.516098 3.40278 59.957 40.0108 19.8118
-2.19421 -0.516203 3.49668 39.0632 26.5263 10.4211
-2.17832 -0.465645 2.53953 24.5 16.8333 3.66667
-2.18214 -0.42083 3.17589 155.809 120.051 84.5814
-2.17437 -0.423993 3.27452 115.922 87.1519 57.1741
-2.1856 -0.426515 3.40771 60.6281 40.4171 16.4874
-2.19362 -0.42132 3.49867 38.6267 26.72 3.49333
-2.18279 -0.332135 3.17555 159.089 124.979 90.3008
-2.17927 -0.331926 3.28156 120.183 93.1157 62.8881
-2.1739 -0.3283 3.41244 56.9878 43.5102 25.3878
-2.17751 -0.323718 3.49902 46.5833 34.6111 12.3472
-2.17824 -0.235801 3.17004 163.441 126.392 91.3592
-2.17168 -0.240797 3.27615 120.041 89.8609 64.4549
-2.17824 -0.242363 3.4167 60.3793 45.0862 23.7112
-2.14565 -0.256291 3.49664 49.1856 35.9175 12.5773
-2.17594 -0.147327 3.16655 167.254 129.07 96.4118
-2.17251 -0.148547 3.27933 120.178 90.087 65.7945
-2.17871 -0.147971 3.41279 60.8902 43.3618 27.6057
-2.18273 -0.152281 3.50093 43.386 30.6667 14
-2.17528 -0.0561882 3.16288 168.105 131.585 99.398
-2.17 -0.0572398 3.27872 114.716 90.214 64.8327
-2.17785 -0.0556236 3.4045 62.7016 47.0052 21.445
-2.1887 -0.0636526 3.49143 47.9429 32.6571 18.1429
-2.17179 0.0339436 3.16329 169.249 131.716 101.38
-2.16738 0.0349931 3.28439 110.28 84.8033 60.3933
-2.17419 0.0339206 3.41517 58.9174 45.562 16.7355
-2.17664 0.0227281 3.48996 43.6452 35.4516 2.77419
-2.16912 0.126781 3.15438 172.641 135.489 104.534
-2.16916 0.123999 3.28568 111.845 85.8368 62.4644
-2.16803 0.127383 3.41337 61.6937 43.588 20.7993
-2.16492 0.171751 3.47894 43 36 22.5
-2.1632 0.217324 3.15336 172.094 134.229 107.557
-2.16133 0.219028 3.29088 99.3123 78.7154 55.5652
-2.16477 0.220744 3.41748 58.9648 41.5815 20.1322
-2.16885 0.195915 3.48122 46.087 32.4783 15.4783
-2.16215 0.309958 3.14581 176.398 137.288 108.39
-2.15423 0.309745 3.2779 103.403 79.5053 51.6148
-2.15813 0.309977 3.41356 57.6042 42.5083 21.9917
-2.15964 0.40121 3.15037 172.18 136.246 104.302
-2.14792 0.39886 3.28136 94.2332 71.8027 47.8251
-2.15909 0.406702 3.41896 59.4941 41.9802 21.1739
-2.15842 0.494011 3.14477 175.157 136.83 106.069
-2.14464 0.491558 3.2807 95.5943 71.7172 41.2295
-2.14916 0.492043 3.41247 59.5249 42.3258 18.4887
-2.15457 0.584285 3.13549 175.84 137.58 106.171
-2.14741 0.587801 3.27958 97.3377 74.1688 47.381
-2.15274 0.580991 3.40286 62.3347 45.5146 18.2176
-2.15052 0.674676 3.1322 170.859 136.842 106.674
-2.13978 0.674885 3.2807 90.2489 68.4667 45.0444
-2.14868 0.676276 3.40567 62.0181 43.1584 23.8959
-2.1519 0.76733 3.13069 175.04 138.672 109.73
-2.13552 0.768279 3.27228 91.0973 70.3813 49.7899
-2.14428 0.764448 3.40125 62.8341 45.0224 20.6099
-2.14667 0.859413 3.12726 173.392 136.231 110.208
-2.13405 0.858703 3.28206 87.0342 67.5285 44.4221
-2.14116 0.856247 3.40808 59.732 46.134 25.1289
-2.14424 0.951579 3.12622 168.142 133.35 105.946
-2.12838 0.952111 3.28304 87.3647 64.6157 43.7255
-2.14321 0.949601 3.41094 63.3582 45.1791 28.8507
-2.14084 1.04298 3.1264 165.069 130.41 106.067
-2.12264 1.04379 3.28719 82.4079 65.3947 41.5921
-2.13495 1.04101 3.40381 62.7888 46.5155 29
-2.19425 1.15585 3.08369 169.7 127.1 111.02
-2.13703 1.13276 3.12102 169.79 135.087 111.925
-2.1246 1.13522 3.28188 92.5371 71.9476 49.0524
-2.1314 1.13752 3.4034 65.0613 51.3679 31.1179
-2.1405 1.24985 2.93791 142.878 120.561 89.8537
-2.1511 1.24111 3.0532 173.282 140.925 115.193
-2.12076 1.21749 3.13425 161.8 127.779 103.635
-2.11981 1.22435 3.28037 95.9841 73.8884 55.3984
-2.12114 1.22373 3.39246 67.8229 50.4375 38.6042
-2.10208 1.28337 3.02735 184.979 155.34 126.447
-2.10764 1.30513 3.15991 139.561 114.682 91.2525
-2.11853 1.32198 3.28814 96.4734 75.3961 52.1256
-2.11656 1.31121 3.38518 75.4971 60.5029 45.4678
-2.11756 1.36379 3.21459 119.167 94.1667 87.1667
-2.11548 1.37957 3.28681 96.6885 75.1311 52.7705
-2.11997 1.40228 3.40112 80.7583 64.9167 40.6417
-1.97375 -0.752005 2.94558 74.4615 36.6154 7.38462
-1.9382 -0.760418 2.98468 66.1026 30.5192 3.25
-1.90516 -0.715172 2.79511 84.1379 40.7931 16.4138
-1.97673 -0.723844 2.90276 98.2712 63.2034 28.2881
-1.94727 -0.733304 2.98619 70.8615 41.8769 13.2615
-1.99658 -0.355239 3.34766 26.1667 23.5 7
-1.99903 -0.341298 3.36546 30 22.925 8.8
-2.04098 -0.290133 3.49105 57 40.75 9.25
-2.04095 -0.281847 3.49108 59 39.5 4
-2.04667 0.342917 3.34894 43.5 33.5 18.5
-2.04187 0.456748 3.45501 44 34.5 22
-1.7381 -0.940776 2.25429 75.2045 57.5227 35.6364
-1.73675 -1.01365 2.36078 52.25 43.6875 14.25
-1.73453 -0.928955 2.49212 82.5 64.5 36.5
-1.75347 -0.949275 2.80905 100.879 61.1212 19.6515
-1.75663 -0.954274 2.88879 84.6731 51.8526 19.5513
-1.74823 -0.943275 3.39247 22.1875 18.375 0.375
-1.77215 -0.881135 2.11302 56.596 42.3503 26.209
-1.74252 -0.87401 2.23812 83.1199 62.7528 41.2884
-1.73859 -0.880264 2.34802 84.1216 62.6351 34.7162
-1.74123 -0.87754 2.46888 85.6852 68.3148 39.4074
-1.7337 -0.902862 2.59201 86.9091 65.2727 34.5455
-1.75255 -0.883823 2.7875 112.814 66.5909 31.2545
-1.75654 -0.880458 2.88136 95.3068 55.6174 22.7008
-1.76656 -0.790879 2.10584 59.8678 44.8101 22.3166
-1.73781 -0.793882 2.21727 85 63.75 38.9844
-1.73144 -0.78567 2.33685 85.3 65.3 33.6
-1.73241 -0.743749 2.54241 87.5 68 47
-1.77113 -0.798699 2.80728 118.537 71.0741 31.5185
-1.76466 -0.785161 2.87005 100.751 60.5565 24.6045
-1.87562 -0.754218 2.99256 64.069 31.2069 1.34483
-1.7517 -0.724923 2.10828 94.2417 69.09 34.5213
-1.74432 -0.728419 2.25235 98.4118 75.4706 46.2745
-1.75349 -0.726141 2.38039 108.571 84.7143 58.8571
-1.73358 -0.733902 2.50807 103.8 81 49
-1.81302 -0.711482 2.6354 87.8537 57.561 37.0488
-1.74474 -0.728335 2.73366 113.889 68.2222 22.6667
-1.78735 -0.739069 2.90239 76.6957 41.913 12.3478
-1.87287 -0.739927 3.00018 47.1429 26.1429 0.928571
-1.80838 0.0493518 3.36557 43.0769 33.6154 9.30769
-1.84917 0.0916101 3.3374 44 30.75 18
-1.72572 -1.01815 2.3686 24 27 12
-1.72614 -0.940986 2.25856 77.6667 57 33.6667
-1.72462 -1.01326 2.35979 40.8889 34.5556 20.8889
-1.7118 -0.930876 2.51808 94.75 80.3333 56.0833
-1.71521 -0.936884 2.72424 103.545 62.3636 25.3636
-1.59219 -0.950505 3.41854 29.625 18.5 7.4375
-1.72289 -0.855795 2.15614 80.4839 62.871 42.4194
-1.72276 -0.875697 2.27678 83.5795 62.3864 39.0682
-1.72373 -0.851818 2.35441 84.8148 65.8519 42.4074
-1.69408 -0.87915 2.48475 88.4274 68.6581 44.6667
-1.70266 -0.878847 2.63138 86.7183 56.8592 31.5352
-1.71386 -0.921667 2.70682 100.1 58.6 25.8
-1.71843 -0.802507 2.11603 79.7652 58.7955 28.0758
-1.71718 -0.78017 2.23775 80.5126 64.6639 33.6681
-1.7126 -0.78865 2.36971 83.6352 66.4549 35.2103
-1.70033 -0.789034 2.48024 89.8283 65.0101 35.1919
-1.70451 -0.784771 2.6159 91.3452 60.9881 36.5
-1.71972 -0.698065 2.0892 108.75 78.25 40.25
-1.71631 -0.728533 2.24344 91.2742 70.4113 37.0968
-1.70948 -0.726452 2.36689 95.8614 73.6733 42.6337
-1.71502 -0.722562 2.4797 106.852 79 49.4074
-1.692 -0.724455 2.61031 102.571 73.2143 42.5446
-1.69488 -0.397741 3.34404 36.25 24.75 5.75
-1.69053 -0.388763 3.36602 33.1333 24.4 8.2
-1.68557 -0.331812 3.37025 32.4878 27.9024 9.97561
-1.68326 -0.0330179 3.36419 43.4444 33.4444 16.2222
-1.65419 0.113023 3.33832 52.0667 33.7333 11.2667
-1.66526 0.117186 3.35787 49.92 32.16 18.12
-1.70194 0.192144 3.32656 50.6667 34.6667 17.4444
-1.70284 0.184451 3.38302 52.3684 34.9474 15.1579
-1.65228 0.494197 3.32286 61.7692 39.6154 26.6154
-1.69385 0.489362 3.36611 58.4 42.6667 23.6
-1.63725 0.808387 3.32673 68.7 54.9 42.7
-1.63161 0.817055 3.31976 70.3 53.6 45.6
-1.43589 -1.15246 3.45267 52.972 42.2523 27.5421
-1.44246 -1.0442 3.32644 70.8623 50.6014 35.2754
-1.4243 -1.09654 3.38276 71.5714 50.6429 41.2857
-1.44891 -0.97213 3.31816 68.2743 51.7848 33.6582
-1.45858 -0.860389 2.12517 82.9097 55.3846 34.0669
-1.44755 -0.843101 2.21068 84.5398 42.0795 35.8125
-1.52184 -0.853186 2.39827 104.548 80.1129 53.1936
-1.41277 -0.895995 2.49443 53.5 30.5 4.5
-1.44789 -0.879928 3.31056 73.1012 52.1051 34.7626
-1.47479 -0.827648 2.12525 75.2743 43.9204 25.1681
-1.4456 -0.823405 2.22443 127.465 103.5 74.1337
-1.46619 -0.831576 2.32201 97.75 69.5 46
-1.44817 -0.791028 3.31626 73.0727 56.6727 36.0227
-1.44792 -0.697766 3.30604 73.5721 58.917 39.2795
-1.44513 -0.607938 3.30674 79.1531 59.622 41.933
-1.43915 -0.516574 3.29102 79.7167 63.8444 43.8556
-1.43768 -0.424389 3.27574 81.4524 62.5893 44.881
-1.43736 -0.329024 3.27915 80.3057 63.7824 43.7876
-1.44077 -0.243766 3.27571 78.8471 49.0941 28.9765
-1.43173 -0.190057 3.2962 63.4 33.3 26.6
-1.41702 -0.158658 3.57914 81.1875 55.875 37.1875
-1.41686 -0.155158 3.77616 57.2778 38.8333 19.3333
-1.496 -0.0269317 3.33566 46.7143 35.9143 22.7714
-1.43985 -0.0433673 3.40388 85.3333 62.9231 32.9103
-1.4631 -0.0411555 3.83256 62.1304 47.2609 27.6522
-1.45114 -0.0472204 3.92832 47.5125 40.7875 27.5312
-1.49509 0.0134971 3.34646 48.6667 35.3333 11
-1.42954 0.0649333 3.43148 92.7308 69.5192 35.3846
-1.46854 0.0502089 3.82482 70.6667 57.3194 34.1667
-1.45267 0.0305524 3.94822 44.4652 45.7783 34.1217
-1.51433 0.155638 3.33168 48.2667 36.4667 22.2
-1.43662 0.0992548 3.39391 94.5 72.9762 39.1667
-1.43161 0.119817 3.57831 72.3235 52.8529 30.8824
-1.42815 0.138407 3.63976 66.6316 47.5658 29.3026
-1.43845 0.133788 3.78984 56.1549 45.0986 34.2676
-1.44072 0.119454 3.94356 43.561 42.5122 31.5183
-1.41928 0.231053 3.41004 104.632 73.5 48.9211
-1.41862 0.200286 3.58048 78.9808 40.8654 33.8462
-1.41369 0.210088 3.67928 53.5714 44.7143 28.7143
-1.43254 0.209975 3.81825 42.4655 42.2069 29.8276
-1.43286 0.218241 3.93273 39.0581 41.9097 30.471
-1.42788 0.318249 3.46125 136.421 105.737 70.8421
-1.42481 0.287186 3.54671 93.6 54.2667 35.1333
-1.43116 0.318324 3.67016 55.5882 43.1765 24
-1.44955 0.294414 3.77629 57.52 44.12 24.6
-1.44291 0.301545 3.92781 44.7456 42.1953 32.6154
-1.43817 0.378187 3.54106 99.9143 72.0286 44.3714
-1.43697 0.377301 3.6474 56.55 43.1 23.7
-1.42507 0.443865 3.94662 82.5714 75.2857 59.4286
-1.48762 0.530276 3.33849 69.375 50.875 32.375
-1.45757 0.534382 3.7079 84.8571 64.2857 52
-1.4629 0.518125 3.80642 78.4651 63.7674 48.5581
-1.43994 0.500107 3.9306 85.5912 76.0755 61.9748
-1.48233 0.539338 3.33887 71.6667 50 24.3333
-1.43568 0.561173 3.57816 85.7368 69.2632 48.8421
-1.4389 0.573954 3.68879 73.8095 58.619 38.7619
-1.43849 0.585344 3.81478 72.9618 58.4904 40.8408
-1.43202 0.563859 3.91344 83.2826 73.8152 54.3913
-1.41711 0.67199 3.54812 114.136 92.5455 75.8182
-1.43067 0.641408 3.86471 68.3333 56.1667 42.1667
-1.41594 0.639754 3.88396 68.2857 56.2857 46
-1.41672 0.779036 3.53114 119.121 99.1515 79.8788
-1.41747 0.838961 3.53016 121.852 99.2222 81.3333
-1.48557 0.956199 3.30064 87.4167 65.5 44.6667
-1.41526 0.932592 3.51176 124.6 98.8 84
-1.41615 1.04276 3.52717 127.435 103.087 84.8261
-1.33966 -1.35015 3.27032 98.3529 69 39.8235
-1.31119 -1.20942 3.43727 37.2414 20.069 1.44828
-1.29535 -1.21819 3.4907 32.7778 20.6667 2.05556
-1.33205 -1.15559 3.44691 53.9789 40.4485 22.6385
-1.27432 -1.19842 3.47863 28 22 2.5
-1.32553 -1.04495 3.32672 73.9828 56.2897 34.9379
-1.33941 -1.09295 3.3885 73.0392 55.1373 35.0588
-1.32969 -0.97123 3.32196 74.4682 57.661 37.7678
-1.37757 -0.870301 2.15926 95.1078 57.2196 36.8343
-1.34981 -0.857201 2.22054 93.6816 48.8857 28.9612
-1.38634 -0.863044 2.36215 63.3333 35.5556 3.05556
-1.39487 -0.890386 2.49107 54.1714 31.7714 4.88571
-1.33006 -0.879832 3.31745 77.0668 58.3473 44.0515
-1.38203 -0.824555 2.24681 113.925 93.6194 67.5448
-1.33331 -0.78857 3.31247 78.283 59.7302 44.383
-1.33085 -0.697288 3.30739 79.3 63.8135 44.9385
-1.33253 -0.605938 3.30514 83.1707 65.2477 47.2064
-1.3305 -0.514935 3.29497 85.0324 67.3435 49.4561
-1.33245 -0.42361 3.28567 85.836 69.3792 51.3422
-1.33111 -0.331722 3.28596 84.9278 68.7481 50.7519
-1.33558 -0.245722 3.27261 78.139 50.6166 30.7018
-1.39055 -0.199362 3.54984 93.7857 67.2143 40.5
-1.39667 -0.163657 3.57888 75.2041 58.0408 32.449
-1.37747 -0.155718 3.66464 62.3953 47.2093 27.6744
-1.38302 -0.143448 3.77916 63.6735 42.6122 24.6122
-1.3874 -0.0928264 3.84685 71.7143 51.8571 31.0714
-1.32949 -0.0503831 3.97277 58.7362 51.6352 35.9088
-1.33069 0.0326794 3.97343 54.7188 55.737 42.2865
-1.40797 0.162251 3.6409 59.9 45.9 29.9
-1.33237 0.124985 3.96767 70.382 63.2997 43.4483
-1.40521 0.229644 3.41674 98.8889 58.4815 40.2593
-1.40591 0.231132 3.59083 72.2 45.9143 30.5714
-1.40485 0.210694 3.65647 53.6447 45.4079 25.4342
-1.33104 0.217703 3.96305 60.1347 55.3342 40.2254
-1.40416 0.272141 3.60701 70.7778 53.2222 29.5556
-1.40707 0.270467 3.64984 62.5 51.5 26.5
-1.33079 0.305215 3.95858 43.3649 42.4914 33.0374
-1.33202 0.430439 3.95563 55.0079 48.4961 36.4567
-1.3326 0.49384 3.95044 85.7493 75.656 60.232
-1.34257 0.616613 3.54613 90.4098 76.1557 59.9344
-1.40288 0.615077 3.70111 67.1111 53.2222 32.5556
-1.40937 0.617112 3.866 71.3333 58.3333 39.3333
-1.33061 0.584457 3.91319 83.9207 70.4856 57.1731
-1.32889 0.676205 3.5429 127.118 105.7 91.5612
-1.34946 0.642523 3.89892 71.4324 61.8649 47.973
-1.3292 0.767878 3.53606 132.998 112.455 97.3562
-1.33249 0.858216 3.53303 137.745 114.2 98.1553
-1.33123 0.949319 3.52657 140.17 116.517 98.1644
-1.3297 1.04171 3.52077 144.531 117.722 101.938
-1.32487 1.13437 3.51401 145.75 120.007 104.483
-1.32708 1.2273 3.51916 148.955 119.289 102.87
-1.32609 1.31956 3.51999 149.21 120.547 106.197
-1.32181 1.38271 3.51178 150.755 121.181 110.826
-1.31742 1.59389 3.89366 174.953 134.984 124.798
-1.16189 -1.21424 3.44848 33.0339 23.6949 8.94915
-1.21466 -1.21122 3.48018 30 21.8889 7.38889
-1.1679 -1.15791 3.44935 55.4254 41.2689 23.4352
-1.21275 -1.19595 3.47917 34.8182 22.7273 8.81818
-1.16955 -1.04588 3.33368 76.6881 58.2305 39.1017
-1.17065 -1.09313 3.3854 76 57 36.6481
-1.17332 -0.97239 3.3277 77.2538 59.3111 42.4218
-1.1724 -0.881532 3.3243 79.0766 60.9352 46.5383
-1.17096 -0.787991 3.31303 80.3457 62.4547 46.6044
-1.17085 -0.69723 3.31176 83.1507 64.6685 50.1073
-1.17323 -0.606069 3.30428 85.3846 68.0356 49.7955
-1.17223 -0.514334 3.30246 86.2151 71.4283 50.734
-1.17127 -0.422104 3.2935 87.9762 72.691 58.4333
-1.17171 -0.330292 3.28611 86.5683 70.8118 53.452
-1.16787 -0.247486 3.26694 76.4665 54.3971 33.2608
-1.18946 -0.205217 3.5201 46.4286 39.5714 23.3571
-1.16624 -0.213959 3.76059 58.1053 50.6184 34.6842
-1.13766 -0.219435 3.95072 67.8358 59.7761 42.7761
-1.18886 -0.16641 3.53366 64.1739 51.0435 41
-1.18468 -0.174467 3.79385 66.726 63.6438 51.0411
-1.14227 -0.145083 3.97711 86.4962 74.4662 56.4812
-1.17085 -0.055633 3.98158 65.0102 59.0997 41.1023
-1.17277 0.0370885 3.9724 69.6218 66.0492 48.842
-1.17308 0.127961 3.96897 71.0336 69.5581 50.4806
-1.17346 0.218911 3.96249 71.4293 67.488 49.3813
-1.17232 0.308217 3.95878 47.1322 46.4904 38.4518
-1.18468 0.406956 3.95387 57.0676 50.5072 42.2415
-1.17317 0.492328 3.94989 86.8915 76.2791 60.4651
-1.17734 0.620967 3.54344 114.373 96.7831 80.3735
-1.1712 0.583266 3.90905 84.5438 70.4876 59.4697
-1.16948 0.67585 3.54276 137.852 117.34 101.807
-1.23959 0.654587 3.84698 89.5 65.875 64.25
-1.19093 0.638653 3.8779 80.6531 63.3265 55.0204
-1.1735 0.766146 3.54014 141.116 121.798 109.337
-1.17196 0.858708 3.53733 144.857 125.303 110.582
-1.17212 0.951033 3.5333 150.442 126.77 112.224
-1.17121 1.0433 3.52189 154.134 127.751 115.142
-1.17072 1.13428 3.52096 156.718 130.1 119.123
-1.1752 1.22469 3.52288 160.724 131.637 119.724
-1.17103 1.31626 3.51839 164.272 133.923 120.344
-1.17382 1.38006 3.51418 165.995 134.809 125.956
-1.17945 1.59529 3.90609 183.71 145.377 131.696
-0.994751 -1.21354 3.44067 36.2273 26.2955 8.54545
-0.967929 -1.21329 3.49691 30.7273 22.7273 5.81818
-1.01407 -1.16022 3.4528 54.5864 43.7539 28.1099
-0.957086 -1.19446 3.48066 32.75 26 18
-1.01783 -1.04627 3.33862 79.3052 60.9903 38.9643
-0.999921 -1.08961 3.37527 77.6145 59.7108 39.1084
-1.01422 -0.971903 3.32785 80.084 63.2233 45.9084
-1.0116 -0.87965 3.32314 80.9061 65.7864 49.2891
-1.01442 -0.788774 3.3202 83.5741 66.6998 48.9756
-1.01143 -0.697387 3.31557 85.2638 68.1233 49.7742
-1.01429 -0.606239 3.30664 86.6915 71.7714 52.6729
-1.0135 -0.51501 3.3034 87.4629 73.7071 54.9982
-1.0135 -0.422656 3.29729 88.4579 76.2802 56.7564
-1.01376 -0.331031 3.29068 86.337 74.6978 55.4597
-1.01337 -0.251215 3.27004 79.8054 54.5791 37.5937
-1.0905 -0.223798 3.97888 68.4444 54.4444 39.8889
-1.08683 -0.129923 3.98284 88 68.5 55.5
-1.03232 -0.0435905 3.9793 60.1567 57.0092 38.917
-1.07185 -0.0817206 3.99774 140 113.5 81
-1.01931 0.0368447 3.9729 63.5113 61.4689 45.1243
-1.01286 0.127247 3.96727 75.0522 71.4047 54.8564
-1.01451 0.217002 3.96098 75.4 67.7462 51.6436
-1.01604 0.299792 3.96132 62.9441 56.7422 43.3602
-1.06047 0.4416 3.93753 47.5 42.3333 24.1667
-1.01422 0.496671 3.94939 79.3909 70.9943 52.4023
-1.00435 0.614694 3.54417 115.503 100.297 88.5677
-0.941702 0.610559 3.67421 91 76 62
-1.01195 0.58321 3.909 88.4299 75.6943 59.8736
-1.0121 0.675509 3.54317 140.273 123.036 109.013
-0.973985 0.632919 3.8274 87.25 73.25 61
-1.00982 0.636584 3.89096 83.9615 71.3846 57.5769
-1.01508 0.767411 3.5431 146.002 125.94 112.405
-1.01154 0.858294 3.53549 150.146 128.488 114.619
-1.01442 0.950934 3.53202 155.819 131.045 118.54
-1.0123 1.04087 3.52655 161.591 134.173 118.334
-1.01428 1.13429 3.52864 163.641 137.359 124.27
-1.01413 1.22505 3.526 169.686 140.761 127.541
-1.01111 1.31553 3.52191 176.988 143.589 128.814
-1.00336 1.3794 3.52303 182.206 147.071 130.833
-1.0114 1.59173 3.90537 207.174 158.696 145.804
-0.897603 -1.2154 3.41742 42.7872 31.8298 12.5745
-0.895766 -1.15815 3.45139 55.8971 42.3829 21.04
-0.846683 -1.04559 3.33705 81.9401 62.8328 44.0915
-0.891533 -1.08628 3.36819 77.3636 60.9481 35.3636
-0.855924 -0.972269 3.33448 81.5993 64.82 50.141
-0.837946 -1.00408 3.34855 86 63 34
-0.855369 -0.880708 3.32892 83.2015 67.5989 47.5746
-0.85293 -0.788432 3.32192 85.6604 68.5535 48.5328
-0.854843 -0.697627 3.31556 85.7845 69.3444 50.4217
-0.854106 -0.605601 3.3083 87.82 74.1874 55.0891
-0.853081 -0.515751 3.30599 87.4314 74.9693 55.1336
-0.855208 -0.424476 3.29975 90.9088 79.7585 60.6995
-0.854033 -0.333178 3.29301 87.6284 77.544 63.0162
-0.851279 -0.250452 3.27605 87.7399 63.3386 39.5471
-0.823494 -0.201703 3.38132 83.65 70.55 47.45
-0.818565 -0.220242 3.9434 98.1905 75.9524 42.1429
-0.789596 -0.215391 4.00717 104.385 85.8718 59.1282
-0.821891 -0.149486 3.3687 116.451 101.049 70.9804
-0.807395 -0.144429 3.94455 104.047 85.4379 52.568
-0.786369 -0.176618 4.00546 109.364 97.9091 58.7727
-0.822537 -0.0992381 3.37126 112.1 99.5 70.2
-0.823119 -0.0535959 3.94985 87.5487 67.0108 40.6318
-0.838034 0.0364181 3.95394 89.305 69.6716 46.7009
-0.852942 0.125245 3.96829 96.1244 86.7944 60.3122
-0.855043 0.217355 3.96813 93.6914 84.2148 56.637
-0.853186 0.304941 3.96558 82.2343 72.6857 48.66
-0.845031 0.416799 3.96395 60.5795 50.9659 36.7159
-0.856944 0.494783 3.95683 78.4894 68.8378 48.8697
-0.856481 0.614745 3.54491 127.374 113.723 96.6323
-0.916414 0.610981 3.64581 92.25 77.25 60
-0.854924 0.582301 3.90421 86.6236 78.5289 60.7644
-0.855864 0.676775 3.54837 147.085 129.66 113.656
-0.874795 0.634407 3.88816 86.4706 75.1765 60.8235
-0.8543 0.767563 3.54889 152.525 132.894 116.832
-0.854863 0.859079 3.54263 158.097 135.503 120.959
-0.853954 0.950769 3.54179 165.06 139.479 123.444
-0.855996 1.04101 3.53525 170.556 142.564 128.756
-0.854361 1.13338 3.53346 177.795 147.006 131.274
-0.85214 1.22378 3.52642 185.611 151.312 139.339
-0.852942 1.31688 3.53089 194.538 155.706 146.033
-0.856936 1.37567 3.53175 199.919 158.301 143.978
-0.780434 1.46602 3.62181 228.333 179.444 158.444
-0.830402 1.55181 3.81105 233.5 178.5 156.5
-0.891681 1.58502 3.90769 218.196 172.696 149.661
-0.69191 -1.04876 3.33618 83.5444 66.8278 46.8472
-0.694094 -0.972332 3.3354 85.128 69.2541 51.4186
-0.696964 -0.880636 3.33024 86.324 71.1266 54.2272
-0.695459 -0.788977 3.32669 85.5589 73.3761 52.9139
-0.694298 -0.696323 3.3188 84.396 72.2609 53.458
-0.696555 -0.606564 3.31686 90.6928 79.3351 59.356
-0.694283 -0.513794 3.30764 86.4702 75.1537 55.2658
-0.694901 -0.422637 3.30018 92.9735 84.9894 63.7443
-0.695026 -0.331836 3.29393 88.5266 80.2447 61.7606
-0.696436 -0.252221 3.27569 91.5239 68.7081 45.7368
-0.74861 -0.205686 4.01848 114.044 93.7111 60.5556
-0.687456 -0.1337 3.98753 105.848 91.5444 60.0407
-0.744995 -0.167151 4.00749 112.77 95.1351 62.6757
-0.695393 -0.0556731 3.98638 96.4089 87.1927 54.9974
-0.694389 0.0351529 3.98416 102.906 95.3117 61.7091
-0.771735 0.00636178 3.99761 88.4 79.6 52
-0.693191 0.126296 3.97634 109.541 97.1401 64.6265
-0.698455 0.218028 3.97179 99.3406 90.6423 61.0438
-0.631538 0.338635 3.65882 78.4848 60.4242 42.9091
-0.698777 0.299321 3.96942 90.2189 78.7744 59.1987
-0.638043 0.388457 3.65303 90.2371 71.2577 52.2577
-0.713644 0.527837 3.94576 67.5 55.2333 45.5667
-0.690656 0.610457 3.55374 132.491 120.22 101.289
-0.677827 0.609331 3.86654 86.7308 74.3462 66
-0.698519 0.579228 3.88783 79.9699 71.7863 61.0082
-0.695751 0.675436 3.5532 151.769 136.965 119.198
-0.694975 0.768434 3.55066 159.647 139.357 122.512
-0.694379 0.859414 3.54469 164.743 143.465 125.318
-0.69654 0.950746 3.53667 172.782 147.908 129.204
-0.693337 1.04256 3.534 180.35 152.21 135.204
-0.696201 1.13545 3.53454 190.084 157.511 141.78
-0.691069 1.22531 3.53317 199.348 165.907 150.007
-0.695089 1.31626 3.53514 212.556 171.418 155.733
-0.696904 1.39712 3.54809 226.428 180.547 166.367
-0.649702 1.44499 3.61338 244.154 196 184
-0.69823 1.468 3.62577 241.621 212.126 191.158
-0.619799 1.54365 3.91182 243 199.5 187
-0.628072 1.57253 3.9104 244.393 227.643 211.571
-0.53466 -1.05009 3.33938 85.4899 67.1507 49.2841
-0.54929 -1.08038 3.34894 83.3462 64.1154 42.8462
-0.537558 -0.97301 3.33637 85.8571 71.4875 54.2089
-0.509163 -0.97901 3.35336 85.8571 70.9048 53.9524
-0.535387 -0.879627 3.33223 88.3058 74.0468 50.7014
-0.534889 -0.788906 3.32979 88.065 74.7838 56.7364
-0.537791 -0.697946 3.32682 87.8349 75.6422 56.7028
-0.534541 -0.604653 3.3165 92.0242 81.6494 57.6459
-0.535856 -0.513561 3.3121 88.0832 78.7434 56.5363
-0.536062 -0.422588 3.30526 93.763 86.2889 66.3685
-0.536744 -0.331211 3.29898 88.1384 82.8967 59.704
-0.537952 -0.251251 3.27911 96.9494 75.0483 45.9195
-0.572579 -0.202604 3.36902 137.471 113.588 74.2353
-0.540676 -0.208033 3.94791 100.06 74.9643 44.9881
-0.486972 -0.225097 4.0063 125.972 96.1972 59.5634
-0.565508 -0.185078 3.36814 133.714 107 64.3571
-0.538882 -0.146335 3.96548 100.441 87.5013 58.9849
-0.464395 -0.157596 3.99814 122.636 108.97 81.7273
-0.536134 -0.0560361 3.98834 95.9526 87.0175 59.818
-0.521904 -0.01389 3.99774 84.25 80.5 53.25
-0.537406 0.0343693 3.98442 89.3798 80.0362 55.5194
-0.514783 -0.00194942 3.9975 89.2222 80.4444 53.8889
-0.536761 0.126261 3.97736 101.31 91.9495 67.2957
-0.537035 0.2189 3.97133 96.6516 89.3133 66.589
-0.591404 0.340364 3.68736 85.2 66.7556 49.6889
-0.527505 0.354469 3.7673 80.6667 62 40.3333
-0.535941 0.304127 3.96771 88.7224 79.6119 56.0283
-0.598149 0.384166 3.67117 98.5405 74.973 54.4865
-0.527437 0.371742 3.76719 79.6 64.9 44.45
-0.498006 0.396576 3.96723 74.4969 64.6319 52.9448
-0.517792 0.499283 3.95754 86.4348 82.0994 64.8075
-0.540139 0.610211 3.56277 141.556 130.111 106.712
-0.535386 0.578127 3.88882 88.2405 81.0429 67.2071
-0.535724 0.675412 3.55649 156.853 142.141 124.639
-0.534441 0.633506 3.8856 88.25 79.75 72.25
-0.535641 0.766272 3.54852 165.083 146.121 129.917
-0.536212 0.858491 3.54963 172.09 151.107 133.222
-0.538266 0.950062 3.54402 180.733 156.475 141.226
-0.535254 1.04217 3.53918 192.909 162.813 146.994
-0.535084 1.13418 3.53629 205.371 170.145 155.014
-0.536853 1.22357 3.53481 218.686 178.408 163.353
-0.535175 1.31635 3.53219 236.388 189.615 172.281
-0.554201 1.37238 3.52562 241.684 195.368 177.816
-0.584662 1.54442 3.9177 245 204.5 193.25
-0.53798 1.56961 3.91826 243.45 236.45 221.351
-0.336608 -1.33713 3.34334 118.083 86.75 50.1667
-0.360302 -1.23308 3.43769 53.398 38.0796 22.8856
-0.374789 -1.15342 3.45582 69.4753 55.6021 34
-0.422737 -1.03681 3.34619 84.3723 68.1915 50.3723
-0.362615 -1.06374 3.35793 86.195 67.7242 50.9331
-0.39701 -0.974917 3.34256 86.584 70.3979 54.553
-0.333156 -0.969104 3.35251 88.0919 73.0216 56.8486
-0.386624 -0.873288 3.33746 87.6447 74.9435 57.2871
-0.34919 -0.904703 3.34947 88.621 73.6694 57.5081
-0.376675 -0.788855 3.33457 89.1888 76.9909 58.8639
-0.377177 -0.698246 3.32957 91.4109 78.9788 59.8342
-0.377044 -0.606167 3.32277 92.6041 80.8549 59.7355
-0.374745 -0.515329 3.31657 92.7201 83.7237 62.3244
-0.378243 -0.422911 3.3109 93.2867 85.9883 68.1333
-0.377903 -0.330574 3.3027 89.1719 83.2986 64.651
-0.377799 -0.253979 3.28355 99.8036 75.0357 44.4643
-0.368497 -0.213905 3.98601 125.353 98.9216 60.1765
-0.402842 -0.215152 4.00525 125.783 99.8478 59.2609
-0.368555 -0.146138 3.99442 121.91 109.217 79.8828
-0.39972 -0.154212 3.99927 124.825 111.405 83.4762
-0.378563 -0.0563359 3.99194 97.1018 88.8851 58.6684
-0.304612 -0.0436278 3.99762 85.4286 75.5714 49.5714
-0.377481 0.0341726 3.98759 98.8861 88.7599 62.5866
-0.379228 0.125735 3.98108 103.171 92.8361 64.2131
-0.377544 0.217566 3.9743 96.2 89.4024 64.6756
-0.326872 0.333573 3.69449 116.915 104.859 78.4366
-0.31846 0.310491 3.77596 92.7143 82.1429 67.7143
-0.38035 0.292865 3.96012 89.0321 80.2536 60.2071
-0.316029 0.393253 3.69019 130.25 122.596 103.731
-0.383875 0.514813 3.96073 107.565 100.238 86.014
-0.377513 0.611014 3.56261 149.425 140.85 117.822
-0.377567 0.576576 3.89806 95.2614 88.5444 73.7578
-0.37826 0.674928 3.55876 163.461 149.425 130.189
-0.437374 0.631102 3.91084 97.75 91.25 83.25
-0.378066 0.76579 3.55295 172.787 154.137 135.386
-0.378146 0.858646 3.55019 181.372 160.112 143.339
-0.377645 0.950078 3.54576 194.291 166.207 148.23
-0.378609 1.04282 3.54705 206.688 174.761 157.324
-0.375992 1.13263 3.53987 221.484 184.159 168.95
-0.37504 1.22509 3.53656 238.301 196.543 178.117
-0.37885 1.31508 3.53298 244.291 214.104 194.755
-0.369581 1.37317 3.54406 243.991 230.902 208.643
-0.389914 1.57082 3.92545 242.344 249.731 237.645
-0.163269 -1.32619 3.30856 119.281 87.9649 55.8596
-0.215386 -1.2718 3.20457 115.263 86.8947 54.6842
-0.214525 -1.2572 3.22046 111.4 79.68 53.08
-0.23743 -1.2351 3.43279 55.902 41.1029 20.7549
-0.215174 -1.21726 3.4845 37.5 25.2273 4.31818
-0.217139 -1.15297 3.45914 72.1246 59.177 38.9148
-0.217239 -1.18827 3.48101 62.56 52.16 29.72
-0.217252 -1.05716 3.3645 86.8695 70.0022 51.2345
-0.217298 -0.972452 3.35909 89.6061 72.8219 55.1691
-0.22292 -0.865284 3.34158 91.9097 75.243 55.8692
-0.21294 -0.902069 3.35167 90.2735 75.4843 54.5471
-0.223188 -0.790731 3.33778 91.5616 79.5802 60.6157
-0.149808 -0.77947 3.3507 94.6 79.375 57.475
-0.217651 -0.698487 3.33559 93.7153 80.8767 61.5538
-0.216818 -0.606563 3.32764 95.2691 83.2083 65.3108
-0.216504 -0.515463 3.3217 94.3028 87.3062 65.1471
-0.219521 -0.424008 3.31351 96.3372 89.0777 69.238
-0.218326 -0.331154 3.30348 90.968 86.4098 67.6172
-0.217833 -0.254077 3.28439 108.464 82.8083 53.4197
-0.268025 -0.219442 3.98291 136.544 112.426 77.6176
-0.190163 -0.221371 4.00359 146.642 125.068 90.7027
-0.291334 -0.148677 3.99697 108.5 97.5 75
-0.219698 -0.148873 4.00035 141.972 128.005 99.9674
-0.19092 -0.0443391 3.99235 114.364 100.705 66.7803
-0.233315 -0.0625581 3.99842 106.634 97.4066 66.8059
-0.217543 0.0362721 3.98183 111.118 96.519 66.8886
-0.252161 -0.00420407 3.99954 91.2 77.7 58.2
-0.217682 0.127021 3.97915 107.98 98.0988 70.2617
-0.216948 0.218447 3.97345 103.023 97.6458 70.4977
-0.292233 0.336425 3.69581 132.833 120.083 88.5
-0.213246 0.298212 3.96737 88.4389 80.3237 58.982
-0.291042 0.383096 3.70283 142.889 133.519 104.037
-0.177039 0.401279 3.95639 81.0978 80.7283 58.6957
-0.204507 0.499536 3.96537 111.737 105.135 87.6667
-0.215775 0.606014 3.56465 156.822 145.657 125.868
-0.219338 0.574511 3.9067 106.143 98.0631 83.4976
-0.218173 0.675396 3.56161 170.792 155.149 138.574
-0.185256 0.632513 3.91278 120 108 96
-0.21891 0.76677 3.55552 180.016 160.778 140.811
-0.220382 0.856514 3.5459 190.01 168.346 148.987
-0.217805 0.949561 3.54544 206.031 175.752 158.593
-0.219337 1.04084 3.54237 221.304 187.371 167.199
-0.217632 1.13236 3.54189 238.25 198.915 182.824
-0.217109 1.22444 3.539 244.304 218.715 198.843
-0.215515 1.31705 3.53815 243.405 242.459 221.21
-0.225996 1.36999 3.53718 242.326 249.913 237.674
-0.180851 1.54162 3.91694 242 250 241
-0.221125 1.55995 3.91848 242 250 241
-0.0646626 -1.32743 3.31043 120.742 88.4291 55.2436
-0.0146166 -1.34002 3.35291 121.727 86.5455 53.3636
-0.125455 -1.28973 3.30701 112.5 79.75 45.5
-0.0568363 -1.23665 3.44749 49.3248 35.6709 21.7479
-0.0524265 -1.21421 3.50601 35.4545 27.7273 21.8182
-0.0604345 -1.15528 3.46113 73.7578 60.1488 39.1834
-0.044034 -1.18439 3.48252 66.875 56.25 27.9375
-0.0588975 -1.05898 3.36737 87.9494 71.1031 51.9163
-0.0599257 -0.971488 3.35993 90.1021 74.1434 54.1057
-0.0228151 -0.879989 3.34753 91.7838 77.027 59.5405
-0.0600759 -0.880475 3.35218 92.384 76.7281 57.0703
-0.0421775 -0.77154 3.34037 93.3442 79.7645 60.1884
-0.0736379 -0.805052 3.35028 93.7733 78.5067 57.76
-0.0582649 -0.696451 3.33629 94.717 82.467 62.3229
-0.0579807 -0.604376 3.3255 95.0365 85.3524 67.1441
-0.0577701 -0.513669 3.31837 95.776 88.5955 68.099
-0.0571408 -0.422944 3.31618 98.5767 90.4401 72.9005
-0.0607493 -0.331057 3.30713 94.2378 89.9218 71.8485
-0.0619179 -0.256796 3.28754 108.858 81.0474 54.2061
-0.064091 -0.221159 4.00953 135.35 118.306 81.9951
-0.0597354 -0.149166 4.00381 134.03 122.444 92.169
-0.0770851 -0.0299446 3.98441 111.927 94.1936 64.0726
-0.0514197 -0.0691049 4.00241 109.285 95.3772 66.4448
-0.0586634 0.0346113 3.97985 117.706 102.581 75.2292
-0.0583957 0.126211 3.98644 115.857 100.884 75.6938
-0.0577285 0.217401 3.97828 105.808 91.6574 66.9236
-0.0573843 0.3043 3.96954 93.614 83.1491 60.1345
5.67585e-05 0.416558 3.84339 112.875 104.125 92.7083
-0.069696 0.402228 3.94607 99.2291 93.613 76.8019
-0.0608474 0.494655 3.96828 120.826 114.01 96.3222
-0.0558914 0.606307 3.56928 167.502 154.747 131.56
-0.0599223 0.573775 3.9021 112.949 103.441 91.1564
-0.0561517 0.675532 3.56168 180.971 163.337 143.755
-0.060466 0.766764 3.55529 189.606 169.951 149.96
-0.060659 0.858817 3.55258 203.408 177.697 158.297
-0.0607577 0.950298 3.55095 219.06 187.832 170.398
-0.0584954 1.04152 3.54472 236.533 200.641 183.927
-0.0586795 1.13505 3.54499 244.441 219.611 201.508
-0.0576353 1.2261 3.54513 243.332 245.069 223.308
-0.0555352 1.31588 3.54404 242.021 249.983 240.792
-0.0692149 1.37379 3.55464 242 250 241
-0.0232893 1.53896 3.92401 242 250 241
-0.0614009 1.55878 3.92631 242 250 241
0.0439961 -1.32226 3.30308 120.854 89.5122 57.7805
0.0796669 -1.23654 3.43296 51.6869 37.3692 22.215
0.0939759 -1.22057 3.5268 50.1429 37.2857 18.7857
0.0927329 -1.15756 3.46172 75.2065 58.5399 36.4167
0.136187 -1.18365 3.48321 63.1429 49.6786 25.5
0.101447 -1.06053 3.3645 87.9027 71.3463 49.0992
0.0236035 -0.964783 3.34811 90.5 74 49
0.10108 -0.971866 3.3553 90.2289 73.9014 53.6532
0.0792801 -0.867999 3.34424 91.7108 78.1205 58.5843
0.110371 -0.886166 3.3511 91.4697 77.5631 54.8763
0.0878848 -0.783371 3.34213 94.5222 79.4622 57.3622
0.141891 -0.813448 3.34993 92.2031 78.0156 59.0938
0.109213 -0.698579 3.33839 95.2306 82.2054 64.8275
0.0422809 -0.695069 3.35166 96.8261 82.4493 65.3333
0.0995188 -0.60471 3.3297 97.0712 85.1508 65.9525
0.0996248 -0.51355 3.32512 98.7795 88.7118 65.8854
0.099202 -0.423047 3.31859 100.212 92.1181 71.8459
0.0995607 -0.331175 3.31026 95.81 88.9217 70.845
0.0986531 -0.259402 3.28983 111.047 84 54.4689
0.131738 -0.19896 3.98887 142.75 120 92.25
0.0787041 -0.220429 4.01162 139.701 116.986 90.1875
0.134007 -0.143956 3.99036 109.88 95.1549 71.5141
0.0790463 -0.149944 4.00589 113.616 102.011 75.9928
0.107607 -0.0539394 3.96949 99.3252 88.1779 61.4632
0.0441301 -0.0802797 4.00506 97.2923 85.2308 53.5385
0.114062 0.0213643 3.97814 106.119 93.2452 70.7203
0.0786931 0.0532513 4.00082 111.047 99.7661 79.1988
0.103704 0.129316 3.98904 124.003 113.162 87.6103
0.076308 0.0917759 3.99894 120.643 109.75 85.75
0.0996884 0.21793 3.98528 116.475 103.48 78.3532
0.102873 0.303308 3.96933 109.16 95.1302 77
0.0521128 0.402859 3.73143 120.194 110.75 99.75
0.0781374 0.410552 3.77986 122.216 111.569 99.2876
0.115312 0.390696 3.95426 110.731 100.983 87.5429
0.0574111 0.45601 3.84801 130.571 120.857 103.143
0.106711 0.498944 3.96539 123.57 115.944 101.371
0.100963 0.604008 3.56715 174.633 158.619 137.2
0.0972297 0.574412 3.90145 116.794 109.12 99.2614
0.101979 0.675212 3.56766 185.681 166.419 145.332
0.0997063 0.767043 3.56035 197.162 173.299 152.853
0.100499 0.85791 3.55671 212.707 182.779 162.115
0.0983674 0.950893 3.55776 229.838 193.149 174.683
0.0986733 1.04236 3.54734 243.765 208.976 191.317
0.099028 1.13433 3.54236 244.258 235.332 213.249
0.101431 1.22608 3.54626 242.145 249.819 239.809
0.101482 1.31507 3.54458 242 250 241
0.0965009 1.36758 3.54855 242 250 241
0.126786 1.54212 3.9259 242 250 241
0.100819 1.55591 3.92995 242 250 241
0.269512 -1.20358 3.37114 32.8571 24.7143 20.7143
0.267584 -1.19199 3.37028 32.8182 22.1818 11.4545
0.190809 -1.08842 3.34414 84.875 65.2917 41.7917
0.263677 -1.05987 3.35891 88.1037 68.9883 49.1624
0.301904 -0.980458 3.34722 90.2083 70.9167 52.7917
0.257953 -0.972874 3.35755 90.8 72.7063 54.5207
0.233741 -0.877763 3.34372 92.2336 76.5395 56.0329
0.286518 -0.882964 3.3534 92.2757 76.7978 54.0551
0.257261 -0.788195 3.34282 90.787 77.9331 57.1391
0.322687 -0.829771 3.35039 93.0833 79.4167 56.75
0.305388 -0.65616 1.63267 77 45 17
0.330344 -0.674318 1.7683 69.7328 40.9741 16.5431
0.257417 -0.697367 3.33729 98.4813 83.1327 65.369
0.275826 -0.603026 1.59365 71.043 43.4072 22.9367
0.320744 -0.606738 1.77532 63.292 37.5766 17.3102
0.335169 -0.60403 1.8033 72 49.5 12.6667
0.259506 -0.606386 3.33641 99.8497 86.3108 67.2855
0.2595 -0.516479 1.58134 63.2649 42.6135 23.6919
0.299462 -0.514147 1.77102 93.9103 61.7564 37.0256
0.317516 -0.506673 1.81175 84.2734 57.9062 33.7734
0.258137 -0.513575 3.32288 100.477 89.1226 70.0098
0.236929 -0.423858 1.52868 117.165 81.4941 53.6824
0.245995 -0.446164 1.56148 80.8947 56.6391 34.9624
0.282894 -0.437048 1.76133 145.915 102.723 71.2234
0.317082 -0.44225 1.8143 136.519 92.6355 55.9019
0.25826 -0.423153 3.31989 106.182 94.1734 79.4731
0.257872 -0.331926 3.31596 98.8453 88.6491 70.8293
0.260945 -0.261818 3.29594 118.364 87.5612 64.8878
0.330612 -0.244382 3.83625 115.714 95.7857 62.1429
0.281763 -0.246615 3.94633 121.375 102.25 72.375
0.278134 -0.225716 4.01227 137.801 116.524 83.8155
0.224925 -0.150888 3.99019 109.924 95.0758 64.0909
0.266548 -0.145903 4.00654 96.9556 83.7811 60.9763
0.24832 -0.0523556 3.97425 98.5296 85.6775 60.7189
0.305423 -0.0839616 4.00202 92.7353 79.7353 56.9706
0.25332 0.0339375 3.97374 97.9533 86.9214 65.6339
0.329187 0.0270497 4.00582 99.8947 87.1579 59.1053
0.258573 0.128891 3.98323 106.357 97.187 76.6334
0.260202 0.105549 4.0004 107.355 95.7742 74.6774
0.259198 0.21827 3.98359 105.267 92.763 73.6173
0.303993 0.321167 3.80214 114.687 92.8087 79.2609
0.2484 0.293427 3.95754 102.433 86.3764 70.7871
0.306397 0.384859 3.81895 119.655 108.77 94.5172
0.231525 0.40511 3.95414 108.794 98.9693 83.6842
0.259382 0.492932 3.97506 122.692 114.345 101.25
0.262415 0.602568 3.57162 181.96 162.797 140.573
0.257609 0.571728 3.9045 121.416 112.107 99.6168
0.258374 0.675173 3.57 192.714 170.401 151.779
0.260478 0.767708 3.56349 207.709 178.929 157.498
0.259013 0.858821 3.55639 222.08 189.385 169.916
0.259686 0.951603 3.55807 239.009 201.595 181.576
0.256987 1.04153 3.5475 244.57 219.903 201.914
0.260619 1.13307 3.54598 243.499 245.209 225.417
0.25946 1.22516 3.54783 241.992 249.985 240.939
0.259216 1.31625 3.54548 242 250 241
0.287417 1.36584 3.5383 242 250 241
0.216127 1.54065 3.92666 242 250 241
0.2106 1.55369 3.93009 242 250 241
0.435136 -1.11488 3.37756 85.7778 62.6667 43.7778
0.417756 -1.06162 3.36136 88.7083 68.9156 48.5873
0.361739 -0.98757 3.34754 92.5789 70.8947 46.5789
0.417169 -0.973779 3.35399 91.5725 72.0707 49.9511
0.413427 -0.880437 3.34501 94.9534 76.9534 51.5743
0.402261 -0.884439 3.35118 94.3613 76.0209 53.3298
0.411817 -0.786129 3.34119 92.4447 76.8034 54.3015
0.44547 -0.806091 3.34928 94.1571 77.0571 51.4143
0.344712 -0.687276 1.77942 76.15 47.46 21.63
0.392287 -0.69514 1.84685 71.1122 41.6913 17.5255
0.418685 -0.698886 3.3406 100.523 83.5563 64.4766
0.382874 -0.659352 3.35185 105.269 84.6923 69.6538
0.340442 -0.647273 1.78405 60.75 34 14.5
0.382167 -0.612411 1.85996 69.4093 44.7891 21.3659
0.418738 -0.605722 3.33458 100.906 85.3374 65.4504
0.383794 -0.646007 3.35191 103.4 85.5 69.2
0.377275 -0.519661 1.87987 82.952 59.2907 38.5493
0.418142 -0.514803 3.32789 102.683 89.4341 69.5219
0.375397 -0.440273 1.89043 132.893 89.8731 61.0457
0.419345 -0.434777 1.92374 131.882 92.1447 58.6842
0.419306 -0.423306 3.32594 108.946 94.7492 75.8367
0.418147 -0.331735 3.31718 101.493 87.8788 68.3971
0.415361 -0.264327 3.29511 116.855 85.3024 58.996
0.380558 -0.233037 3.82839 122.958 99.6891 58.0252
0.412272 -0.211638 3.93606 130.273 105.42 63.125
0.426959 -0.206654 4.00846 122.613 100.065 71.871
0.384176 -0.190681 3.99564 99 83.3333 62.5833
0.413164 -0.14624 4.01296 97.4717 82.1267 56.5256
0.44737 -0.0651354 3.99113 101.81 83.8608 60.9494
0.411303 -0.053467 4.01624 97.9883 82.349 59.8592
0.431429 0.0382007 3.95606 110.27 93.5608 72.6959
0.380445 0.0287094 4.00675 108.364 93.3091 70.2727
0.417083 0.11929 3.97198 112.038 100.191 79.7023
0.432701 0.142407 4.0028 98.9423 87.6731 76.4135
0.404812 0.212441 3.99086 97.4589 87.9007 70.2842
0.451223 0.231375 4.00057 108.602 96.0885 77.9646
0.461915 0.330241 3.71939 146.778 131.806 109.917
0.402319 0.310932 3.79071 98.0833 83.4167 73.8333
0.412148 0.291859 3.95047 98.3041 86.2371 75.3866
0.490365 0.267204 4.00283 113.2 102 85.2
0.459349 0.376913 3.70044 157 142.179 123.429
0.456108 0.398862 3.77685 144.429 132 108.286
0.409978 0.411497 3.97267 121.831 105.788 91.7143
0.419296 0.496193 3.97439 128.387 118.212 104.271
0.418295 0.600453 3.57167 184.352 163.827 144.621
0.418835 0.569178 3.90294 124.409 111.262 100.047
0.416704 0.675219 3.56975 199.444 171.703 154.064
0.417057 0.767205 3.56637 212.872 180.511 161.168
0.418563 0.85776 3.56096 227.331 190.715 170.529
0.416543 0.950435 3.55973 242.943 202.928 185.331
0.418873 1.04134 3.5514 244.516 226.759 204.064
0.417885 1.13131 3.54917 243.178 248.475 229.105
0.419507 1.22528 3.55482 241.996 249.996 240.996
0.416536 1.31201 3.54712 242 250 241
0.413814 1.36407 3.54339 242 250 241
0.440785 1.53765 3.93796 242 250 241
0.424309 1.54987 3.93734 242 250 241
0.504113 -1.06275 3.35865 85.4773 67.2955 43.2273
0.629006 -0.966735 3.35425 83.4615 62.1538 37
0.648778 -0.841551 3.34438 93.2308 64.6923 40.6923
0.645926 -0.875643 3.35258 88.1026 64.8462 46.6154
0.604786 -0.764522 1.97529 68.4913 37.3534 10.1767
0.530029 -0.766821 3.33455 93.48 72.98 46.58
0.636975 -0.659839 1.90657 70 30.75 6.125
0.606911 -0.699325 1.97071 64.0415 31.9077 8.0655
0.565886 -0.692611 3.33853 103.276 84.4363 66.4468
0.584993 -0.66373 3.35116 103.6 84.96 67.08
0.60162 -0.577231 1.49954 71.6923 35.8269 8.94231
0.6038 -0.595973 1.60033 76.1269 39.9129 6.04545
0.601065 -0.593462 1.72507 76.2931 38.3128 11.2783
0.598323 -0.592236 1.85953 76.7569 40.8315 10.1271
0.587915 -0.612304 1.97042 82.7004 48.5056 21.0412
0.576632 -0.604716 3.3366 100.741 84.6732 67.5161
0.600845 -0.642738 3.35451 102.556 83.6389 70.9444
0.604894 -0.502298 1.34696 155.956 94.3384 44.9049
0.599197 -0.50184 1.46312 152.469 94.2118 46.0904
0.595534 -0.498751 1.59484 156.809 98.3953 52.1852
0.595872 -0.496511 1.72841 164.569 101.504 59.0553
0.587202 -0.499346 1.85657 162.607 100.67 57.8829
0.582089 -0.498905 1.96171 148.112 94.7016 57.3508
0.577269 -0.513848 3.33268 104.263 88.0638 69.3939
0.577455 -0.42282 3.32832 109.66 93.5717 73.1865
0.578621 -0.332088 3.32382 102.542 86.0128 65.697
0.57108 -0.268615 3.29989 117.772 80.1535 55.2574
0.641754 -0.256143 3.79607 102.435 85.5652 71.5217
0.602093 -0.219173 3.94004 104.093 92.5116 69.1163
0.581382 -0.217479 4.00748 107.761 94.3523 69.4773
0.61154 -0.151307 3.94494 110.614 101.382 70.1107
0.561103 -0.144219 4.00641 123.946 108.682 84.1705
0.612105 -0.0514546 3.94765 109 96.1219 76.4715
0.575668 -0.0572272 4.01027 115.178 100.949 81.4013
0.53304 0.0335733 3.96233 107.195 89.6036 65.2071
0.630985 0.0332394 4.00198 82.3388 75.5372 57.7769
0.56732 0.132662 3.99132 117.016 99.0432 77.2162
0.58608 0.126111 4.00657 101.198 87.0918 69.1884
0.588127 0.218975 3.99416 112.758 93.7658 73.6691
0.556123 0.219434 4.00034 112.892 94.8662 74.8153
0.583304 0.30048 3.98019 98.4804 87.6961 74.6078
0.592289 0.316335 4.00165 97.55 87.8 70.225
0.601101 0.406851 3.97912 111.341 97.3373 89.2972
0.652449 0.3954 3.99741 88.5 78.25 74.5
0.576964 0.49625 3.97509 130.733 115.71 95.6516
0.579526 0.599092 3.57719 183.15 158.391 138.884
0.576526 0.569806 3.90594 126.45 110.453 98.4969
0.57434 0.675076 3.5704 198.062 169.605 149.602
0.576282 0.765754 3.56183 212.603 177.955 161.315
0.577005 0.857857 3.5648 226.026 187.622 169.515
0.578019 0.95044 3.564 241.705 200.366 182.036
0.575818 1.03981 3.55812 244.671 222.894 201.303
0.577034 1.13268 3.55624 243.12 247.888 229.737
0.571933 1.22425 3.55115 242 250 241
0.582105 1.31478 3.55929 242 250 241
0.579722 1.36809 3.58173 242 250 241
0.595245 1.5376 3.94 242 250 241
0.566044 1.54755 3.94048 242 250 241
0.779624 -1.11677 3.36971 81.5385 52.7308 25.6923
0.778837 -1.06125 3.36513 83.0924 59.1285 33.4659
0.758552 -0.970074 3.36162 87.0795 62.6 42.2822
0.660204 -0.847893 3.34395 90 68.5 49.5
0.758026 -0.881327 3.35974 88.6557 66.7418 43.9696
0.752159 -0.787866 3.34509 97.823 68.1239 47.5929
0.783568 -0.800597 3.35139 90.7456 70.3728 50.0296
0.657312 -0.721057 1.96877 50.125 27.3125 6.6875
0.743262 -0.682454 3.33956 102.55 81.4048 62.7909
0.802597 -0.721183 3.34978 93.4545 71.1364 55.7955
0.731379 -0.605233 3.34036 100.474 82.8571 65.4791
0.808878 -0.625297 3.349 98.8571 77.6 56.8
0.723855 -0.499092 1.35008 186.471 111.88 51.422
0.72975 -0.493577 1.46404 189.943 118.027 61.4755
0.732848 -0.493177 1.59125 189.583 117.435 60.6317
0.746685 -0.488795 1.71765 178.026 111.891 61.8158
0.736917 -0.486686 1.85184 211.214 135.55 79.2785
0.741222 -0.486973 1.96286 197.317 124.917 71.0778
0.736353 -0.51357 3.33397 102.602 84.8834 65.1294
0.778764 -0.466692 1.72672 202.083 127.083 86.75
0.735358 -0.423406 3.33533 107.085 89.8748 73.4095
0.736794 -0.333026 3.32812 100.371 82.3005 62.4574
0.733678 -0.269754 3.29685 130.373 88.283 55.0047
0.713259 -0.255544 3.79453 88.929 67.4911 49.6391
0.694814 -0.225259 3.93198 79.6977 68.0349 52.186
0.739414 -0.213471 4.01243 84.7255 62.3922 51.7059
0.679196 -0.146223 3.90025 86.0087 78.5043 54.887
0.743274 -0.146926 4.01376 90.0645 69.879 54.0081
0.686336 -0.055033 3.93879 107.38 92.6467 79.72
0.746146 -0.0472587 4.00416 108.139 83.6609 66.5652
0.729363 0.040552 3.98507 81.9639 75.259 60.494
0.740544 0.0308 4.00317 87.3651 77.1535 58.722
0.727653 0.103342 3.99161 93.1389 81.6389 68.4167
0.737385 0.126997 4.00428 91.6446 80.3113 66.375
0.747354 0.239075 3.9933 92.3282 74.7385 59.6667
0.725869 0.203019 3.99965 114.494 92.2846 63.9684
0.782949 0.323717 3.75662 139.914 117.714 102.543
0.727747 0.293153 3.98696 86.8316 71.9474 57.6737
0.681855 0.308523 4.00057 89.2414 78.1954 60.1264
0.779908 0.39391 3.74754 157.985 143.132 133.971
0.694289 0.411994 3.98965 100.941 86.1356 75.0339
0.691779 0.393057 4.00409 94.4 83.7765 70.4824
0.734794 0.495568 3.97642 119.099 104.232 89.8618
0.737557 0.59655 3.57791 182.753 155.419 138.623
0.734778 0.564672 3.90703 117.88 101.805 91.9349
0.736749 0.675374 3.57783 201.078 167.243 148.338
0.738002 0.766415 3.57341 213.932 173.956 160.943
0.735977 0.858351 3.56404 227.192 185.166 167.362
0.73545 0.950592 3.56317 242.026 199.208 179.462
0.737547 1.04158 3.55735 244.788 220.563 196.52
0.735702 1.13372 3.56059 243.508 245.807 226.236
0.736471 1.22385 3.55648 241.998 249.998 240.998
0.736216 1.31059 3.54944 242 250 241
0.714808 1.53404 3.93997 242 250 241
0.830376 -1.20797 3.55094 56 38.5 20.1667
0.898708 -1.1185 3.38338 82.7593 61.3333 34.3148
0.883797 -1.06407 3.37441 86.8948 64.3036 42.1012
0.883747 -0.972189 3.3668 90.2392 66.8765 46.0235
0.929935 -0.890785 3.34428 92.1176 66.4118 40.3529
0.87126 -0.884452 3.35869 91.5571 69.4071 45.6333
0.880009 -0.783822 3.355 95.8309 73.2474 53.4722
0.863672 -0.67992 3.34381 97.8605 77.6047 55.9302
0.907528 -0.705787 3.35272 97.784 76.115 56.1714
0.873273 -0.599645 3.34178 100.362 80.513 57.5234
0.929858 -0.619319 3.35218 99.6481 80.8326 52.9528
0.818433 -0.501219 1.39906 191 105.2 53.6
0.846397 -0.501201 1.47373 188.958 112.445 50.829
0.872798 -0.501972 1.61331 184.062 111.434 51.9056
0.910088 -0.498632 1.71696 176.315 108.173 55.7141
0.879715 -0.489061 1.83905 197.273 125.394 67.7586
0.894516 -0.494038 1.94245 192.137 118.765 60.2353
0.894432 -0.513301 3.3393 103.713 83.5239 63.7345
0.902793 -0.51796 3.34952 104.357 83.4286 61.2143
0.946363 -0.423633 1.7247 144.064 94.8725 59.4205
0.964482 -0.463057 1.81058 193.333 111 65.3333
0.89452 -0.422449 3.33379 106.48 86.3398 71.8585
0.945438 -0.374049 1.71759 97.375 70.875 35.4062
0.893272 -0.331856 3.32373 95.6051 76.019 53.8325
0.936983 -0.292158 3.90151 195.688 134.188 90.8125
0.936277 -0.293731 4.00011 192.333 138.5 97.8333
0.896322 -0.269424 3.30893 132.818 87.8281 59.9792
0.951806 -0.246356 3.92887 112.019 77.5769 57.1827
0.93936 -0.226891 4.03318 97.2037 71.6389 58.787
0.938674 -0.150543 4.03383 102.482 77.8492 61.8241
0.907285 -0.0558976 3.97558 81.8553 63.25 49.5395
0.94182 -0.0545948 4.0133 87.8973 71.5753 60.3493
0.926323 0.0519418 3.99442 73.7671 67.3836 53.0274
0.891856 0.0330271 4.00734 75.4132 70.4341 56.997
0.952424 0.148186 3.99616 75.1837 66.0408 55.0408
0.887787 0.123345 4.00307 76.1508 67.1217 58.3228
0.894212 0.225034 3.99311 89.2063 70.3094 53.3543
0.871451 0.195703 4.00004 94.3893 76.7047 58.0604
0.874958 0.288858 3.99161 90.527 71.2703 60.3514
0.914744 0.273085 3.99791 78.5 56 56.3333
0.969216 0.374662 3.98214 68.7273 56.7273 50.8182
0.891997 0.499671 3.96057 100.824 85.0762 78.4388
0.887077 0.451702 3.99761 170.25 148 123.5
0.893974 0.594929 3.5811 179.975 151.559 131.809
0.893872 0.566089 3.90913 114.007 92.2836 83.8097
0.894476 0.674134 3.57516 197.912 162.422 144.711
0.894169 0.766966 3.57638 209.683 170.576 155.615
0.89404 0.857984 3.57054 222.105 180.708 162.701
0.896807 0.950262 3.56552 237.65 193.626 173.081
0.896491 1.04362 3.56368 244.969 211.735 190.593
0.895178 1.13319 3.55972 244.379 238.002 212.797
0.895333 1.22419 3.55869 242.196 249.942 239.608
0.894833 1.30808 3.55496 242 250 241
0.888335 1.53215 3.94734 242 250 241
0.853206 1.54717 3.97103 242 250 241
1.05336 -0.761265 3.34221 96.9438 73.3258 54.427
1.0482 -0.758571 3.35533 96.1212 73.3561 50.7576
1.06362 -0.682217 3.3444 99.465 75.5924 53.9108
1.051 -0.702905 3.3546 98.2756 74.7265 53.7415
1.04137 -0.607389 3.33965 101.267 78.9972 57.4635
1.0676 -0.603449 3.35375 101.116 78.6761 54.9225
1.00163 -0.493724 1.73605 170.18 98.2472 52.764
1.01199 -0.49216 1.87919 189.842 114.842 59.6316
0.990398 -0.487948 1.95109 178.333 113.667 45.4667
1.08862 -0.52955 2.10496 176 115 40.5
1.05088 -0.511633 3.33647 104.295 82.5876 56.8314
1.07035 -0.551256 3.35386 103.788 80.4848 51.9394
0.976597 -0.462386 1.83325 186.5 110 52.5
1.05393 -0.422359 3.33441 106.404 84.9413 68.9648
1.0671 -0.438941 3.34939 105.649 85.2703 65.7027
1.05373 -0.331097 3.32827 93.6009 69.8727 51.8696
1.04988 -0.258225 3.31727 174.905 130.703 89.9832
1.05043 -0.222203 3.40675 221.669 187.676 130.165
1.07247 -0.200066 3.50995 206.464 155.607 125.714
1.00123 -0.207003 3.97908 104.412 78.1765 62.1765
1.0862 -0.215265 4.01307 94.5417 65.8646 53.1146
1.12433 -0.188488 3.46545 175.75 122.5 91
1.09314 -0.14502 3.53684 181.755 136.627 103.969
1.05062 -0.166623 3.97201 110.56 83.54 61.74
1.05445 -0.143698 4.01798 106.296 82.4 62.9072
1.09997 -0.0577519 3.52468 190.004 146.604 110.282
1.05588 -0.0572667 4.02097 97.8371 79.8484 63.0611
1.11525 -0.00353609 3.54776 177.5 143.727 106.545
1.12385 0.0350194 3.65701 105.579 59.8947 48.8684
1.06547 0.079543 3.99715 72 61 58
1.05466 0.0359316 4.01125 73.0224 68.7114 61.83
1.02006 0.142251 3.99648 72.92 62.64 56.28
1.05741 0.125047 4.00556 73.158 62.728 55.3161
1.00343 0.204605 3.99432 72.7391 59.913 48.887
1.07832 0.219428 4.0042 67.8377 60.1424 55.096
1.04987 0.338062 3.73083 64.8409 54.3864 48.8636
1.05166 0.310922 3.74494 64.8 54.2 46.4
1.06401 0.308105 3.98399 76.44 63.56 57.72
1.09333 0.271522 4.01031 68.1389 55.4444 61.1667
1.05177 0.358974 3.73238 70.75 55.6875 51.3125
1.05008 0.416769 3.93496 74.6296 58.4815 52.7407
1.04869 0.441633 4.00226 79 59.5 54.5
1.05542 0.500877 3.95734 100.858 84.6289 78.147
1.0313 0.465306 4.00118 91.6731 76.0385 68.2692
1.05588 0.592864 3.58153 174.569 143.424 129.005
1.05417 0.565552 3.91822 108.213 88.8603 78.9412
1.05219 0.67519 3.58109 190.389 155.56 137.854
1.05209 0.766948 3.58005 199.893 163.052 148.873
1.05555 0.859531 3.57434 213.364 173.137 155.645
1.05406 0.949649 3.56614 228.47 183.82 169.459
1.05445 1.04154 3.56422 242.886 198.875 184.067
1.05669 1.13617 3.56192 244.776 222.794 202.959
1.05139 1.22503 3.56489 243.184 247.94 229.919
1.05422 1.3032 3.55782 242 250 241
1.0987 1.52671 3.95691 242 250 241
1.21202 -0.759735 3.3559 95.8941 72.1525 43.4873
1.22894 -0.683338 3.34162 97.1272 73.7572 53.6763
1.20385 -0.702931 3.35591 97.838 72.8747 51.8359
1.20003 -0.60383 3.34483 101.604 75.1368 56.467
1.22092 -0.607883 3.35442 100.649 75.5133 54.9104
1.21485 -0.51326 3.3381 102.929 81.9515 57.9757
1.1859 -0.535498 3.34926 101.474 81.3684 57.8421
1.26747 -0.44463 2.3921 53.2679 31.2143 11.7143
1.21292 -0.42302 3.3417 108.114 82.9781 62.3787
1.29018 -0.440043 3.34841 107.5 82.5 60
1.2159 -0.331569 3.32919 95.5916 69.5096 50.3006
1.17138 -0.330126 3.34912 86.7273 74.4545 43
1.21933 -0.276671 3.3096 142.854 88.2308 62.4077
1.18984 -0.244832 3.41797 233.855 179.207 131.221
1.2508 -0.252197 3.5755 218 153.125 115.396
1.27825 -0.224511 3.67867 150.556 103.481 80.2593
1.27259 -0.203569 3.74437 87.8 55.6 48.2
1.14264 -0.202047 4.0131 92 61.3 50.1
1.1369 -0.141338 3.51892 180.4 137 98.7
1.27801 -0.141991 3.69951 96.478 63.4214 38.6918
1.27042 -0.180487 3.76383 93.3 66.2333 54.2333
1.14329 -0.162349 4.01828 97.2593 69.4815 52.5185
1.14581 -0.0422909 3.53497 160.286 125.457 97.8571
1.27401 -0.0574077 3.68363 107.96 68.3154 47.047
1.26796 -0.0231429 3.76497 93.3462 61.0385 47.2692
1.1525 -0.0369577 4.00998 70.1774 58.7419 50.8548
1.14582 -0.00247747 3.56331 162.833 127.333 89.5
1.22892 0.0362312 3.67938 116.706 73.1096 48.2325
1.26513 0.0340463 3.77558 95.9204 56.7434 39.8673
1.18491 0.0751638 3.88577 109.25 45.25 49.25
1.1528 0.038407 4.00636 73.4271 53.8229 48.6354
1.27065 0.123072 3.68288 108.784 71.3922 44.2026
1.26188 0.127521 3.81282 92.0968 62.2177 45.7903
1.26518 0.136721 3.92313 81.2364 58.7273 49.4
1.20874 0.127413 4.01408 70.9385 59.6444 55.8102
1.27456 0.178851 3.84309 93.8 68.3 45.6
1.27106 0.18903 3.93098 79.5556 60.7556 46.2222
1.21009 0.217354 4.00994 65.8929 59.0833 50.219
1.2885 0.341546 3.83316 104 80.75 68.75
1.26469 0.330563 3.9624 80.3 65.1333 51.2
1.20826 0.275979 4.00785 70.3196 57.5155 50.5464
1.28777 0.360766 3.83077 101.5 81.5 64.5
1.26835 0.385041 3.99379 74.1875 60.5625 52.6875
1.25829 0.43009 4.00045 82 68.8889 57.5556
1.21388 0.505111 3.97482 103.14 86.3228 71.463
1.23222 0.468042 3.9986 98.6111 85.5667 70.1556
1.21071 0.591998 3.5795 165.295 135.721 121.126
1.21031 0.563813 3.9267 103.906 83.7009 72.5625
1.21229 0.676028 3.58272 178.535 146.091 130.754
1.21288 0.767417 3.57971 187.975 152.944 138.061
1.21162 0.856927 3.57244 200.782 161.66 146.046
1.21299 0.949333 3.57066 212.664 172.439 156.748
1.21115 1.03964 3.56452 229.446 183.986 168.123
1.21139 1.13342 3.56295 242.584 201.229 181.697
1.21257 1.22483 3.56111 244.78 229.308 205.889
1.20676 1.30259 3.56107 242.57 249.142 235.27
1.21048 1.51741 3.95076 242 250 241
1.35425 -0.764182 3.36319 95.3128 68.759 40.0564
1.38558 -0.698264 3.34569 94.1068 66.5631 43.6699
1.34766 -0.697988 3.36179 96.2471 70.7249 48.1678
1.35531 -0.61736 3.345 99.4786 72.9071 46.4714
1.35561 -0.601998 3.35509 100.159 73.6005 46.8571
1.34912 -0.502815 3.34343 102.045 79.5208 56.3958
1.36478 -0.530009 3.35226 101.136 78.7538 51.995
1.31765 -0.453431 2.36377 44.5979 25.701 10.567
1.35821 -0.419955 3.33894 105.242 82.3369 56.5297
1.32686 -0.43503 3.3492 104.941 82.3824 58.1029
1.35745 -0.332194 3.33064 101.598 71.4078 47.8607
1.35558 -0.27835 3.31732 134.398 84.5181 44.6145
1.38428 -0.229197 3.52263 140.429 100.442 72.8874
1.33632 -0.216785 3.67416 130.854 94.4553 69.3171
1.36739 -0.206541 3.75581 117.769 80.2308 54.0769
1.44804 -0.159242 3.40876 108.875 78.9375 73.1875
1.39191 -0.149057 3.52102 129.932 92.0758 67.5202
1.34403 -0.150872 3.68027 131.696 91.5452 59.0569
1.36249 -0.19276 3.74769 116 80 51
1.39307 -0.0567478 3.50868 134.924 97.9419 71.5566
1.33562 -0.0510432 3.67944 131.366 92.0149 64.0891
1.36635 -0.0205345 3.75536 130.9 95.6 71.5
1.40921 0.0395913 3.40177 124.647 91.7941 63.6176
1.39608 0.0325938 3.51374 166.838 126.148 92.0614
1.34375 0.0235058 3.67953 151.377 110.84 77.0377
1.37383 0.0313014 3.76378 128.435 89.4348 69.087
1.40951 0.125243 3.52658 166.855 129.878 88.4962
1.4069 0.116084 3.67766 140.579 106.877 84.9298
1.40622 0.124045 3.81213 98.0993 73.4539 54.4894
1.41063 0.146903 3.91867 83.1818 60.4909 49.3091
1.4198 0.223122 3.43647 145.321 110.714 81.8929
1.41328 0.224733 3.54 168.803 129.465 85.0551
1.41023 0.216742 3.66166 150.242 114.641 77.1484
1.40734 0.218341 3.80093 103.797 73.529 55.5942
1.4 0.219135 3.93821 72.538 56.7011 44.3967
1.35104 0.233028 4.0082 69.4066 55.7692 47.9231
1.44765 0.269443 3.36986 141 122.167 95.5
1.41383 0.309908 3.55324 173.526 132.861 85.3584
1.41052 0.310815 3.68194 151.932 113.356 77.6864
1.36226 0.313753 3.80117 113.251 85.108 65.4108
1.36025 0.293339 3.92517 86.9412 64.9118 49.4265
1.31645 0.298458 4.00796 80.2321 61.1964 45.5446
1.40548 0.399143 3.476 165.625 120.982 82.9464
1.41156 0.391588 3.58661 183.37 137.014 83.1918
1.40729 0.401566 3.66611 146.945 110.402 81.7953
1.38263 0.392 3.80841 112.817 85.9129 68.2946
1.36219 0.421514 3.95849 103.851 79.5519 69.5519
1.30958 0.397358 4.00169 91.0795 70.5682 63.4659
1.40861 0.453169 3.47033 149.875 120.375 84.125
1.39241 0.473432 3.52048 159.294 123.882 84.8824
1.40219 0.485188 3.65414 138.195 102.902 81.1098
1.4115 0.497182 3.8048 100.744 79.1322 67.1983
1.37115 0.496754 3.96006 95.5043 75.1897 66.8707
1.30673 0.470785 3.99873 106.26 85.64 82.7
1.35146 0.589396 3.59244 140.849 111.516 97.5726
1.38119 0.546939 3.66596 90.2414 68.0345 68.9655
1.40583 0.543021 3.81316 89.2857 68.2143 58.9286
1.352 0.562201 3.93526 97.5882 74.1118 64.8176
1.35236 0.676101 3.59274 152.438 120.637 108.165
1.34924 0.767216 3.58138 159.033 127.34 111.052
1.34921 0.860019 3.57729 168.781 134.328 120.811
1.35101 0.949783 3.57787 179.717 142.514 126.458
1.34912 1.04011 3.56725 191.979 152.26 136.212
1.34954 1.13641 3.57049 211.424 166.647 150.56
1.34517 1.22546 3.55997 233.548 189.037 168.298
1.338 1.29749 3.5594 244.568 224.664 199.55
1.6064 -0.392747 3.38619 102.333 70.3333 42.4444
1.60578 -0.336422 3.38709 76.9688 65.3438 46.6562
1.6084 -0.236412 3.38444 78.6061 66.1515 47.5758
1.49375 -0.156387 3.39295 106.393 79.131 66.7143
1.45554 0.162787 3.83991 125.333 95.3333 73.3333
1.4912 0.250565 3.36319 107.979 83.5773 76.2887
1.4889 0.272293 3.3625 146.967 128.672 108.689
1.68966 -0.405511 3.38034 98.5566 81.7976 60.6795
1.68806 -0.330313 3.37364 83.231 80.3296 62.0549
1.688 -0.238924 3.36897 90.0923 83.6489 68.5762
1.68779 -0.169445 3.37212 99.4849 91.4849 70.1452
1.67605 0.9699 3.3461 114.667 97 86.5
1.68553 0.957045 3.37064 114.714 94.1429 81.1429
1.78846 -0.837436 3.45989 86.6667 38.3333 13.6667
1.79577 -0.82765 3.46062 56.0833 32.75 11.25
1.78712 -0.396883 3.37552 100.882 86.8824 61.2745
1.7857 -0.335649 3.37369 79.292 76.5401 61.1898
1.78937 -0.206276 3.34679 73.0833 76.9167 58.6667
1.78291 -0.241372 3.36962 87.3737 79.6566 63.7879
1.78999 -0.167718 3.374 96.8901 85.8791 63.967
1.9753 -0.313688 3.45114 70 55.25 22
2.00501 -0.316133 3.4791 83.25 62.25 30.75
1.9813 -0.25798 3.44286 80.6667 56.4167 24.5
2.00492 -0.105977 3.49589 102.222 79 59.1111
1.99966 -0.0937283 3.48718 107.538 81.6923 57.7692
1.97077 0.0247002 3.54664 122.75 94.375 61.125
3.67183 2.26647 6.46247 130 93.4 81
3.67789 2.2777 6.46309 132 90 81
