-2.64806 -0.447209 3.05034 34.3 24.3 3.8
-2.71405 -0.256608 3.04824 39.7067 26.4 6.36
-2.6963 -0.255989 3.07323 39.0588 28.7647 8.78431
-2.72929 -0.234678 3.03553 41.3939 28.2727 4.68182
-2.67498 -0.222122 3.08173 37.7841 26.5909 12.2273
-2.65745 -0.106691 3.09984 35.6364 24.8182 10.5455
-2.65119 -0.0347803 3.05242 42.125 27.875 16
-2.77771 0.0919776 3.04488 37.8125 30 12.25
-2.64423 0.289431 3.03945 47.375 34.75 12.375
-2.4961 -0.626044 3.06178 25.0625 21.3125 0.6875
-2.53488 -0.571307 3.04637 19.8615 16.3538 2.36923
-2.53329 -0.564102 3.07755 22.7907 17.093 6.88372
-2.53587 -0.502544 3.04083 21.0818 18.2182 1.93636
-2.50688 -0.501842 3.07149 26.7907 21.5116 6.53488
-2.56171 -0.431992 3.05399 26.1921 17.9272 2.82781
-2.51795 -0.430446 3.07686 31.8696 20.4783 9.23913
-2.56522 -0.355978 3.02264 28.0815 20.7556 3.34815
-2.54477 -0.367783 3.08476 26.7647 22.2353 10.6275
-2.53354 -0.28082 3.03469 27.5636 20.6242 3.66667
-2.58818 -0.246642 3.07477 39.8333 24 4.33333
-2.52817 -0.204424 3.03016 31.6502 21.5605 11.1076
-2.57442 -0.2158 3.07371 39.4559 26.0882 12.2353
-2.52271 -0.135065 3.02141 32.0667 21.9833 7.9
-2.63108 -0.104135 3.09092 35 22.5 2.5
-2.52017 -0.0607371 3.0089 32.488 23.259 5.21687
-2.51465 0.0169249 3.01011 32.5714 26.5051 8.61735
-2.51059 0.0869224 2.99373 35.2785 25.8291 8.06329
-2.52988 0.165372 3.02466 36.9939 29.2242 10.1152
-2.49534 0.186717 3.07221 69.8333 51.2778 34.7222
-2.52189 0.237744 3.02529 39.0099 29.6881 12.1238
-2.52132 0.310518 3.00934 38.3349 30.3814 19.0372
-2.52781 0.38027 3.00095 38.7872 30.7872 15.8085
-2.51548 0.447931 2.99802 40.32 33.07 15.44
-2.51491 0.539119 3.0039 40.39 35.47 11.71
-2.51231 0.611137 2.99614 50.545 33.685 20.555
-2.5104 0.679341 2.96324 48.7536 35.942 19.2174
-2.49639 0.750474 2.99453 54.4141 41.8384 24.697
-2.51724 0.840493 2.99095 44.9545 37.5682 19.8636
-2.49243 0.896265 2.97213 52.1667 37.5833 23.5
-2.49833 0.990758 2.98293 52.04 42.12 23.84
-2.51601 1.06663 2.99603 52.6429 41.3214 16.8929
-2.48696 1.09867 2.96389 54.5 43.5 5.5
-2.33459 -0.895083 3.08151 110.75 82 52.5
-2.34004 -0.764741 3.1037 64 35.5 1.5
-2.35406 -0.722431 3.11852 83.9355 53.2097 30.1048
-2.35981 -0.648565 3.1096 79.9825 55.0439 33.6842
-2.36113 -0.581809 3.11484 82.7153 60.7883 41.5401
-2.4754 -0.512227 3.05589 30.45 27.45 5.75
-2.35514 -0.503666 3.1112 88.1983 63.0826 41.4793
-2.40878 -0.438306 3.05699 70.9444 48.8889 31.8333
-2.35902 -0.432788 3.10145 90.5227 64.1061 46.9848
-2.35112 -0.354958 3.09608 95.6239 69.3486 45.4312
-2.47122 -0.266165 3.01678 34.6444 26.9111 6.91111
-2.35535 -0.284544 3.10383 98.8 71.41 58.12
-2.47187 -0.202114 3.025 38.5 33.4167 11.25
-2.34711 -0.208421 3.09006 102.321 75.9524 53.7976
-2.45359 -0.128449 3.01722 51.8507 39.1493 21.694
-2.34721 -0.134624 3.08318 103.122 77.1951 62.2317
-2.46592 -0.0533021 3.02399 48.5208 37.7812 19.4896
-2.34909 -0.0626618 3.08196 105.808 81.4615 54.5385
-2.44575 0.0158827 3.03493 61.6333 48.0444 23.2444
-2.33941 0.0132951 3.0741 111.459 85.5676 51.6757
-2.45002 0.101171 2.99524 53.2414 37.5776 19.4397
-2.34151 0.082987 3.07479 112.75 85.3269 66.9231
-2.45207 0.14908 3.02643 61.5484 50.1398 29.9032
-2.35029 0.166264 3.07071 114.155 85.5 63.3793
-2.46779 0.243692 3.02793 63.7973 49.2432 24.8243
-2.34134 0.243223 3.06965 115.898 88.3061 73.5714
-2.44535 0.316949 3.02589 75.1566 54.8675 40.2892
-2.34283 0.294818 3.07118 120.462 88.0769 71.9231
-2.43116 0.386005 3.01414 79.9344 58.8743 38.5027
-2.42417 0.461167 3.02058 86.9013 65.2763 41.75
-2.45075 0.535533 3.00042 74.9156 54.4286 34.2208
-2.44479 0.598467 3.0145 83.56 61.83 36.45
-2.3387 0.603613 3.06812 125.75 98.25 60.75
-2.47044 0.680307 2.99924 66.1593 50.5575 31.4867
-2.46011 0.755986 2.99247 69.7265 53.4103 35.3675
-2.45053 0.812727 2.99026 74.578 58.055 44.5413
-2.46515 0.915201 2.97393 64.6707 45.5854 29.3171
-2.47045 0.976212 2.97957 63.4154 48.5231 31.5538
-2.46638 1.0676 2.97233 59.3864 48.6818 31.4091
-2.44027 1.13131 2.96869 80.2062 59.6495 38.8969
-2.27314 -0.917975 3.09447 115.862 90.069 64.069
-2.28707 -0.889518 3.05073 112.214 85.8571 54.0714
-2.28448 -0.893733 3.08712 109.811 84.4151 57.7925
-2.19275 -0.843356 3.45316 40.2 20.0667 2.8
-2.30925 -0.772497 2.87987 31.8333 26.25 3.58333
-2.21296 -0.770908 2.99156 97.169 52.4366 16.6056
-2.24943 -0.769145 3.11349 105.836 65.6986 31.4932
-2.18376 -0.775646 3.29408 76.8448 48.1897 20.931
-2.19108 -0.802535 3.45214 35.9429 23.9429 3.4
-2.2485 -0.739882 2.88886 50.8571 27.5714 8.85714
-2.22847 -0.753665 2.98593 72.2727 37.3485 7.24242
-2.24579 -0.724952 3.13025 120.139 87.3303 61.6157
-2.18389 -0.72777 3.33202 50.7183 36.0634 18.2535
-2.18767 -0.7218 3.44993 32.22 23.39 3.38
-2.25303 -0.649695 3.12229 123.676 93.5503 64.6281
-2.18315 -0.659658 3.34065 49.8505 33.4019 19.4673
-2.1897 -0.651802 3.45908 32.1043 24.3304 10.9304
-2.25526 -0.575914 3.12302 127.569 98.132 72.9645
-2.18222 -0.568902 3.36074 43.2881 32.4576 13.322
-2.18544 -0.579094 3.44487 32.0959 25.0274 8.47945
-2.18 -0.469106 2.48479 33 25 6
-2.25077 -0.502972 3.12526 132.618 100.63 76.7957
-2.18064 -0.502098 3.34259 49.0396 33.9406 19.0495
-2.18177 -0.515707 3.43778 33.675 26 6.575
-2.18144 -0.459163 2.48916 29.1667 25.5 11
-2.25447 -0.429242 3.11862 137.306 104.117 77.8856
-2.18317 -0.434402 3.37759 42.4038 30.4423 11.75
-2.18093 -0.407108 3.42729 35.0714 25.4286 8.71429
-2.2553 -0.354495 3.11465 140.41 107.388 81.8884
-2.18181 -0.34879 3.3743 43.2439 32.6341 9.63415
-2.18098 -0.348023 3.41438 36.04 28.84 5.28
-2.25425 -0.281343 3.1097 145.309 111.466 85.9202
-2.18093 -0.29389 3.39186 43.75 34.375 14.875
-2.18039 -0.280106 3.4266 46.8182 37.9091 18.1818
-2.25585 -0.207302 3.10379 146.613 114.743 86.9575
-2.17861 -0.211783 3.34069 45.3333 40.5833 24.75
-2.18 -0.207414 3.43689 38.7647 29.0882 13.0588
-2.25676 -0.133843 3.10026 148.573 114.776 92.0756
-2.25837 -0.0582523 3.09862 151.085 118.181 89.8549
-2.25722 0.0170971 3.09166 154.935 119.763 92.4019
-2.32682 0.125772 2.98285 107.5 82.5 67
-2.25319 0.0900067 3.08698 159.232 122.468 99.5887
-2.32683 0.133368 2.98289 109 80 68
-2.25592 0.162448 3.08389 159.89 123.545 97.7555
-2.31541 0.271985 3.06459 117 89.3333 80.6667
-2.25407 0.237427 3.08125 162.942 126.459 98.9095
-2.31348 0.327272 3.06246 126.278 97.2222 82.2593
-2.2455 0.311305 3.07817 171.955 132.345 105.022
-2.3066 0.37847 3.06334 133.637 103.053 85.1416
-2.23479 0.387012 3.0786 179.281 139.297 112.132
-2.3105 0.464776 3.05862 135.61 101.146 78.8293
-2.2375 0.45742 3.07466 183.077 139.87 112.034
-2.28915 0.532985 3.05758 154.374 118.414 92.3788
-2.21738 0.532497 3.07265 189.488 147.571 116.224
-2.2935 0.607936 3.05933 152.93 119.103 93.1308
-2.21705 0.608189 3.0709 188.982 147.601 118.91
-2.27169 0.686133 3.05852 168.429 131.09 106.976
-2.21098 0.672296 3.06994 189.427 149.28 119.93
-2.25839 0.754242 3.05433 173.973 136.186 111.65
-2.1897 0.76307 3.06646 181.755 143.776 116.49
-2.25628 0.831988 3.05096 174.14 135.712 109.263
-2.19697 0.807914 3.06817 189.057 144.829 116.457
-2.24935 0.903853 3.0495 174.713 138.863 111.349
-2.18252 0.931688 3.06583 164.75 137 113.75
-2.2453 0.976763 3.04815 175.791 140.735 115.776
-2.24418 1.05091 3.04083 176.535 140.417 113.714
-2.238 1.12647 3.04165 179.614 142.394 114.74
-2.22905 1.21046 2.69813 96.1 73.7 47.2
-2.22203 1.23061 2.82463 126.754 96.5439 82.7018
-2.24152 1.20275 3.02877 177.91 140.678 117.348
-2.22361 1.24373 2.81156 157.714 125.119 106.286
-2.24328 1.24657 3.00338 163.673 130.821 109.737
-2.17421 -0.774458 2.99192 122.5 73.5 25
-2.16714 -0.777611 3.18246 101.571 66.2857 41.5143
-2.17321 -0.781434 3.29972 71.2143 43.1429 18.1071
-2.17449 -0.78277 3.455 25.25 20.25 7.25
-2.15885 -0.696277 2.82102 72.125 37.875 15.75
-2.17088 -0.728051 3.1641 117.114 85.9857 55.25
-2.17425 -0.715259 3.2888 58.4615 41.6795 24.141
-2.16895 -0.650452 3.17451 110.041 81.8721 55.3198
-2.17344 -0.643464 3.29775 54.8571 37.819 22.4
-2.16988 -0.617327 3.47932 29 24 3.5
-2.11674 -0.580602 2.566 22.6774 17.4194 4.06452
-2.16523 -0.575675 3.17072 110.878 81.4439 54.75
-2.16485 -0.578145 3.31048 51.6433 36.7544 13.8713
-2.17391 -0.5697 3.45361 32.56 24.04 5.4
-2.16106 -0.481233 2.47145 28.5 21 6.11538
-2.17047 -0.502914 3.17863 110.777 81.1807 55.8976
-2.17361 -0.5022 3.30406 57.0163 38.8211 25.561
-2.17425 -0.494119 3.43853 32.9038 24.6538 8.13461
-2.16811 -0.427163 3.17589 111.941 82.3024 57.7366
-2.17306 -0.426677 3.30603 54.6424 39.1457 23.0993
-2.16932 -0.429454 3.43573 33.951 24.8922 9.96078
-2.16242 -0.353413 3.16314 115.984 86.709 59.254
-2.17172 -0.358213 3.301 57.6193 40.8352 20.6364
-2.16959 -0.354278 3.44446 34.6058 27.5096 4.85577
-2.16062 -0.280062 3.16001 117.042 89.7042 65.4883
-2.16444 -0.279364 3.30774 59.9673 44.9533 22.2477
-2.11579 -0.287443 3.45738 45.9227 35.8136 16.9227
-2.09413 -0.184669 2.21537 41.4286 35.4286 39.4286
-2.11779 -0.194363 2.26811 28.3445 23.4706 9.44538
-2.15966 -0.20586 3.15625 115.88 91.7436 69.9316
-2.16851 -0.206271 3.31631 53.2463 41.0887 25.8374
-2.17174 -0.208514 3.44951 37.7143 28.8182 13.7922
-2.11836 -0.131032 2.26792 26.5343 22.5833 8.16177
-2.15749 -0.133122 3.15522 117.245 91.2129 65.9478
-2.16251 -0.132255 3.31955 51.1703 40.6856 20.2926
-2.16797 -0.132131 3.44544 39.8387 28.9247 14.6022
-2.11643 -0.057035 2.26688 33.0766 22.4737 5.52632
-2.15614 -0.0574673 3.15138 116.622 91.2471 66.0116
-2.15713 -0.057629 3.32018 55.332 39.3485 22.0788
-2.16774 -0.0593681 3.43944 43.2949 29.3462 15.0256
-2.11344 0.0155239 2.26382 32.2675 24.2237 6.24123
-2.15387 0.0177506 3.14659 117.337 89.2644 70.4904
-2.1514 0.0162128 3.3158 52.6583 39.4958 25.4708
-2.1561 0.01728 3.42248 44.2593 31.5432 18.1111
-2.09282 0.103839 2.21016 37.4118 24.8824 10.7059
-2.10847 0.0902448 2.25593 33.4245 27.3255 7.46226
-2.15196 0.0902731 3.14154 117.004 90.084 71.3359
-2.15581 0.0882105 3.31319 54.791 41.7623 19.8689
-2.15509 0.0888357 3.43434 46.8125 32.4167 14.5312
-2.10451 0.16349 2.25216 39.292 27.5177 3.69027
-2.15151 0.163589 3.13941 116.065 90.9606 67.4982
-2.1561 0.163258 3.31034 54.5526 40.943 25.807
-2.1625 0.163723 3.43343 46.506 32.012 15.3614
-2.10159 0.238467 2.25068 38.6375 27.5125 12.3708
-2.1472 0.237298 3.13941 113.075 87.3113 68.239
-2.15084 0.239416 3.3097 54.6205 41.1026 24.2564
-2.16348 0.233155 3.42831 47.2644 34.6667 15.0805
-2.10238 0.310646 2.25138 41.0811 29.009 9.27928
-2.14641 0.311554 3.14629 106.761 84.3516 64.0836
-2.14993 0.31298 3.33105 53.1122 39.9268 20.9366
-2.15102 0.30949 3.4282 47.0333 35.35 22.25
-2.09935 0.385417 2.24699 39.3399 33.1675 8.59113
-2.1455 0.385447 3.14333 109.181 83.7427 59.4591
-2.14068 0.384278 3.32256 57.7523 38.3879 19.7056
-2.14664 0.383976 3.41748 50.6 36.5067 17.96
-2.09419 0.460533 2.24226 46.8678 33.2643 11.4714
-2.14394 0.460079 3.12797 114.631 88.7493 61.389
-2.14626 0.460916 3.31261 57.1749 41.3543 23.9283
-2.14674 0.458093 3.41347 53.1053 35.193 21.4035
-2.09178 0.55196 2.21645 45.8077 36.0769 18.4231
-2.09131 0.530581 2.24061 47.6806 35.6944 14.1991
-2.14115 0.534666 3.13096 109.704 84.8199 59.2299
-2.14185 0.532086 3.31891 55.7297 42.4324 19.9009
-2.13944 0.540989 3.41464 52.9737 38.3421 20.3158
-2.08785 0.601125 2.21711 44.4118 36.7353 14.3529
-2.08609 0.611456 2.23882 46.6595 39.2865 15.0649
-2.13782 0.607305 3.12894 109.398 81.6073 63.288
-2.14355 0.608706 3.33828 57.4511 42.6638 19.6979
-2.13974 0.57998 3.41644 56 37.8182 23.4545
-2.07838 0.686286 2.20534 49.1942 37.466 25.9417
-2.08069 0.684338 2.23724 53.3446 38.1757 23.6081
-2.13735 0.682086 3.12326 109.631 83.4358 60.8904
-2.13549 0.680876 3.32978 59.3643 42.7216 24.9656
-2.12628 0.706544 3.41845 57.5556 38 29
-2.06688 0.751136 2.19442 51.068 41.8447 23.8544
-2.07833 0.755572 2.23605 53.2602 41.7398 23.3902
-2.16877 0.779238 3.06509 162.444 132.722 105.389
-2.13152 0.754599 3.12291 104.905 79.5945 58.0995
-2.13447 0.754096 3.32065 59.3171 42.9951 28.6439
-2.13862 0.765509 3.41028 57.3333 41.0333 26.5
-2.08736 0.822601 2.21525 53.3256 41.8837 28.4884
-2.07804 0.833771 2.23442 55.5144 43.8558 24.5096
-2.15883 0.84328 3.06436 153.578 122.844 97.8
-2.12604 0.82732 3.11926 99.975 76.7944 56.175
-2.13171 0.83257 3.32413 62.1494 43.7718 26.0166
-2.14223 0.815101 3.41257 60.7692 43.0769 17.7308
-2.08049 0.904906 2.21544 55.9175 44.2062 22.7216
-2.06804 0.899008 2.23051 57.4583 44.7361 24.5208
-2.15736 0.902881 3.06416 151.613 118.419 90.5806
-2.12993 0.904915 3.11829 102.578 78.9692 58.7121
-2.13103 0.90402 3.3197 63.2273 43.9298 27.719
-2.12575 0.920342 3.40578 61.8 44.0667 22.9333
-2.07257 0.952128 2.20666 39.7576 37.4242 30.3333
-2.06886 0.958813 2.22905 41.1714 35.7143 11.9714
-2.14736 0.982324 3.05641 148.46 114.453 95.6475
-2.12235 0.97853 3.13482 91.6957 67.0736 49.2475
-2.12918 0.977537 3.31968 64.4764 45.9528 27.7983
-2.06407 1.02017 2.23079 58.5 55.5 47.5
-2.13947 1.05306 3.05339 139.966 112.422 93.4078
-2.11406 1.05272 3.14837 83.4701 60.4303 45.3865
-2.12591 1.04943 3.31851 64.5732 48.1548 31.1255
-2.13761 1.13032 3.0606 138.169 109.576 92.2151
-2.11123 1.12365 3.13917 88.2833 68.4437 48.5904
-2.121 1.12424 3.31994 67.414 52.1209 36.6233
-2.11715 1.09526 3.40456 75.3333 51.3333 30.3333
-2.09344 1.21212 2.72616 243.333 208.667 178.667
-2.12875 1.22483 2.82999 206.754 172.78 147.458
-2.13858 1.20113 3.04551 144.595 118.387 97.7168
-2.10477 1.19417 3.14245 92.5174 67.7612 41.2836
-2.12325 1.20066 3.3182 71.1281 55.7291 38.7783
-2.103 1.25013 2.86159 196.38 162.574 136.519
-2.10909 1.26166 2.98843 150.822 123.455 99.0612
-2.11617 1.27573 3.1559 91.6198 72.1293 51.0342
-2.12267 1.27451 3.32296 82.7325 62.4123 53.2719
-2.10991 1.29081 3.40438 83 66 61.3333
-2.10062 1.32275 3.01549 128.2 110.467 81.9778
-2.10589 1.34122 3.14463 95.7287 71.0078 59.2907
-2.1176 1.3459 3.31343 83.266 68.9163 57.2414
-2.13606 1.35294 3.41736 86 68.6667 57.6667
-2.09659 1.39195 3.18356 84.5 66.2273 48.6364
-2.10951 1.41815 3.31926 86.7079 72.8713 59.4901
-2.09449 1.45888 3.3384 94.5 67 81
-1.93114 -0.774731 2.93903 71.6617 33.3609 13.2481
-1.90773 -0.728344 2.68595 85.619 43 18.4286
-1.92026 -0.721396 2.76901 87.7 49.3 21.2
-1.93209 -0.74675 2.94227 56.825 33.0833 10.8333
-1.88524 -0.719268 3.3647 28.6667 19.4167 14.75
-1.88772 -0.186746 1.85184 87.5949 45.3481 16.0949
-1.88671 -0.182732 1.92281 123.393 92.9529 56
-1.9843 -0.186527 2.10011 34 29.3333 30.1667
-1.88262 -0.135169 1.84661 71.8478 37.4928 13.6739
-1.89264 -0.13272 1.93674 130.597 98.477 68.341
-1.88655 -0.0560836 1.85101 92.1538 50.8896 32.0033
-1.89385 -0.0578932 1.93767 132.253 101.885 68.6961
-1.91247 0.0182623 1.86787 99.3617 62.2553 40.3702
-1.91311 0.0143185 1.94812 130.63 101.583 68.4585
-1.90721 0.0848029 1.86393 98.8011 60.674 38.1878
-1.9097 0.0911058 1.94333 133.091 100.026 70.4321
-1.90561 0.182328 1.85439 87.6341 49.5854 22.7073
-1.92796 0.163298 1.94268 133.677 100.693 70.3777
-1.93594 0.239037 1.94773 137.613 102.569 72.4367
-1.93134 0.313069 1.94749 133.668 102.783 71.089
-1.95098 0.346559 2.0592 36.5 28.5 22
-1.90657 0.346954 3.38644 53 40.5 20
-1.88997 0.410147 1.85196 131.271 85.9429 53.7286
-1.92446 0.38345 1.93784 141.456 107.699 75.1231
-1.99168 0.364752 2.10226 36.5 31.7 17.2
-1.88342 0.362569 3.36021 54.8421 36.5789 24.5789
-1.91051 0.430999 1.87096 137.478 92.8696 49.2174
-1.91229 0.464195 1.9216 150.85 117.776 88.4406
-1.92679 0.534141 1.93562 156.117 122.541 91.6713
-1.88452 0.624199 1.85835 184.096 138.959 113.534
-1.92541 0.606341 1.92827 165.847 128.132 98.5346
-1.88223 0.67922 1.84932 189.344 141.591 117.786
-1.89647 0.683148 1.9231 155.78 129.783 106.85
-1.88033 0.752505 1.84181 191.878 147.602 122.317
-1.90239 0.755881 1.91955 171.03 138.924 116.155
-1.88956 0.835658 1.8655 193.6 155.2 131.267
-1.92202 0.831174 1.91593 186.049 154.412 131.941
-2.00431 0.859571 2.19864 63.1667 46.3333 20.6667
-2.00492 0.818053 3.27565 58.8846 44.1154 30.2308
-1.90642 0.880198 1.99371 64.4286 48.7143 31.7143
-1.99349 1.10951 3.26302 73.3333 59.8333 36
-1.73294 -1.00322 2.18682 65.7143 52.4286 27.7143
-1.73829 -1.02019 2.26372 67.3605 47.6977 24.1279
-1.73555 -0.993277 2.84501 38.76 23.28 9.44
-1.78584 -0.990578 3.41894 24.1 19.9 0.7
-1.79462 -0.926776 2.00071 35.9224 21.6552 4.42241
-1.75562 -0.944392 2.09975 62.562 46.836 25.7836
-1.73029 -0.93548 2.30059 83.3387 62.0699 39.086
-1.72861 -0.923641 2.4397 91.3667 67.95 48.7167
-1.74203 -0.923421 2.71347 111.686 59.6571 34.0571
-1.73817 -0.942243 2.80888 68.0536 38.375 14.7768
-1.78531 -0.975122 3.4274 23.375 19.125 0
-1.77945 -0.854362 1.82664 65.3566 29.1108 3.11566
-1.78778 -0.872111 1.96686 43.175 21.9422 6.54338
-1.7488 -0.871172 2.08902 75.9405 55.9824 35.4222
-1.73489 -0.871159 2.2823 91.4203 66.7254 44.661
-1.7248 -0.879402 2.47497 91.5432 66.0494 46.6543
-1.73054 -0.876245 2.68521 119.091 70.6545 41.6727
-1.7413 -0.873926 2.80925 74.1441 42.8265 18.3618
-1.77034 -0.797902 1.70877 71.0533 27.9733 5.21333
-1.78158 -0.800043 1.80306 67.3028 27.4574 3.86247
-1.78293 -0.79667 1.96507 45.5122 26.1598 9.06219
-1.74632 -0.805304 2.10101 78.3924 58.5828 40.4564
-1.72691 -0.797535 2.2588 91.3957 64.887 46.9174
-1.73447 -0.800172 2.71345 119.062 71.3125 32.25
-1.75073 -0.797344 2.81703 71.1262 43.1969 13.8
-1.85992 -0.770185 2.92693 61.5238 38.0952 5.04762
-1.76443 -0.73705 1.70592 66.1642 24.7463 8.31343
-1.77725 -0.722969 1.80081 87.8576 51.1919 25.6864
-1.77581 -0.727262 1.96954 71.2542 44.2701 21.3175
-1.73124 -0.739794 2.10456 93.5805 70.4576 50.6356
-1.72415 -0.743923 2.2899 97.85 73.5375 55.5125
-1.80913 -0.725602 2.6579 91.5897 49.0256 19.7692
-1.7707 -0.753364 2.84212 63.358 38.4444 10.7901
-1.83982 -0.748969 2.94763 34.0962 21.7885 1.23077
-1.8612 -0.714813 3.35855 27.5556 19 8.33333
-1.75514 -0.640832 1.70017 64.65 28.3 5.9375
-1.77224 -0.649239 1.79765 68.7907 28.4121 4.65401
-1.7815 -0.652581 1.94578 79.3668 49.2434 21.8931
-1.75592 -0.576609 1.70377 71.2538 27.8692 8.27692
-1.76454 -0.575609 1.79607 71.8136 28.8661 2.86715
-1.77613 -0.577021 1.94779 48.0287 28.1149 7.60323
-1.79509 -0.577578 3.31124 27.3333 23.3333 7.46667
-1.7497 -0.501158 1.69704 77.2609 45.113 14.7913
-1.76397 -0.500998 1.79502 91.7319 54.6201 24.2295
-1.77565 -0.502388 1.94695 39.2246 18.1361 3.29836
-1.76025 -0.430345 1.70733 73.2524 30.301 15.932
-1.76635 -0.427843 1.79818 78.5339 33.4454 7.35202
-1.7742 -0.428017 1.94467 44.1485 23.6252 3.89292
-1.75778 -0.34839 1.70634 69.8067 32.1092 5.30252
-1.76224 -0.354678 1.79656 74.2645 31.2271 3.73845
-1.76955 -0.355236 1.93777 46.0341 27.6136 6.33333
-1.75907 -0.283881 1.70588 96.1463 53.1341 25.2195
-1.75799 -0.279589 1.78949 100.917 59.2463 28.3545
-1.76726 -0.281282 1.93613 41.3039 24.9541 5.18021
-1.74754 -0.223451 1.69731 95.1571 41.7 6.88571
-1.76854 -0.218305 1.80287 94.1493 45.54 11.3704
-1.78191 -0.213483 1.93552 61.2567 40.2518 13.5134
-1.867 -0.111496 1.83118 78.3433 43.0299 15
-1.86881 -0.166704 1.93216 138.4 114 80.4
-1.86681 -0.0856427 1.8288 84.9167 46.2083 29.5417
-1.86602 0.167707 1.95324 59.1452 46.6936 18.4677
-1.86782 0.238804 1.95833 44.0267 35.3867 18.5067
-1.7984 0.242817 3.30628 50.8095 37.8571 18.9048
-1.86702 0.298241 1.95592 48.0377 36.7358 19.9434
-1.86606 0.398055 1.93917 80.0531 66.3009 40.3628
-1.86351 0.454911 1.93687 72.1257 58.2114 39.1943
-1.86331 0.535411 1.94029 61.1026 48.6359 26.2974
-1.77389 0.560229 3.30719 59.625 46.5 28.75
-1.86591 0.627512 1.83245 176.769 132.046 111.292
-1.86124 0.611239 1.93396 66.3657 51.3565 31.8426
-1.87039 0.68661 1.84936 203.875 156.875 132
-1.86013 0.68349 1.93066 66.0294 52.5294 35.3908
-1.86641 0.742017 1.841 203.792 160.857 137.455
-1.85642 0.758392 1.9259 67.6007 54.1754 35.1679
-1.83853 0.84223 1.85542 132.314 110.509 97.0503
-1.8469 0.828414 1.91335 62.3633 54.618 37.1011
-1.83785 0.867339 1.87816 95 78 68
-1.82821 0.87982 1.93295 58.1915 43.5319 33.5106
-1.74899 0.918233 3.2919 74 61.0667 51.3
-1.74508 0.942276 3.30014 77.2 64.6 48.8
-1.70467 -1.06206 2.31508 24.75 13.4583 1.375
-1.70561 -1.03928 2.2751 38.942 30.3043 6.33333
-1.71457 -0.954945 2.16507 75.0811 54.6216 36.2162
-1.71502 -0.916886 2.29813 85.3478 62.7826 39.087
-1.69795 -0.923048 2.4964 93.9669 66.0661 54.5289
-1.69002 -0.917459 2.59557 101.242 58.303 39.2121
-1.71031 -0.877149 2.15853 86.3947 65 43.0965
-1.70931 -0.855968 2.32185 93.3111 67.8889 49.2667
-1.69712 -0.874237 2.49223 93.2241 63.0733 45.7457
-1.69541 -0.880758 2.58381 104.955 60.3333 38.9279
-1.7173 -0.893445 2.80431 49 29.25 11.5
-1.56956 -0.874737 3.40892 62.25 47 31.0833
-1.71385 -0.778356 2.09678 83.2 60.2 45.6889
-1.70559 -0.795909 2.31025 90.8351 68.0367 46.712
-1.68908 -0.793833 2.46967 93.6731 65.3874 40.7088
-1.69123 -0.797028 2.60075 120.163 70.7842 36.6
-1.7142 -0.747557 2.04597 84.5 62.25 47
-1.71442 -0.745547 2.11003 87.9808 66.6731 47.3462
-1.70669 -0.7425 2.30501 95.1485 71.0297 51.6634
-1.69428 -0.74295 2.45792 98.4862 69.9227 49.7293
-1.69473 -0.756155 2.62904 124.438 71.3125 39
-1.57689 -0.312318 3.3086 49.25 31 25.5
-1.57616 -0.157396 3.37131 46.6923 31.8462 14.1538
-1.57461 -0.0519146 3.29975 44 33 17.6667
-1.57931 -0.00900642 3.29855 47.1071 35.8571 17
-1.68163 0.268682 3.27792 54.25 42.75 21.625
-1.63676 0.278646 3.30385 54.5 41.8333 24.1667
-1.65695 0.375653 3.24105 56.1304 43.8696 27.1739
-1.42335 -1.21487 3.42131 31.5263 20.9474 10.8421
-1.46308 -1.17986 3.4011 47.25 37.5 11.25
-1.43468 -1.17179 3.41732 51.3619 40.581 24.8381
-1.42927 -1.08519 3.31542 74.7636 53.6909 32.5455
-1.43842 -1.01997 3.28741 74.6299 57.0649 34.013
-1.44082 -0.943785 3.27855 75.6258 57.8095 36.0136
-1.45201 -0.861829 2.11197 102.595 61.7469 46.5188
-1.50021 -0.861824 2.35443 102.859 72.9059 38.6
-1.50453 -0.857632 2.39281 97.1667 56.6667 27.1667
-1.44834 -0.873262 3.28324 77.8935 57.8935 41.3609
-1.55638 -0.880241 3.40666 69.4286 51.1429 35.8571
-1.43854 -0.827834 2.18183 66.3494 47 33.5422
-1.43675 -0.830888 2.23326 65.7143 50.7143 35
-1.43463 -0.796464 3.26854 78.121 61.4032 45.9113
-1.4481 -0.728516 3.28223 78.5867 63.4267 46.74
-1.44957 -0.648472 3.27639 81.2981 63.9317 44.7143
-1.43969 -0.57898 3.26475 83.8986 66.6522 50.9493
-1.43647 -0.502548 3.25355 82.5725 70.4427 51.542
-1.4335 -0.427073 3.24875 88.1765 70.042 56.7899
-1.43968 -0.354915 3.25586 85.6417 70.5167 57.65
-1.42684 -0.259643 3.22594 63.6129 37.5484 23.8065
-1.43017 -0.298192 3.24593 82.8364 66.7636 46.4182
-1.42296 -0.232857 3.22592 93.88 59.72 32.64
-1.4158 -0.212925 3.56691 72 60 29
-1.42265 -0.202645 3.58425 80.5 66 34.5
-1.55869 -0.14702 3.37454 51.2143 33.8571 16.7857
-1.4501 -0.100259 3.90924 90 73.5 39
-1.4528 -0.0575771 3.34596 74.8598 55.4579 28.271
-1.42031 -0.069189 3.46157 57.8824 47.7059 27.7059
-1.45169 -0.0534181 3.89346 53.619 49.5238 35.0952
-1.43339 -0.0517392 3.92891 51.8133 49.64 34.1467
-1.4368 0.0170125 3.37566 78.0256 60.5513 33.9872
-1.43163 0.0150978 3.41598 79.5417 60.75 38.0833
-1.45139 0.0131122 3.84487 42.949 45.8673 37.6939
-1.43259 0.0136801 3.92448 51.1098 50.5488 40.3537
-1.50388 0.0785739 3.23413 58.5 43.5 9.5
-1.43194 0.0847001 3.34864 74.8235 58.9882 34.7647
-1.41495 0.109695 3.49786 62.6667 48.3333 33.3333
-1.43178 0.100445 3.6829 48.7045 42.4773 36.3864
-1.46226 0.0796627 3.84412 43.6923 43.5 34.7308
-1.4337 0.0837325 3.92284 58.0455 55.0795 46.8636
-1.41324 0.190169 3.36585 88 51 35.6667
-1.41668 0.168489 3.50082 63.32 44.24 28.54
-1.41809 0.162147 3.71706 42.1304 42.413 36.8478
-1.43142 0.18517 3.82697 41.4667 44.2667 41.1333
-1.42733 0.168997 3.91874 58.5857 52.9857 43.5571
-1.41523 0.237226 3.3897 84.8333 49.3333 33.4167
-1.41735 0.227883 3.52463 59.1053 46.8158 33.0789
-1.41508 0.252616 3.665 44.2143 44.6429 37.2857
-1.43549 0.238966 3.83925 40.4578 44.7108 34.4096
-1.42538 0.238464 3.91742 41.6923 45.9692 38.0462
-1.44138 0.308454 3.3622 81.125 64 43
-1.42304 0.303499 3.51058 58.2073 44.1951 28.9756
-1.41823 0.321672 3.63461 38.8571 35.3333 24.8095
-1.43495 0.308734 3.86033 40.4159 40.5487 28.3186
-1.41943 0.290915 3.91435 38.1176 41.3529 37.8235
-1.51646 0.355956 3.30618 79.8667 56.8 38
-1.42276 0.371332 3.5442 45 37.4773 28.8864
-1.41358 0.369161 3.63962 30.8333 29.9167 19.0833
-1.42692 0.357258 3.89315 36.1 33.3 29.8
-1.41039 0.420769 3.91477 70 61 46
-1.43852 0.476201 3.9014 85.0755 77.3396 66.6981
-1.41833 0.448979 3.91375 82.8462 76 60.5385
-1.42147 0.522067 3.52674 74.6667 60.5 40.125
-1.42939 0.539135 3.68682 74.9512 67.1219 50.5244
-1.43106 0.532814 3.85016 86.9551 78.4359 66.8462
-1.4143 0.628569 3.49365 116.667 103.333 89.1667
-1.42774 0.583617 3.67612 68.6667 57.75 39.2083
-1.42784 0.600336 3.80743 70.7875 61.7125 45.275
-1.41491 1.20223 3.19357 120.125 95.125 81.75
-1.32427 -1.21577 3.38435 34.434 25.8491 8.45283
-1.2911 -1.21956 3.4174 33.8689 25.0656 15.7705
-1.35193 -1.18446 3.39132 38.8043 30.9565 15.5543
-1.32206 -1.17026 3.42293 53.0866 43.444 29.1697
-1.33575 -1.08849 3.33026 73.0837 56.202 42.8768
-1.28042 -1.12841 3.40515 67.5 55 45.5
-1.33457 -1.02016 3.28625 76.1457 57.479 41.6667
-1.33734 -0.914257 2.1374 60.7 39.3667 21.5
-1.33432 -0.947177 3.28526 77.7139 59.3247 44.0258
-1.35786 -0.870786 2.14802 91.8555 56.1981 41.534
-1.33723 -0.867643 2.26216 40.1224 26.6327 5.40816
-1.38476 -0.890518 2.47089 41.4483 23.6552 8.10345
-1.33384 -0.873128 3.28216 77.9209 62.3367 43.0969
-1.37571 -0.82896 2.20567 49.7386 34.9773 19.2727
-1.39239 -0.829338 2.23432 39.3333 26.6667 11.0833
-1.33339 -0.798002 3.27534 79.3918 63.4124 46.4923
-1.33451 -0.724224 3.27185 81.1929 66.0888 49.066
-1.33466 -0.649809 3.26753 84.0534 67.944 51.4427
-1.33278 -0.575788 3.2621 84.272 70.7746 53.9404
-1.33214 -0.501646 3.25865 86.612 71.6386 54.0988
-1.3331 -0.42741 3.25194 86.375 73.6582 55.9362
-1.33323 -0.354465 3.25098 86.0149 73.2587 54.6045
-1.35853 -0.254863 3.22849 68.5926 43.3704 23.5926
-1.33542 -0.283954 3.24469 73.9528 58.7028 40.0889
-1.35496 -0.232561 3.22992 92.4915 61.6102 34.339
-1.32582 -0.231215 3.25285 88.5422 61.2048 32.2048
-1.38139 -0.189905 3.5469 58.6866 44.3881 28.3284
-1.3576 -0.199356 3.72098 60.6818 52.0606 41.1667
-1.37799 -0.195123 3.74565 66.125 59 40.875
-1.37722 -0.15408 3.52994 57.3421 45.4211 20.3421
-1.35357 -0.137911 3.69742 72.4095 57.4667 37.6381
-1.37354 -0.13137 3.75298 79.5 66 42.5
-1.25995 -0.103305 3.94695 57 60.5 39
-1.40621 -0.0619238 3.45568 58.6667 49.3333 27
-1.37972 -0.0856909 3.7897 72.9091 68.4545 37.6364
-1.33011 -0.0564849 3.93945 55.642 55.1634 41.6304
-1.40565 0.0486571 3.39256 80.8 62 28.2
-1.33423 0.013081 3.93839 55.97 59.2467 49.63
-1.40492 0.0944846 3.31777 70.5882 55.2353 34.5294
-1.40378 0.0971348 3.46036 66.7895 51.2105 30.8947
-1.40739 0.114026 3.59248 51.5 42.5 39.5
-1.33487 0.0899803 3.93746 76.6075 70.704 52.8879
-1.39796 0.185091 3.361 81.7692 44.2692 33.5769
-1.40161 0.168624 3.52706 53.427 42.8202 31.2921
-1.39612 0.167961 3.62159 43.0588 41.8235 36.5882
-1.40499 0.136075 3.74602 44.5 42.5 39.5
-1.33313 0.165768 3.93122 67.4373 64.8949 46.2475
-1.39585 0.231463 3.38742 80.2593 46.7037 32.3704
-1.40169 0.244496 3.51794 56.383 45.7234 33.6809
-1.40231 0.232581 3.62523 42.6237 43.9785 33.3011
-1.3338 0.23943 3.92726 62.809 60.1875 40.7951
-1.40674 0.297137 3.53679 50.7333 40.2667 26.4667
-1.40668 0.339505 3.58532 33.1429 31.1429 19.5714
-1.34636 0.331794 3.90529 48.3182 41.1818 28.8182
-1.33669 0.304869 3.92108 43.1504 42.3363 29.8097
-1.40867 0.377731 3.55271 44 37.625 26.25
-1.40515 0.364489 3.62632 30.1429 29.3214 15.3571
-1.33208 0.411148 3.91876 59.9286 51.4286 32.4143
-1.33404 0.489038 3.91145 84.125 79.875 65.25
-1.33407 0.458428 3.91804 80.3203 73.452 57.79
-1.40687 0.530919 3.53985 70.6 59.4 39.2
-1.34186 0.547613 3.90066 87.7638 78.9347 62.804
-1.32605 0.516139 3.91713 86.8443 80.5 69.1721
-1.3389 0.616606 3.50566 112.444 97.9683 78.8413
-1.33573 0.602787 3.85072 76.5 66.1389 52.6562
-1.33268 0.681357 3.5014 134.479 117.587 103.155
-1.35929 0.650262 3.8589 74.5 66.25 58.75
-1.33174 0.756035 3.50005 138.831 120.662 104.214
-1.33232 0.830409 3.49444 141.689 122.547 106.231
-1.32829 0.902708 3.49279 146.33 123.872 111.854
-1.33068 0.976616 3.49152 147.926 124.844 110.178
-1.33094 1.05252 3.48999 151.061 125.839 114.003
-1.32655 1.12331 3.48838 152.613 126.99 116.315
-1.39921 1.21291 3.20992 126.438 100.25 90.8125
-1.32324 1.19861 3.49294 155.48 128.742 115.124
-1.32259 1.27306 3.48485 157.933 128.296 117.558
-1.31945 1.34827 3.48324 160.09 129.742 118.465
-1.31176 1.39795 3.48195 161.09 131.075 119.09
-1.31196 1.58531 3.86131 191.682 152.713 133.636
-1.33165 1.60676 3.86019 242 191 156
-1.16169 -1.21588 3.38232 37.1429 26.6429 14.7
-1.24592 -1.22073 3.43396 34.3571 26.0714 17.2143
-1.16419 -1.19209 3.39336 34.6623 28.1948 13.9091
-1.17867 -1.16292 3.42049 59.5639 47.7068 29.2594
-1.17631 -1.08437 3.32517 76.309 59.7303 43.9719
-1.14635 -1.12849 3.40945 77.3333 58.4444 43.2778
-1.18197 -1.01963 3.28976 77.3215 61.7544 43.8304
-1.18073 -0.947439 3.28663 78.907 63.6809 42.8744
-1.17978 -0.871532 3.28136 78.75 66.4025 44.825
-1.17801 -0.798476 3.27921 80.5597 66.4378 49.8109
-1.17937 -0.724892 3.27385 83.2095 67.9576 50.3791
-1.18194 -0.650688 3.27154 84.3933 70.3261 51.3621
-1.18035 -0.57664 3.26937 86.4853 72.473 52.2034
-1.17668 -0.501126 3.26098 87.0909 74.1818 57.801
-1.18139 -0.428991 3.2604 87.5771 75.2488 61.4478
-1.179 -0.355553 3.25074 87.2274 75.5257 60.0587
-1.19787 -0.270976 3.22842 73.0694 54.9907 37.25
-1.1568 -0.28976 3.24276 75.5023 63.4747 46.129
-1.13893 -0.248061 3.72707 64.6316 52.4211 39.9474
-1.12848 -0.248977 3.85537 62.9231 54.3846 49.1538
-1.11494 -0.251772 3.95031 57.6 47.4667 45.8667
-1.18 -0.229485 3.22117 89.1895 60.0737 36.4737
-1.14657 -0.232063 3.27398 73.75 47.2143 28.8214
-1.18044 -0.19835 3.49434 57.1579 51.3684 38.1842
-1.15584 -0.213981 3.72238 71.6395 61.9419 44.0698
-1.16569 -0.20884 3.80407 75.5851 64.1489 48.6809
-1.13759 -0.20443 3.94819 83.2288 71.9237 52.2288
-1.17496 -0.150432 3.49003 61.8947 66 60.6316
-1.13939 -0.168665 3.71003 83.5 78.75 61.75
-1.17169 -0.160076 3.76686 80.125 79.8125 67.0625
-1.15655 -0.126604 3.944 87.9278 77.0833 61.0333
-1.17998 -0.0602266 3.94585 67.3819 64.6562 44.7014
-1.17793 0.01581 3.94001 66.1318 68.2572 49.6077
-1.17754 0.0913904 3.93363 67.4232 68.5085 52.6553
-1.1774 0.165113 3.93292 71.6041 70.7031 51.1877
-1.18035 0.237273 3.92678 64.5848 62.3287 43.3668
-1.12427 0.323099 3.90842 54.2 48.4667 30.2667
-1.18232 0.306747 3.92284 50.874 48.8228 34.1299
-1.20647 0.396045 3.89527 49.8889 47.8889 31.6667
-1.17834 0.387578 3.92262 46.5063 40.9051 28.2025
-1.19396 0.483263 3.91105 90.1622 84.6216 66.8919
-1.18003 0.458014 3.91683 75.295 68.9847 52.3793
-1.17658 0.542259 3.89895 89.0576 78.7243 66.7654
-1.18399 0.523121 3.91469 89.9785 79.7419 66.7204
-1.1785 0.625346 3.51488 129.296 114.91 96.3015
-1.18483 0.599302 3.84524 80.5277 69.3362 56.1872
-1.18546 0.681709 3.5127 138.603 123.469 107.958
-1.2484 0.646283 3.85822 92 75 67
-1.18065 0.755305 3.50502 141.064 125.145 112.378
-1.17822 0.829054 3.5038 146.78 126.311 112.303
-1.18251 0.902691 3.49457 149.027 128.178 115.612
-1.18135 0.978039 3.48986 153.337 130.475 116.463
-1.17624 1.05185 3.48893 156.847 133.045 119.32
-1.18013 1.12577 3.48678 160.526 135.022 119.973
-1.18243 1.20177 3.49266 164.49 137.356 121.402
-1.17809 1.27443 3.48669 167.618 137.371 126.505
-1.17636 1.34385 3.48118 171.028 139.364 129.081
-1.21226 1.39885 3.50007 169.64 139.72 122.36
-1.17538 1.57984 3.8642 200.494 161.929 151.231
-1.07099 -1.21425 3.39303 36.1515 27.0909 11.8182
-0.998244 -1.21919 3.41023 34.9818 26.6182 13.2
-1.06629 -1.20122 3.39778 33.7692 23.0769 6.15385
-1.02265 -1.17022 3.42165 57.4576 44.9636 29.2455
-1.02252 -1.08376 3.32321 79.0631 62.7718 42.7718
-0.953475 -1.12923 3.40478 79 57 38
-1.02726 -1.01902 3.29711 81.7579 63.9829 45.9267
-1.02647 -0.946393 3.29483 81.2374 65.8611 45.0278
-1.02742 -0.873046 3.28634 82.1995 68.0887 47.5025
-1.02647 -0.798155 3.28622 83.6163 69.2206 50.5444
-1.02488 -0.723593 3.2821 85.7893 70.1259 54.3196
-1.02591 -0.648916 3.2725 84.8544 74.0955 55.5513
-1.02489 -0.575465 3.27024 86.2103 75.7115 60.1394
-1.02496 -0.502225 3.26673 88.2391 77.4506 58
-1.02716 -0.427098 3.262 88.3349 79.0191 61.0359
-1.02431 -0.353839 3.25714 88.0976 78.5786 61.0667
-0.999385 -0.258295 3.23124 80.219 54.5429 25.8286
-1.03637 -0.288817 3.25419 76.1494 63.2955 44.5714
-1.09679 -0.252395 3.96442 55.1667 49.1667 43.8333
-1.0136 -0.236089 3.23112 99.3 71.5286 41.2857
-1.08389 -0.232326 3.24468 96.75 76.75 46.5833
-1.09095 -0.204258 3.95127 92.898 83.9796 55.8776
-1.08862 -0.129675 3.94313 101.574 87.0741 73.1296
-1.03233 -0.0570379 3.94753 60.4813 51.6866 35.1828
-1.02649 0.0153866 3.94065 65.7184 60.1329 42.8133
-1.02691 0.0910602 3.94068 80.0517 75.5483 56.4724
-1.0254 0.163398 3.93281 85.4479 81.4028 60.6458
-1.02595 0.237459 3.92956 80.6038 73.524 51.7061
-1.08607 0.321359 3.90738 58 47.6667 31.2778
-1.02487 0.299431 3.92353 70.4703 61.1832 42.1485
-1.09331 0.421133 3.92907 47 40 29
-0.959564 0.459909 3.89916 83 73.0667 51.5333
-1.03971 0.472599 3.91952 74.9371 67.5257 48.2457
-1.03071 0.557456 3.89067 89.7234 78.9007 59.6738
-1.02446 0.521138 3.91841 89.1313 82.1919 64.7879
-1.02289 0.620381 3.51169 132.259 118.49 98.5309
-1.02379 0.598075 3.84174 83.7885 73.5077 57.9885
-1.02871 0.682019 3.5101 143.115 128.666 109.513
-1.02535 0.755177 3.50643 147.292 130.801 114.48
-1.02606 0.829497 3.50255 152.426 132.164 114.922
-1.02788 0.903535 3.49916 155.871 134.244 117.105
-1.02827 0.978021 3.49748 159.455 137.948 122.184
-1.02705 1.05142 3.49507 165.121 139.534 126.992
-1.02707 1.12573 3.49842 168.994 142.708 129.688
-1.03037 1.19987 3.49553 176.315 144.751 131.624
-1.02876 1.27257 3.48913 180.433 148.143 135.413
-1.02563 1.34479 3.4906 186.467 151.046 139.142
-1.02918 1.39448 3.50173 191.412 154.176 136
-1.0331 1.57909 3.8792 212.894 171.65 151.187
-0.871219 -1.22104 3.34849 50.3784 36.5405 18.0811
-0.894759 -1.21509 3.43169 29.5341 23.2159 8.98864
-0.892013 -1.17318 3.43508 44.8618 35.4959 16.2764
-0.873438 -1.08234 3.32057 78.6976 63.5805 44.0732
-0.864001 -1.12966 3.40692 74 64.875 38.375
-0.874396 -1.02104 3.29939 81.9207 65.0577 47.6058
-0.872528 -0.945826 3.29628 83.4049 67.7901 48.7432
-0.873953 -0.871396 3.28912 81.7333 71.3704 53.3185
-0.872313 -0.798946 3.28821 84.2447 71.7247 54.6282
-0.871706 -0.723451 3.27784 84.6947 71.4758 51.7354
-0.875027 -0.650547 3.27873 87.0402 75.9551 55.4823
-0.87345 -0.575957 3.27592 86.1781 77.2209 59.677
-0.872036 -0.502317 3.27208 86.1135 77.5459 58.0048
-0.87275 -0.428616 3.2693 90.8775 81.1973 65.1451
-0.873871 -0.354201 3.26546 88.7175 83.1708 61.6424
-0.904931 -0.261855 3.23005 82.22 61.69 32.37
-0.85993 -0.285268 3.25103 82.8344 70.638 47.0215
-0.807509 -0.247482 3.89168 140.5 112 73.25
-0.798883 -0.24634 3.92336 140 116 76
-0.925087 -0.234123 3.2326 108.2 87.6 53
-0.845307 -0.223815 3.26105 98.1888 75.8881 51.1329
-0.820828 -0.2051 3.88514 105.78 93.6341 62.5732
-0.80014 -0.205729 3.94479 111.938 99.2083 64.5208
-0.81238 -0.131976 3.34057 129.931 107.458 73.0833
-0.81766 -0.101092 3.41477 126.333 98.3333 59.6667
-0.819058 -0.136266 3.88992 102.147 87.8382 54.1618
-0.808228 -0.135944 3.94156 105.756 91.7317 59.1463
-0.817885 -0.0947188 3.37151 121 88 53.6667
-0.824954 -0.0583595 3.88791 86.0777 75.5243 44.5922
-0.864146 -0.0582519 3.94067 87.4079 72.5395 40.0789
-0.818329 0.0153181 3.88624 90.7019 82.3077 51.1731
-0.894765 0.0180661 3.93907 87.4873 73.6396 40.802
-0.824138 0.0698313 3.90253 89.8919 83.6487 47.8378
-0.879933 0.0933802 3.93383 96.9004 87.387 52.9464
-0.873019 0.16369 3.93482 93.2179 87.3365 56.5192
-0.876126 0.238492 3.93509 96.0831 87.4473 56.7636
-0.896179 0.338047 3.8949 73.4444 66.5556 39.5556
-0.871036 0.302959 3.92853 83.7444 73.2377 44.1883
-0.844416 0.351826 3.88108 63.6667 55.6667 29.6667
-0.848733 0.411492 3.93166 75.3333 62.5476 48.381
-0.949076 0.449259 3.91166 79.5 69 50
-0.871825 0.462735 3.92107 76.5504 65.3525 47.464
-0.876524 0.558746 3.88855 84.7583 77.1667 61.1083
-0.867897 0.523371 3.92043 77.7297 68.527 54.9234
-0.870931 0.619091 3.51494 138.989 126.908 108.708
-0.874597 0.59696 3.85039 85.7355 76.2645 60.1157
-0.873527 0.68191 3.51487 147.552 134.194 117.639
-0.871642 0.754878 3.51305 153.601 135.783 120.389
-0.874992 0.828984 3.50834 159.228 138.178 124.81
-0.874115 0.904499 3.50755 163.246 141.114 128.45
-0.87341 0.976954 3.50492 167.888 145.549 130.37
-0.874648 1.05259 3.50771 174.221 148.878 135.094
-0.873152 1.12649 3.50323 180.877 152.761 137.413
-0.873448 1.19847 3.48785 188.628 156.228 142.154
-0.873979 1.27334 3.4879 195.622 160.164 148.328
-0.873781 1.34727 3.49267 204.076 163.828 149.602
-0.878981 1.38557 3.50133 205.714 168.714 151.714
-0.90384 1.5705 3.88105 230.869 183.557 158.311
-0.715971 -1.07406 3.30539 82.8833 65.6889 49.0944
-0.717905 -1.02059 3.30201 85.0888 68.5187 49.9696
-0.719584 -0.947622 3.29696 85.9836 71.7705 49.1499
-0.719549 -0.872822 3.29302 87.3145 72.8891 53.4118
-0.719214 -0.797904 3.29084 86.4691 74.4943 55.762
-0.720932 -0.724671 3.28567 83.3808 70.8808 51.3364
-0.719054 -0.650653 3.27818 91.8998 79.6928 61.3072
-0.719514 -0.576689 3.27794 88.5226 79.5543 58.3416
-0.721115 -0.502271 3.27074 85.0069 77.0254 59.6813
-0.718706 -0.428762 3.26829 93.5034 85.4244 67.6659
-0.718059 -0.354827 3.26755 90.1104 83.7996 64.0653
-0.681813 -0.25867 3.23262 89.6364 62.2121 33.5455
-0.723132 -0.281272 3.24955 82.7293 68.939 48.7195
-0.758403 -0.251497 4.00923 136.517 112.931 76.3448
-0.684702 -0.241427 3.23321 92.75 60.375 40.625
-0.728838 -0.231925 3.24781 118.044 88.5 50.0088
-0.745293 -0.200833 3.9801 115.461 95.9444 63.4444
-0.79222 -0.144767 3.34121 123.5 99.1667 56.6667
-0.719428 -0.131797 3.95742 105.9 92.2783 59.7508
-0.7963 -0.0409205 3.91103 82.5 76 46.3333
-0.72055 -0.0591824 3.94684 96.9416 89.1396 56.0195
-0.796196 -0.0201699 3.91055 86 85 51
-0.720943 0.0154409 3.94376 99.4201 92.6775 59.2663
-0.721003 0.0898863 3.944 108.497 99.2083 64.75
-0.71996 0.164101 3.93839 105.272 97.6095 68.3107
-0.719986 0.238521 3.9386 100.234 92.6442 62.6763
-0.643215 0.342661 3.62572 90.6667 66.3333 47.3333
-0.726062 0.297559 3.93719 87.4249 77.6269 52.9793
-0.649947 0.367217 3.6091 95.8333 76.3333 57.4167
-0.789227 0.481967 3.92853 84.4167 61.9167 37.5833
-0.709401 0.548456 3.87125 75.9158 71.0099 54.2129
-0.764239 0.52557 3.91932 63.3293 54.7439 42.4146
-0.715745 0.616665 3.52172 144.954 134.235 113.745
-0.724707 0.594306 3.84267 84.8781 78.2732 67.0098
-0.720153 0.682333 3.5191 153.242 139.703 119.458
-0.718579 0.756675 3.51428 158.716 142.309 124.935
-0.720095 0.830865 3.51559 163.915 145.81 128.061
-0.720655 0.902999 3.5114 170.749 148.248 135.37
-0.719334 0.977474 3.50448 178.541 152.257 137.031
-0.717877 1.05193 3.50311 184.798 156.919 140.089
-0.720989 1.12599 3.50252 194.415 160.646 147.885
-0.719502 1.19904 3.49902 202.159 166.381 153.568
-0.721135 1.27398 3.50011 214.269 173.258 157.747
-0.721886 1.34551 3.49762 223.811 180.139 164.768
-0.701586 1.40803 3.53771 240.571 192.633 178.796
-0.692084 1.44473 3.58766 244.655 211.273 190.727
-0.747997 1.46588 3.61286 243.9 226.8 191
-0.6473 1.56301 3.88864 243 226.5 208
-0.630643 -1.28446 3.29524 100.333 71.3333 41
-0.59878 -1.25814 3.19435 103.692 73.6538 50.6538
-0.541759 -1.2203 3.33371 53.75 40.5 20.85
-0.562012 -1.07303 3.30774 85.4407 66.7288 46.0678
-0.566092 -1.02008 3.30211 86.6946 69.569 52.9631
-0.56362 -0.946429 3.30415 87.9024 71.8182 54.2616
-0.569177 -0.871394 3.29885 88.6792 73.7869 53.9977
-0.565299 -0.798054 3.29435 88.6047 75.9247 54.9035
-0.565207 -0.724204 3.28526 85.7394 73.9108 54.6878
-0.564978 -0.651459 3.28464 93.4717 80.805 63.2063
-0.565443 -0.576744 3.28253 90.807 80.9649 60.2544
-0.567496 -0.502934 3.28145 87.1485 79.5721 61.0873
-0.567855 -0.428778 3.27395 93.9287 86.8753 68.0178
-0.564856 -0.354103 3.26461 91.0044 85.2588 64.0592
-0.564321 -0.280735 3.25241 82.2156 67.6 49.04
-0.534493 -0.250708 3.89909 134.25 97.75 61
-0.569031 -0.225808 3.28023 137.222 105.521 62.5567
-0.533798 -0.200222 3.89672 117.185 99.6026 70.6556
-0.570032 -0.202879 3.93558 104.105 85.1163 59.0581
-0.554124 -0.158889 3.90153 112.098 97.9024 67.0244
-0.565936 -0.128735 3.94823 103.99 94.9697 64.8384
-0.56628 -0.0587546 3.9554 94.7853 86.6731 59.0064
-0.565715 0.0153479 3.95124 88.1834 79.7278 58.1272
-0.565394 0.089346 3.9489 99.3077 92.8462 63.8846
-0.564947 0.163247 3.94597 96.9911 90.2692 65.8846
-0.563777 0.237571 3.94117 93.9272 86.0443 60.5
-0.609012 0.335921 3.62978 84.4286 66.6984 50.4762
-0.544921 0.336834 3.89178 82.4091 75.1818 56.6818
-0.557214 0.303168 3.93658 86.6639 77.0084 59.1303
-0.592144 0.377442 3.63815 89.2 71.897 51.8061
-0.525747 0.365252 3.87453 76.4583 72.375 56.7083
-0.505312 0.37801 3.93533 90.2222 84.7222 66.0741
-0.610703 0.433949 3.62714 77.2222 62.1111 50.1111
-0.513331 0.468252 3.93311 102.213 91.0267 73.6
-0.569786 0.552877 3.86837 87.8535 80.9646 71.4596
-0.536975 0.519487 3.92292 96.384 92.36 77.8
-0.565548 0.612224 3.52603 148.765 137.776 115.994
-0.560614 0.597524 3.67448 95.5 89 77
-0.567864 0.592929 3.84181 90.266 83.8245 70.0691
-0.566656 0.682414 3.52568 160.11 144.454 127.613
-0.564624 0.756035 3.52249 166.617 148.761 130.425
-0.566757 0.830459 3.52188 173.611 152.28 133.174
-0.563566 0.903271 3.51243 180.4 156.546 140.536
-0.567893 0.977827 3.50901 188.459 160.729 146.817
-0.566563 1.05151 3.50606 199.025 167.178 151.361
-0.566165 1.12607 3.50939 209.97 174.023 156.98
-0.566323 1.20039 3.5043 221.617 180.864 166.361
-0.566146 1.27304 3.4992 233.952 189.275 177.511
-0.564306 1.34363 3.50617 243.277 200.157 182.51
-0.611742 1.40412 3.5425 244.704 206.185 185.074
-0.629004 1.44519 3.59892 243.846 219.923 191.308
-0.558374 1.55613 3.8898 243.804 243.761 212.196
-0.454411 -1.33408 3.34424 112.143 81.1905 45
-0.372762 -1.23908 3.39066 53.9506 39.9136 23.0741
-0.401585 -1.22569 3.4322 38.0517 25.6897 19.6207
-0.431294 -1.13525 3.38677 73.3333 56.8889 33.3333
-0.383568 -1.16693 3.43404 73.3481 56.1436 34.0829
-0.412738 -1.08353 3.32354 83.4885 67.958 44.6947
-0.346736 -1.13098 3.41033 82 70 47
-0.411543 -1.01966 3.31185 85.2944 70.684 51.9632
-0.411945 -0.946587 3.31569 87.5368 72.9784 50.3463
-0.413941 -0.871653 3.30719 89.9908 74.8558 51.1144
-0.415049 -0.79896 3.30159 89.9615 76.3326 57.5566
-0.4122 -0.724432 3.29365 91.4289 77.5996 58.3698
-0.414263 -0.650421 3.29016 92.4084 80.0817 59.5166
-0.411663 -0.576102 3.28311 91.674 83.1379 62.9606
-0.411328 -0.502616 3.27866 91.5837 86.3436 65.3304
-0.412845 -0.428898 3.27684 93.3843 86.9575 68.7134
-0.41187 -0.354912 3.27189 91.1752 86.156 67.5791
-0.412744 -0.279871 3.25609 87.8201 70.985 46.6788
-0.4434 -0.250974 3.9836 140.773 107.364 68.1364
-0.46022 -0.184781 0.525057 102.833 78.8333 48.5
-0.416416 -0.236296 3.24708 155.616 125.479 70.4658
-0.414083 -0.204432 3.96734 125.392 103.689 75.7474
-0.412503 -0.132336 3.96475 120.118 111.849 82.0769
-0.41211 -0.0584536 3.96049 93.4583 85.0256 59.9231
-0.411328 0.0152586 3.95282 97.7604 86.4941 63.9704
-0.411111 0.0888053 3.95087 103.795 92.4551 69.7372
-0.410534 0.162187 3.94632 101.038 92.7781 70.6746
-0.453667 0.260395 3.91132 91.6 81.7 65.2
-0.409293 0.237853 3.93951 94.238 85.5753 67.7651
-0.337227 0.316479 3.69441 111 92 80
-0.375474 0.304393 3.86467 98.087 83 64.1739
-0.421523 0.304365 3.93263 92.4254 78.8465 61.7193
-0.423719 0.408756 3.83557 124.423 117.615 100.885
-0.469353 0.385018 3.93359 107.522 102.089 84.0556
-0.439039 0.432554 3.90374 123.6 120.4 100.2
-0.445513 0.468527 3.93293 120.286 113.833 90.6111
-0.413311 0.553728 3.8698 96.2737 89.4469 78.8883
-0.415889 0.51916 3.92848 108.176 101.049 86.6488
-0.410596 0.614086 3.53025 156.214 143.713 123.739
-0.486162 0.597906 3.65105 120.5 109 97
-0.412306 0.592282 3.85231 93.99 88.2864 76.7236
-0.410074 0.68195 3.52919 166.035 151.525 131.997
-0.411895 0.754656 3.52252 173.189 154.903 136.065
-0.411359 0.828435 3.51984 180.476 159.985 140.574
-0.413346 0.903633 3.52055 190.108 164.792 147.122
-0.412482 0.977447 3.51398 200.316 171.351 153.965
-0.413939 1.05094 3.51313 212.197 177.535 160.225
-0.413597 1.12531 3.50919 225.751 185.711 174.08
-0.413514 1.20045 3.50891 239.662 195.919 184.174
-0.412519 1.27402 3.51247 244.474 208.995 194.769
-0.408987 1.34024 3.50683 244.115 230.834 206.254
-0.48437 1.38604 3.52737 244 226 207
-0.449658 1.5485 3.89079 242.909 249.682 233.409
-0.229137 -1.32448 3.27748 117.675 86.1084 53.241
-0.312931 -1.23475 3.39304 46.2462 38.3385 13.1385
-0.235259 -1.2419 3.42449 47.1772 35.5443 15.8861
-0.200638 -1.13526 3.40241 83.7143 67.7143 38.5714
-0.262907 -1.16723 3.43592 73.9424 57.813 38.3561
-0.255219 -1.08393 3.33426 86.5876 68.2371 45.5704
-0.261039 -1.02082 3.32284 87.2989 71.3461 54.5303
-0.258815 -0.946034 3.32111 91.7561 72.6555 53.3557
-0.259853 -0.871726 3.31583 91.7569 76.2199 55.6667
-0.259432 -0.798423 3.30631 90.877 78.8501 58.2103
-0.261291 -0.723707 3.29604 91.0484 80.4637 65.2527
-0.25879 -0.649981 3.2945 92.9309 82.7927 63.203
-0.260871 -0.575586 3.28838 94.709 84.6411 63.7943
-0.259786 -0.502101 3.28184 95.6696 86.7921 68.3348
-0.257756 -0.427796 3.2817 97.4918 88.4245 71.0347
-0.260258 -0.352497 3.27302 93.8196 87.3043 69.6435
-0.260291 -0.278415 3.25547 94.6674 74.1365 53.3881
-0.23467 -0.257205 3.99361 160.4 127.5 86.2
-0.26394 -0.235416 3.25439 165.178 129.789 79.1
-0.257124 -0.205249 3.96438 144.856 126.466 96.6198
-0.259157 -0.13147 3.96388 137.657 124.45 95.3195
-0.258935 -0.0580331 3.95925 112.401 99.2276 66.6378
-0.25844 0.015154 3.94989 114.432 97.6864 68.3787
-0.257378 0.0907176 3.94314 110.194 100.009 76.0746
-0.258661 0.163734 3.94531 107.765 98.473 77.1587
-0.257668 0.236945 3.94211 100.234 91.9911 70.9822
-0.295674 0.319544 3.68807 104.297 93.0099 74.5247
-0.258158 0.307867 3.8569 95.0102 80.6837 57.9796
-0.241023 0.297081 3.93452 91.0196 78.4771 55.5098
-0.300135 0.387043 3.6613 117.657 106.939 86.404
-0.194581 0.387873 3.94309 80.5294 80.1569 59.3137
-0.301916 0.431482 3.65794 124.353 114.529 95.7647
-0.213923 0.469008 3.94016 109.809 103.697 88.2809
-0.261592 0.553945 3.86905 104.228 95.601 81.5285
-0.257338 0.518611 3.92991 115.919 106.724 90.1095
-0.259115 0.609048 3.53253 162.041 147.344 125.927
-0.259821 0.59293 3.85877 106.221 95.105 79.6077
-0.256963 0.681863 3.5321 172.788 155.461 136.293
-0.26002 0.755794 3.52676 182.055 160.14 138.95
-0.257233 0.829636 3.5216 191.138 165.898 145.925
-0.256081 0.903345 3.51292 200.07 172.418 154.236
-0.258993 0.977778 3.51213 213.459 178.793 164.07
-0.25954 1.05284 3.51263 226.806 186.998 174
-0.25958 1.12602 3.5087 240.415 199.457 182.997
-0.257392 1.19817 3.50852 244.495 215.265 199.008
-0.263951 1.27279 3.51054 243.904 235.087 214.493
-0.256207 1.33571 3.50545 242.669 248.823 234.218
-0.281533 1.53169 3.88452 242 250 241
-0.259224 1.54017 3.89732 242 250 241
-0.199377 1.54265 3.91296 242 250 241
-0.0443059 -1.30765 3.22882 120.875 84.5 54.75
-0.111612 -1.32184 3.26963 119.233 85.6319 53.1411
-0.135704 -1.23826 3.36377 60.7875 44.35 22.225
-0.0872886 -1.23769 3.43032 46.0389 33.0778 16.6222
-0.147506 -1.17502 3.3951 52 39.125 24.125
-0.108662 -1.17338 3.4382 72.9046 55.5015 35.5231
-0.103213 -1.0873 3.34509 88.7012 69.1585 49.4116
-0.104454 -1.02018 3.33154 90.606 72.1606 53.9336
-0.10787 -0.946895 3.32993 89.9936 73.8712 60.2146
-0.105659 -0.872208 3.31789 92.0664 76.7743 56.8009
-0.105796 -0.798927 3.31314 93.5514 79.1342 59.4423
-0.105958 -0.723942 3.301 96.329 80.2222 62.8301
-0.107139 -0.650469 3.29614 95.9234 83.3789 65.3582
-0.106161 -0.57651 3.29466 96.4791 85.7448 67.3013
-0.107328 -0.501989 3.2878 96.5198 88.0125 68.1975
-0.106104 -0.428701 3.2863 99.6667 90.6157 70.2123
-0.107567 -0.355029 3.27926 97.1687 88.5958 72.1854
-0.107121 -0.280491 3.25771 96.6729 75.6583 55.6604
-0.103292 -0.256379 3.97531 157.767 121.6 86.5333
-0.11604 -0.240122 3.25202 186.957 147.766 102.787
-0.107169 -0.206139 3.97535 138.265 118.72 94.9499
-0.104969 -0.130917 3.97215 126.761 110.319 78.2137
-0.104775 -0.0577133 3.96209 106.994 91.287 60.6944
-0.104526 0.0151212 3.94758 114.877 99.5726 71.6809
-0.104596 0.0907598 3.95294 118.034 104.131 81.3732
-0.103081 0.164385 3.951 114.802 96.7447 77.988
-0.105602 0.23671 3.94572 102 85.9795 67.114
-0.123503 0.326947 3.8726 98.125 87.1375 67.85
-0.0957086 0.304769 3.94045 96.7421 83.0357 66.8016
-0.12736 0.375627 3.87643 97.9787 89.5532 69.7447
-0.0972165 0.384994 3.94502 104.164 93.2736 76.3881
-0.118548 0.428396 3.90783 110.222 98 81.3333
-0.10477 0.462727 3.93482 120.713 109.895 97.5223
-0.0430951 0.569944 3.53366 144.667 133.167 111
-0.110392 0.551836 3.86854 110.587 100.575 87.4749
-0.104075 0.519828 3.93022 120.781 108.974 101.015
-0.102985 0.611808 3.53636 172.586 154.684 133.285
-0.107012 0.589768 3.86289 112.483 100.306 88.8833
-0.105784 0.682387 3.52943 182.762 161.072 142.285
-0.103662 0.756029 3.52613 191.567 166.376 148.167
-0.104274 0.829055 3.5219 202.13 173.154 154.104
-0.105758 0.904092 3.52149 213.139 179.998 162.509
-0.105166 0.977076 3.51757 227.484 189.315 173.083
-0.106981 1.05136 3.51727 241.706 199.251 186.483
-0.107651 1.12579 3.51813 244.661 216.267 200.971
-0.105015 1.19909 3.51401 243.923 238.91 218.777
-0.107758 1.27372 3.51445 242.21 249.751 238.43
-0.103559 1.33634 3.51755 242 250 241
0.0516364 -1.2861 3.20368 120.545 86.0909 52.8182
-0.0281498 -1.33157 3.27297 117 89 51
0.0428156 -1.26959 3.1841 116.167 84.3333 41.75
0.0281901 -1.25168 3.38539 66.0816 47.3673 23.8571
0.041678 -1.2478 3.42373 45.6497 34.1864 14.3277
0.0391477 -1.13627 3.40225 86.8 66.3 50.7
0.049309 -1.17172 3.43953 74.7722 57.6014 35.1068
0.0484008 -1.08561 3.33819 88.4215 68.6985 48.5046
0.0486832 -1.02011 3.33112 90.9615 70.9957 52.7991
0.0494854 -0.946069 3.32899 92.1048 74.2285 55.3669
0.0490585 -0.872135 3.32235 93.8105 76.1481 56.1743
0.0482748 -0.798262 3.31332 96.2055 78.8708 57.0212
0.0482684 -0.724193 3.3078 95.9791 82.159 61.2824
0.0475995 -0.650592 3.30456 97.499 83.5073 65.0461
0.0471736 -0.576916 3.29726 98.4672 86.1734 64.5539
0.0459718 -0.503427 3.29108 100.608 88.1203 70.2697
0.0469818 -0.428572 3.28601 103.073 90.5925 72.0039
0.0484704 -0.353696 3.28014 100.059 89.5542 73.9448
0.0473578 -0.279021 3.26302 104.141 81.9256 58.7767
0.0557829 -0.254586 3.97505 150.735 115.759 83.5181
0.0421672 -0.241003 3.26785 183.68 137.44 90.56
0.0487571 -0.205711 3.97638 144.077 119.905 91.5536
0.0468098 -0.132123 3.97332 97.6719 80.8156 63.8656
0.0501414 -0.0592417 3.95983 101.436 84.994 62.4806
0.0492547 0.0148955 3.95639 108.258 91.8754 69.0319
0.0478104 0.0904441 3.95992 120.808 104.84 84.8047
0.0478393 0.165672 3.95792 124.142 105.891 87.3018
0.0479268 0.237933 3.9552 112.782 93.6667 72.9936
0.0337564 0.337648 3.87435 107.045 96.9091 89.0909
0.0484095 0.300435 3.94834 109.109 90.8436 72.9384
0.0661739 0.405412 3.71631 122 107.5 90.8947
0.0406639 0.395661 3.80172 116.629 101.9 86.4286
0.0322998 0.378207 3.92635 118.963 101.481 87.0741
0.0602064 0.425726 3.73199 126.833 112.25 102.5
0.0578147 0.44527 3.83999 127.384 112.349 100.279
0.031735 0.474573 3.93541 127.588 113.671 102.082
-0.0225699 0.57055 3.54062 148 131.5 115.5
0.0449828 0.550703 3.87063 117.814 105.077 96.0769
0.0490643 0.517045 3.93353 123.026 111.615 97.6979
0.0511086 0.611416 3.54299 179.181 156.128 135.583
0.0456073 0.592456 3.87052 121.128 104.626 94.7933
0.0499304 0.682004 3.53798 187.669 163.511 145.378
0.0494175 0.755652 3.53478 199.368 169.046 150.891
0.0483426 0.830281 3.53057 208.963 176.749 157.228
0.0484095 0.903256 3.5259 220.096 183.372 169.098
0.0478858 0.977585 3.5253 236.193 195.039 177.675
0.0459284 1.05026 3.51968 244.792 207.643 188.998
0.0467668 1.12463 3.51783 244.356 230.034 207.154
0.0462997 1.19885 3.51819 243.312 248.568 230.623
0.0448219 1.27218 3.51532 241.995 249.995 240.995
0.0442317 1.33634 3.51378 242 250 241
0.13686 -1.2439 3.40008 52.4815 32.7407 10.2222
0.149211 -1.22329 3.44121 44.6875 33.4375 11.375
0.156753 -1.17632 3.44205 57.3629 44.9274 23.871
0.19961 -1.08549 3.33569 86.4752 67.3577 43.9399
0.200736 -1.02067 3.33065 88.4571 69.5129 46.0494
0.203994 -0.946343 3.32536 92.0347 70.8755 54.8
0.20157 -0.872151 3.32265 92.7966 74.0572 55.7331
0.200961 -0.797926 3.31596 92.9458 75.1458 53.3063
0.201589 -0.723286 3.3108 97.0244 78.2886 59.25
0.201963 -0.649864 3.30852 99.5181 84.3133 63.8092
0.273325 -0.564972 1.55157 55.7364 31.0909 11.0636
0.201367 -0.575851 3.30357 99.4489 82.9018 66.521
0.264998 -0.477279 1.53711 68.7237 45.0658 28.5132
0.26996 -0.510613 1.54922 65.3133 42.4819 17.3133
0.200744 -0.501632 3.29623 104.64 88.196 71.122
0.258668 -0.441051 1.50894 83.565 53.135 29.735
0.266226 -0.430748 1.61354 131.46 86.5517 50.7011
0.20124 -0.42793 3.28984 106.184 91.1595 74.2086
0.201782 -0.35493 3.28681 102.923 90.6424 75.3846
0.19871 -0.281709 3.26541 105.225 78.738 52.8628
0.247631 -0.25672 3.98274 120.86 99.46 71.74
0.132311 -0.240882 3.28008 170 135 83
0.207753 -0.195241 3.9808 127.32 104.234 77.7523
0.199566 -0.132007 3.9683 92.7477 75.3754 56.0092
0.201836 -0.0595694 3.94273 99.2953 81.156 55.7131
0.201858 0.0154914 3.94958 98.1667 83.8136 60.9068
0.201125 0.0898387 3.95253 104.352 92.6126 74.4231
0.201111 0.164531 3.95134 106.398 90.728 72.7665
0.201866 0.239019 3.95182 99.8172 85.3712 69.0222
0.245208 0.315616 3.84723 112.763 84.8026 71.8289
0.187682 0.301164 3.94622 107.141 82.2969 70.1354
0.176207 0.381988 3.83424 109.362 91.2536 82.2536
0.215738 0.390493 3.94942 117.065 95.5584 84.3701
0.139037 0.436816 3.8782 121 105.714 96.4286
0.206671 0.460989 3.94554 121.65 107.287 95.8981
0.221378 0.565798 3.5373 154.143 130.143 116.071
0.198381 0.547432 3.8743 123.367 106.748 94.711
0.203475 0.514526 3.93944 126.827 113.482 98.6597
0.201069 0.608387 3.54102 184.063 159.103 139.7
0.199802 0.588625 3.87319 123.818 106.671 93.7765
0.203138 0.681512 3.53779 195.421 167.075 151.098
0.202429 0.755155 3.53533 204.655 173.542 157.461
0.20127 0.829019 3.53178 216.385 180.089 161.292
0.202701 0.903995 3.53432 227.704 188.528 173.486
0.201878 0.977774 3.52953 242.249 200.232 185.152
0.201608 1.05327 3.52764 244.572 217.953 199.592
0.199463 1.12469 3.52474 244.062 240.921 216.177
0.200001 1.19893 3.52895 242.303 249.832 238.983
0.202136 1.27188 3.51948 242 250 241
0.203674 1.33476 3.52334 242 250 241
0.355495 -1.08493 3.33309 88.2872 66.118 43.3308
0.356825 -1.02033 3.32943 90.089 69.4047 47.4894
0.354507 -0.946477 3.3228 92.4154 69.7579 55.2303
0.354128 -0.871568 3.314 93.5756 73.352 54.2402
0.353127 -0.798382 3.31307 92.3159 74.5407 54.6008
0.407992 -0.697606 1.82049 71.7111 43.5704 10.4296
0.354294 -0.723601 3.3077 98.83 78.247 61.5749
0.323819 -0.633997 1.66464 70.6471 41.8824 18.5882
0.385852 -0.650966 1.80392 59.529 34.9018 11.0697
0.35621 -0.650689 3.30534 102.264 83.4929 65.6389
0.290915 -0.578935 1.56627 59.5569 35.5323 14.6031
0.37676 -0.579639 1.81237 75.9167 50.3553 26.0716
0.355268 -0.576694 3.30115 99.068 81.6 64.8427
0.287135 -0.515635 1.58257 68.7264 42.9434 22.9245
0.36604 -0.502019 1.81789 83.9177 57.7221 36.6252
0.42229 -0.467868 1.88458 85 65 47
0.355338 -0.502811 3.29978 107.531 89.6048 73.4731
0.289337 -0.439075 1.68913 122.277 79.4255 48.234
0.355511 -0.444179 1.80938 115.319 74.871 43.8761
0.417812 -0.436547 1.88632 119.248 84.8062 52.5194
0.353041 -0.428904 3.29306 108.235 92.2801 73.9349
0.353686 -0.354388 3.28869 105.154 90.1115 74.4096
0.354652 -0.283979 3.27392 106.764 75.8733 54.7578
0.424344 -0.271623 3.74148 96.6667 73.5 61.8333
0.348931 -0.256112 3.79041 107.948 88.5217 65.113
0.302047 -0.252309 3.95556 120.561 94.439 65.439
0.382782 -0.226493 3.82506 123.158 95.7917 58.7
0.342881 -0.200917 3.97965 119.631 93.2186 58.7312
0.355609 -0.133249 3.98031 94.8576 75.6017 50.875
0.355584 -0.059652 3.98009 98.5651 75.9793 53.7663
0.416191 0.0318924 3.87046 110.146 86.5854 63.6585
0.350829 0.0133783 3.962 108.296 86.8628 63.8415
0.415663 0.0721861 3.87198 108.957 87.5532 74.6809
0.338594 0.0877382 3.9506 113.963 97.1561 82.2342
0.351263 0.166613 3.96209 96.8176 79.3931 64.7987
0.35649 0.238502 3.96047 101.858 86.7977 67.6154
0.336282 0.317707 3.82251 106.781 89.6571 76.7476
0.36666 0.297201 3.94459 103.45 85.96 73.7
0.345082 0.380409 3.80862 121.076 105.904 94.3121
0.402764 0.38766 3.94475 141.592 124.184 111.337
0.336059 0.438926 3.88857 123.194 109.484 95.4516
0.357308 0.465461 3.94715 129.405 112.824 103.047
0.351649 0.566554 3.54579 157.417 137.917 118
0.355338 0.549611 3.8715 120.951 105.27 96.1549
0.355344 0.516757 3.93947 129.471 113.148 98.1905
0.35672 0.607867 3.54856 187.044 158.868 139.169
0.345833 0.587944 3.87525 122.54 105.467 93.8933
0.354623 0.681792 3.54095 200.308 166.718 146.806
0.356728 0.75593 3.53729 209.96 172.476 158.011
0.353566 0.83054 3.5406 222.381 179.571 163.7
0.356242 0.903971 3.53213 233.71 189.473 173.693
0.353861 0.978364 3.53155 244.63 202.381 187.545
0.354839 1.05123 3.5264 244.639 220.823 203.158
0.354685 1.1267 3.52519 243.865 244.035 221.179
0.356263 1.20007 3.52155 242.042 249.965 240.855
0.353069 1.2734 3.52126 242 250 241
0.346892 1.32955 3.51965 242 250 241
0.491935 -1.08488 3.32871 81.4618 58.8785 37.3021
0.486764 -1.02071 3.3267 81.3952 60.6075 36.6452
0.479942 -0.945881 3.32074 98.7323 71.2277 48.0646
0.476176 -0.872483 3.32016 122.811 86.5608 57.3818
0.491182 -0.794699 3.31831 103.177 77.596 53.351
0.435521 -0.698939 1.83984 79.9062 47.5938 13.9375
0.581818 -0.725471 1.95588 67.4561 35.5263 2.49123
0.507821 -0.725348 3.31591 96.9439 77.0942 58.1623
0.433933 -0.662135 1.84574 45.1081 28.6486 14.1081
0.508868 -0.650414 3.30927 103.719 81.4359 62.3208
0.584389 -0.540042 1.68021 82 44.5 14
0.533071 -0.565144 1.76474 81.3333 47 27.3333
0.582906 -0.543322 1.91708 90.7143 43.1429 22.2857
0.510426 -0.576478 3.30911 98.5926 79.0877 62.5517
0.58346 -0.514349 1.48369 118.405 66.0784 26.4575
0.581251 -0.512746 1.63234 135.799 79.4191 34.971
0.579048 -0.508968 1.80005 150.616 92.9101 45.9236
0.573628 -0.505457 1.92555 163.304 98.924 55.5779
0.508447 -0.502511 3.30657 108.024 87.9775 69.1948
0.436645 -0.442623 1.89378 97.3333 70.6042 40.375
0.509024 -0.427969 3.29923 108.635 89.7308 74.2673
0.506229 -0.354572 3.29441 105.213 88.3829 71.1829
0.506756 -0.285874 3.2722 109.089 74.6534 50.2974
0.432402 -0.277039 3.74298 86 57 55
0.48198 -0.255339 3.81847 103.911 82.1429 64.5536
0.508503 -0.251116 3.94347 103.581 80.129 62.2903
0.526825 -0.219805 3.87392 105.969 88.8906 63.8281
0.50844 -0.207026 3.97504 115.735 92.7704 70.5914
0.515193 -0.122403 3.84317 130.815 109 82.5926
0.501677 -0.132955 3.97586 119.186 99.6281 75.0744
0.507312 -0.0891345 3.87322 129.667 110.167 89.5
0.506582 -0.0577811 3.97659 113.827 93.7464 69.8646
0.437817 0.0314866 3.87335 108.214 85.6429 65.7143
0.518441 0.0130256 3.96144 96.7709 78.2229 59.969
0.446047 0.0734061 3.87521 108.306 86.4444 77
0.520077 0.0910349 3.96558 100.263 85.1053 67.8388
0.508834 0.163727 3.96655 115.036 89.2346 67.0196
0.497749 0.269256 3.90596 105.786 83.2143 69.4286
0.508975 0.236602 3.95996 107.445 88.1408 69.0225
0.47636 0.313202 3.681 113.087 95.1449 79.8551
0.494793 0.283956 3.86272 103.8 81.12 69.04
0.535691 0.287445 3.95556 94.6481 75.963 63.2407
0.474394 0.364658 3.67751 134.577 110.308 95.0769
0.433766 0.375304 3.87616 148.5 132.75 118.75
0.457077 0.407171 3.94826 145.125 126.917 109.583
0.509502 0.460092 3.95567 128.384 108.179 97.0568
0.516534 0.565423 3.55591 155.088 128.158 111.035
0.511527 0.547749 3.87503 121.876 102.482 88.9243
0.506816 0.514016 3.94567 127.296 109.148 97.3862
0.509696 0.606856 3.55005 186.264 154.297 137.554
0.505138 0.583093 3.87752 123.957 100.871 92.5699
0.508969 0.682203 3.54633 199.009 162.94 146.576
0.506403 0.756611 3.54012 210.179 169.197 153.325
0.510524 0.82927 3.53332 218.809 177.383 161.702
0.507984 0.904374 3.53267 231.966 188.579 172.072
0.509009 0.977973 3.527 244.125 199.881 185.356
0.50839 1.05197 3.53165 244.818 216.608 198.354
0.509042 1.12489 3.52615 244.188 241.255 215.178
0.507615 1.20059 3.52273 242.371 249.93 238.127
0.506912 1.27418 3.51987 242 250 241
0.505343 1.32501 3.52167 242 250 241
0.712561 -1.09285 3.33049 77.5 47.6667 27.5
0.704592 -1.0183 3.33071 78.5167 54.85 27.1
0.68903 -0.94465 3.32156 82.1807 56.6386 38.3735
0.679604 -0.876133 3.31165 83.8692 56.4112 39.0093
0.624102 -0.712317 1.94325 56.6965 27.3189 1.96364
0.643418 -0.714012 3.31751 103.703 79.693 56.3608
0.615274 -0.617532 1.67149 75.375 35.55 0.95
0.616753 -0.62199 1.80087 72.4622 34.0924 5.72269
0.612252 -0.656074 1.93877 66.5828 32.0914 6.32318
0.662212 -0.65106 3.31099 101.82 79.3314 60.6245
0.598265 -0.550406 1.51286 78.5147 33.7647 7.30882
0.612735 -0.584025 1.64305 74.7163 34.1897 3.83511
0.608876 -0.585429 1.78924 76.2189 38.8008 4.41223
0.599113 -0.584133 1.92319 77.8894 38.8329 11.3176
0.661066 -0.576909 3.30507 97.8336 77.6543 61.8632
0.612772 -0.501058 1.36083 193.875 120 51.125
0.626035 -0.501906 1.46016 182.523 110.28 55.6955
0.649387 -0.496996 1.61483 187.887 116.364 60.9123
0.653482 -0.492655 1.78128 200.196 126.79 68.4803
0.662727 -0.490029 1.93079 206.87 131.351 76.477
0.66444 -0.502254 3.30574 106.13 85.8404 68.1945
0.660526 -0.428039 3.29977 108.944 86.5872 70.8953
0.662413 -0.354518 3.29507 103.78 84.0109 65.9036
0.663098 -0.290243 3.27909 107.347 70.4683 44.9418
0.685498 -0.263959 3.807 89.9613 66.3226 46.4839
0.657942 -0.250506 3.97053 67.7333 61.8667 53.3333
0.652231 -0.201022 3.87809 80.9583 66.1979 50.8698
0.648673 -0.209797 3.93948 79.1631 69.6596 52.7376
0.670749 -0.135723 3.85645 84.8267 66.0133 51.3933
0.642195 -0.129118 3.95946 89.5093 78.9444 55.3102
0.679045 -0.0732471 3.85441 96.5258 69.5773 53.5361
0.649821 -0.0547715 3.96574 109.141 88.9894 73.6197
0.66293 0.0152007 3.95479 86.3634 70.407 58.6424
0.661417 0.0894545 3.96983 84.4476 71.3031 57.9263
0.660714 0.162468 3.97021 112.128 87.1866 61.298
0.664221 0.236709 3.96603 89.8123 69.7131 54.7212
0.651274 0.31402 3.95859 94.2945 73.4726 63.3938
0.661487 0.385863 3.95416 114.787 95.9655 84.7837
0.661888 0.460445 3.95674 120.199 96.1303 85.3431
0.662784 0.564217 3.54627 158.772 132.886 113.886
0.66174 0.546547 3.87769 112.633 97.0077 86.4054
0.661796 0.513701 3.94322 116.588 99.3529 88.4647
0.663049 0.607336 3.5475 187.533 153.485 138.077
0.6684 0.58333 3.88517 119.104 94.9717 80.9434
0.660806 0.681444 3.54609 199.485 162.224 145.295
0.660203 0.755647 3.54268 208.384 168.67 151.841
0.662935 0.828465 3.53888 218.019 176.039 160.768
0.661506 0.903094 3.53896 231.027 186.358 170.017
0.663087 0.977905 3.53369 243.938 196.95 183.1
0.661605 1.0512 3.52993 244.882 214.161 196.114
0.661452 1.12789 3.5313 244.226 240.216 216.114
0.661968 1.19983 3.52233 242.342 249.916 238.631
0.661213 1.27315 3.51847 242 250 241
0.657231 1.31949 3.52028 242 250 241
0.840947 -1.21579 3.46318 34.5455 21.5909 2.59091
0.853558 -1.14771 3.39414 75.625 45.375 21.875
0.843349 -1.19964 3.46414 45.8333 27.6667 0.833333
0.840233 -1.09107 3.34652 84.212 58.3734 37.4051
0.833342 -1.01884 3.33785 86.1135 62.1749 40.9314
0.827869 -0.944012 3.33213 87.6771 64.3519 42.0958
0.824998 -0.87178 3.32935 92.3151 65.5021 42.3403
0.832143 -0.800369 3.32069 92.8806 68.9532 42.7447
0.829744 -0.720342 3.31882 94.3931 70.3448 52.1655
0.814275 -0.649781 3.31579 97.8897 74.3529 52.8548
0.81752 -0.576425 3.31231 97.9553 77.6108 58.9665
0.768101 -0.500565 1.67668 172.95 99.0824 41.5018
0.773653 -0.490442 1.7702 184.246 114.71 62.7838
0.810842 -0.495577 1.93748 192.34 119.742 60.1495
0.814985 -0.502826 3.30817 102.097 80.298 59.5943
0.814068 -0.428 3.29982 104.359 82.6726 61.3523
0.817665 -0.355107 3.30063 98.0814 78.5407 57.2062
0.813695 -0.290901 3.28234 103.186 64.5696 40.7062
0.769362 -0.270593 3.75621 134.784 92.2955 56.125
0.758233 -0.250594 3.95419 64.3158 43.1053 36.4211
0.778282 -0.230762 3.84813 58.9 45.9 29.8
0.757889 -0.206564 3.99251 67.7412 46.6235 36.9647
0.766807 -0.129868 3.98151 68.2586 45.5431 37.8276
0.771587 -0.0537291 3.97611 75.7478 52.1913 40.9391
0.815912 0.0154689 3.98214 77.011 65.1818 54.9201
0.814682 0.0886497 3.9776 72.8936 61.2766 51.3032
0.814865 0.162117 3.97393 81.6816 67.4105 51.1868
0.814828 0.269744 3.75767 83.3333 52.6667 54.6667
0.816756 0.236407 3.97081 90.2493 67.1501 47.7855
0.797424 0.309707 3.70615 114.429 87.4184 74.9796
0.810559 0.279638 3.77867 98.7273 75.8182 61.0909
0.789285 0.291702 3.99144 96 72.1176 49.7647
0.79706 0.379577 3.71182 139.552 111.448 91.194
0.80106 0.418426 3.75269 146.75 118.5 90.25
0.747214 0.395493 4.01438 146.125 130.75 119.5
0.818406 0.435637 3.83397 142.875 118.375 90
0.810621 0.467154 3.95441 116.531 94.6888 83.9685
0.826711 0.561552 3.55858 148.554 126.402 109.598
0.851732 0.568271 3.70195 112.667 91 89.3333
0.817644 0.545967 3.88164 105.131 85.8727 79.2145
0.818553 0.512971 3.94729 94.2105 77.8263 68.1842
0.814724 0.606611 3.55144 184.517 151.747 134.894
0.813258 0.579807 3.88315 112.687 88.494 80.494
0.847423 0.586679 3.91528 112.625 87.875 80.625
0.816268 0.681544 3.54814 194.93 157.938 143.3
0.815438 0.75659 3.54744 204.179 165.343 148.787
0.813941 0.830164 3.54303 214.251 172.651 159.31
0.816457 0.90436 3.5391 226.044 180.66 169.495
0.814945 0.977908 3.53333 241.014 193.413 179.729
0.815834 1.05295 3.53673 244.975 207.866 191.707
0.81195 1.12499 3.53178 244.648 229.787 208.863
0.816008 1.20024 3.53103 243.116 249.088 231.151
0.818964 1.27392 3.52931 242 250 241
0.802151 1.31574 3.53758 242 250 241
0.937876 -1.09068 3.35294 82.3131 55.984 27.8339
0.939156 -1.02036 3.346 83.6113 56.8276 30.3103
0.938235 -0.945411 3.3366 88.9885 55.9282 35.6552
0.922942 -0.87679 3.33059 97.4162 59.4378 33.4757
0.952017 -0.789254 3.32899 104.905 75.4732 46.4196
0.967829 -0.724369 3.3248 94.9893 70.5391 49.427
0.968579 -0.65024 3.31871 96.2028 73.8025 50.3968
0.969486 -0.576512 3.30944 98.7081 77.0104 53.4231
0.969188 -0.502506 3.30893 102.553 78.8394 58.5613
0.969919 -0.428215 3.30624 104.524 81.0438 62.4869
0.968838 -0.353538 3.29952 97.8842 74.4035 54.4842
0.972885 -0.286576 3.28855 101.989 65.32 38.7267
0.986386 -0.268097 3.89952 108.688 69.875 54.3125
0.964823 -0.264227 3.96131 105.12 70.64 49.536
1.02964 -0.233243 3.352 220.125 169.854 127.875
1.03402 -0.22983 3.4569 231.412 187.412 141.471
0.981424 -0.203708 3.99619 101.292 73.0694 53.1181
0.985954 -0.131769 3.99164 108.693 80.727 58.4908
0.978473 -0.0562103 3.9775 97.7798 76.7034 61.0856
0.970545 0.0151613 3.9851 72.6021 66.4085 59.6154
0.968917 0.0888149 3.97404 69.772 56.5881 46.0415
0.966536 0.163004 3.97276 68.7099 55.8346 50.7913
0.946315 0.231749 3.96836 64.4925 50.1608 43.2412
0.983705 0.32036 3.94111 67.6102 49.9661 49.3559
0.990525 0.368324 3.95306 68.4783 47.8261 39.3913
0.9726 0.47141 3.95557 92.3231 72.6077 69.7577
0.970428 0.562641 3.56081 155.374 130.202 111.212
0.954948 0.556624 3.5822 136.04 103.52 87.96
0.963418 0.541183 3.87929 102.054 84.3725 76.1409
0.981924 0.509502 3.94125 99.4403 82.7761 75.6343
0.968586 0.6081 3.5575 178.23 145.065 130.927
0.983124 0.576008 3.87039 108.316 83.2632 76.7895
1.00854 0.580812 3.91598 107.364 82.6818 75.4545
0.969483 0.681211 3.55165 189.054 150.946 134.414
0.970903 0.755594 3.55027 195.168 158.395 143.894
0.966662 0.829606 3.54404 204.188 166.448 150.729
0.967702 0.903765 3.53231 217.66 173.981 158.672
0.972332 0.979864 3.5386 229.327 184.606 169.299
0.966807 1.05222 3.53462 242.113 195.927 181.696
0.967873 1.12539 3.53088 244.956 215.04 197.73
0.968521 1.20122 3.53771 244.084 242.088 217.266
0.973039 1.26796 3.52697 242.145 249.973 239.922
1.12136 -0.773449 3.32737 94.9048 65.7446 39.8528
1.12286 -0.723632 3.32823 95.3444 67.2955 43.3759
1.12394 -0.650134 3.31976 97.1639 70.7843 47.8294
1.12282 -0.575208 3.31395 98.5578 74.6395 48.6429
1.12136 -0.502185 3.31035 100.802 78.1635 54.222
1.12185 -0.42847 3.3082 103.159 79.2003 59.7546
1.1234 -0.354775 3.30453 96.6085 74.0855 49.1966
1.11547 -0.281966 3.29896 149.153 99.4407 65.2147
1.10932 -0.245792 3.96621 206 152.667 125.833
1.10033 -0.227154 3.3584 224.749 165.409 123.953
1.10965 -0.198749 3.46574 175.928 135.306 98.518
1.12478 -0.200237 3.99581 127.787 87.7079 67.7303
1.11816 -0.132877 3.4992 140.518 99.3416 70.7923
1.06567 -0.129216 3.59522 181.5 132 114
1.11363 -0.128155 3.99023 122.824 88.9878 69.5102
1.11903 -0.0601491 3.49958 133.327 94.2966 66.1787
1.12064 -0.0549052 3.98646 121.339 92.4758 66.3061
1.12617 -0.0148028 3.5285 119.37 81.8913 57.6957
1.1542 0.0226967 3.62604 99.2632 64.7632 49.0132
1.12613 0.0149237 3.98434 94.3104 66.4122 52.5725
1.15506 0.0540692 3.63281 99.25 54 44.75
1.12498 0.0899547 3.98704 77.6024 51.2217 45.4795
1.125 0.165057 3.98208 62.3906 58.0104 54.5365
1.09352 0.273684 3.79115 90 71.5 58.5
1.13425 0.236981 3.98195 61.6561 53.9968 47.3185
1.07163 0.318857 3.70723 59.1915 49.0851 40.8511
1.12637 0.282772 3.87248 93.25 78.125 60.375
1.13486 0.278421 3.96595 74.4444 41.3333 39.3333
1.10463 0.453422 3.88405 97.5526 81.3684 70.2105
1.11772 0.46766 3.95174 96.5299 78.8406 71.2789
1.12518 0.560419 3.55827 148.673 121.423 102.532
1.12073 0.542865 3.88467 98.3152 79.2862 69.9746
1.12037 0.512065 3.94017 101.486 81.6069 75.2081
1.12205 0.607947 3.55804 167.593 137.781 119.111
1.08864 0.5802 3.89667 104.5 83.6481 74.0926
1.17594 0.580246 3.9246 99.5769 80.8077 72.1923
1.124 0.681546 3.55414 176.504 142.84 127.711
1.12245 0.755735 3.55095 183.412 150.926 131.856
1.12247 0.830741 3.55272 191.218 156.803 140.342
1.12358 0.902073 3.54123 202.181 162.983 148.117
1.12545 0.977808 3.54001 212.539 171.636 154.354
1.11921 1.05096 3.53702 228.274 182.565 167.78
1.11963 1.12781 3.53801 241.555 197.691 181.819
1.12247 1.19997 3.52774 245.006 219.685 197.197
1.12384 1.26748 3.53738 243.743 244.366 224.089
1.27718 -0.773984 3.32016 90.4604 62.5644 40.0099
1.27316 -0.725055 3.32563 90.2409 66.0919 40.0951
1.27712 -0.65017 3.32018 92.6611 67.8314 46.1469
1.2771 -0.575918 3.31835 97.7324 71.5128 44.7708
1.27569 -0.501039 3.31569 98.0132 75.3934 49.919
1.27548 -0.428301 3.31425 101.976 77.671 55.3629
1.27761 -0.353969 3.30738 98.0142 70.6582 49.3149
1.27917 -0.291966 3.2984 107.058 66.9698 29.0349
1.29768 -0.265799 3.47587 161.7 114.1 78.9
1.29606 -0.25968 3.62297 203.271 147.576 103.78
1.30721 -0.205292 3.66277 142.084 101.631 72.33
1.3048 -0.131271 3.65634 141.971 102.905 70.9875
1.29622 -0.104528 3.74361 115 78 52
1.29675 -0.0558719 3.64787 141.663 106.516 73.0714
1.27957 -0.0322093 3.75252 116.654 74.4615 36.4231
1.20346 -0.0233941 3.93362 172 130 107
1.29366 0.014696 3.66791 147.5 109.618 78.8679
1.27362 0.0219302 3.76327 116.49 74.8646 46.6458
1.2071 0.0179091 3.96716 121.657 87.4286 68.4857
1.28188 0.08902 3.66119 111.394 80.4977 53.629
1.27202 0.0904 3.82547 102.274 64.7547 45.6698
1.24354 0.0996466 3.97899 91.6751 56.3959 47.4416
1.27986 0.145645 3.66128 96.6495 67.732 48.4433
1.28274 0.154179 3.82481 97.0729 62.4167 47.6458
1.25939 0.166545 3.98084 90.2112 59.6403 46.8713
1.32615 0.26616 3.78862 89.7632 72.4211 49.0789
1.27778 0.236951 3.98623 66.0506 52.4481 41.3823
1.32267 0.307481 3.794 109.549 81.4722 54.6528
1.32149 0.313207 3.97083 104.549 77.7787 58.4344
1.32252 0.365709 3.82522 112.281 85.2632 59.6667
1.32115 0.386899 3.97302 112.994 86.5269 70.7006
1.27817 0.461473 3.96912 93.9529 77.6832 68.5812
1.27296 0.556598 3.5599 125.618 96.8034 78.0843
1.34805 0.543933 3.59092 104 71.8667 51.7333
1.2875 0.537575 3.90025 84.9189 67.3513 58.4324
1.27272 0.527482 3.93745 89.4951 71.4131 65.8197
1.27695 0.607979 3.55967 137.132 108.305 89.2615
1.26447 0.616766 3.57682 142.566 115.208 98.2076
1.27667 0.581973 3.94224 94.8143 71.8286 65.2143
1.27538 0.681307 3.55496 144.795 114.114 93.9706
1.27448 0.755643 3.55375 149.674 119.709 101.547
1.2746 0.83037 3.54975 154.384 125.282 105.65
1.27526 0.902952 3.54097 162.596 130.709 113.33
1.27762 0.977497 3.54482 172.309 137.918 118.561
1.27912 1.05471 3.54603 183.997 147.636 130.112
1.27288 1.12712 3.53592 204.901 159.272 142.257
1.27521 1.20184 3.53336 223.209 175.701 157.384
1.27048 1.25755 3.52799 241.397 197.613 172.728
1.38668 -0.778037 3.33373 62.4032 47.0726 16.4435
1.48341 -0.788172 3.4632 44.4615 29.6154 9.53846
1.38852 -0.726186 3.33124 66.8945 44.6873 20.7964
1.38711 -0.652239 3.32329 65.2059 44.3566 24.8971
1.38594 -0.575644 3.32122 91.3379 60.0922 31.3823
1.38903 -0.502087 3.31795 96.466 69.1326 43.4444
1.38698 -0.42854 3.31018 77.8629 55.8963 30.5117
1.39073 -0.355937 3.30384 76.1045 52.4983 32.0314
1.38707 -0.293901 3.28263 76.3838 55.1568 26.027
1.38552 -0.259493 3.4885 91.3838 58.4949 36.1919
1.47249 -0.177221 3.36579 62.0238 39.9048 35.3333
1.39476 -0.201544 3.49128 90.7258 62.3712 39.204
1.38032 -0.206748 3.65561 136.562 97.1944 69.9097
1.47824 -0.158247 3.36821 110.419 91.4054 67.6081
1.39914 -0.132634 3.49634 98.5442 71.057 52.1823
1.37766 -0.127421 3.62613 128.271 92.339 66.6102
1.39952 -0.111611 3.74846 143.5 109.333 73.6667
1.40471 -0.0556368 3.49371 99.8321 71.5985 43.6861
1.39021 -0.0697033 3.66342 133.224 98.2824 74.2118
1.40577 -0.0940681 3.76529 143.333 107.667 76.3333
1.4067 0.0129387 3.48238 106.357 80.63 53.23
1.3872 0.0052944 3.69616 151.667 114.167 81.5
1.42982 0.0965149 3.51101 114.993 86.9116 70.2177
1.41763 0.101978 3.62847 140.525 107.424 81.2712
1.41352 0.0966261 3.82999 143.593 111.007 77.9037
1.42016 0.119733 3.92132 123.5 97 68.5
1.41678 0.171668 3.50266 115.432 87.1136 66.4242
1.41859 0.141146 3.67222 148.631 115.046 89.4308
1.43363 0.170055 3.82427 154.062 117.519 82.8875
1.41949 0.169704 3.94304 121.317 91.3171 64.3537
1.48154 0.25034 3.34411 119.04 95.5645 69.9274
1.41713 0.235038 3.52013 117.852 92.2465 72.4577
1.41827 0.245445 3.63544 142.127 105.618 73.9902
1.41441 0.238486 3.81191 147.606 113.406 76.1312
1.39461 0.230333 3.96656 95.0711 70.2259 51.6318
1.41362 0.313316 3.33839 121.5 96.5 90.8333
1.42106 0.301374 3.48738 123.774 102.472 86.3774
1.41574 0.304663 3.6385 144.889 107.053 73.2963
1.39501 0.316901 3.7792 151.26 113.143 74.5168
1.35405 0.29689 3.95712 92.6667 71.6667 54.6667
1.41627 0.35553 3.46153 126.778 105 92.6667
1.41854 0.384703 3.61999 134.089 100.344 75.8333
1.41074 0.38413 3.8006 155.395 116.889 74.9557
1.39164 0.413363 3.9445 108.511 83.4681 61.3404
1.46448 0.445155 3.41088 88.1111 65.5556 58.2222
1.41839 0.452739 3.66062 145.299 110.241 68.1724
1.42485 0.46011 3.8427 155.024 117.274 78.1731
1.39045 0.460647 3.96401 101.085 76.4873 61.4746
1.38808 0.553673 3.56392 100.512 73.869 50.4048
1.36613 0.549237 3.60473 109.276 79.1724 58.1379
1.40371 0.531624 3.86779 110.645 83.7814 60.5376
1.37949 0.513816 3.94015 100.4 78.6286 63.9
1.47289 0.642006 3.28114 101 77.5 56
1.38087 0.608149 3.56579 105.745 81.5481 58.5144
1.39035 0.583265 3.57957 104.067 77.7333 59.9333
1.3756 0.574326 3.89817 79 62.1667 52.1667
1.36891 0.584702 3.94171 84.913 65.5217 55.3478
1.48772 0.669572 3.30403 103.118 79.8824 63.0588
1.38449 0.686521 3.56776 111.207 86.2676 70.3662
1.41243 0.678772 3.5747 103 80.1 71.7
1.38416 0.754216 3.55843 117.338 89.987 70.8268
1.3824 0.830236 3.546 120.371 97.0549 82.308
1.3786 0.902469 3.53909 128.672 103.144 88.7761
1.38473 0.978369 3.54794 137.177 109.527 92.9409
1.37841 1.05002 3.53704 149.376 116.284 101.881
1.38677 1.13044 3.53907 158.739 125.362 113.016
1.38274 1.19859 3.533 178.155 139.115 127.685
1.38433 1.25572 3.53685 201.394 152.558 136.077
1.51976 -0.17979 3.35954 68.4 53.2667 45.8444
1.54156 -0.211136 3.43665 50.75 42.75 5.25
1.5195 -0.15692 3.35651 120.642 95.403 68.9403
1.51586 0.251402 3.34011 141.511 110.222 87.2667
1.53285 0.431574 3.37698 89.25 68.75 46.25
1.5065 0.681196 3.32469 102.333 80 62.3333
2.14518 -0.647457 4.6566 71.75 49.25 27.75
3.33739 -0.194192 7.29777 118.273 89.9091 45.2727
3.34778 -0.178164 7.29985 117 92 50
