-2.45545 -0.572109 3.15385 17.5868 13.3636 8.12397
-2.48961 -0.507033 3.14799 16.6016 12.8984 3.4375
-2.46489 -0.435188 3.13212 18.541 16.5902 1.56557
-2.46341 -0.355635 3.13916 18.1745 15.0936 3.45532
-2.43861 -0.2551 3.06453 17.3571 13.4286 10.6429
-2.45566 -0.283755 3.13625 20.4224 16.8323 3.29193
-2.43824 -0.239444 3.06457 22.8182 14 9.54545
-2.4655 -0.214812 3.14781 21.3796 17.5401 2.24088
-2.46065 -0.123533 3.13198 23.013 17.3117 1.55844
-2.44957 -0.0643553 3.11665 26.7706 20.4587 3.09174
-2.44516 0.0163499 3.11108 27.44 20.7733 7.16
-2.43957 0.0997897 3.07319 26.4865 21.7027 4.18919
-2.43659 0.0932048 3.12017 27.3463 24.8 9.2439
-2.44852 0.166422 3.11423 26.2229 21.4522 5.32484
-2.43284 0.243501 3.07222 27.5833 20.625 10.0833
-2.44496 0.240841 3.1063 31.3456 20.3456 6.63971
-2.41751 0.321214 3.08149 35.6667 23.9167 5.41667
-2.43606 0.312128 3.10778 33.4837 24.0588 7.20915
-2.4232 0.386929 3.05939 30.3333 24.7333 5.73333
-2.42211 0.386861 3.09845 35.2248 26.8915 5.55814
-2.43249 0.433925 3.07047 30.1667 22.9167 9.25
-2.44999 0.473539 3.10703 34.191 26.236 9.17978
-2.40931 0.571645 3.0407 44.1111 27.5556 2.33333
-2.4269 0.53762 3.10348 40.7344 28.8438 6.84375
-2.41478 0.633757 3.07942 34.1 32.05 3.3
-2.4223 0.624276 3.10676 41.4146 31.8293 7.7561
-2.42318 0.693004 3.07817 40.6889 27.637 9.51852
-2.41255 0.66296 3.10408 45.1351 30.4595 9.43243
-2.41 0.750648 3.0561 40.68 30.6933 14.4667
-2.41303 0.852871 3.06513 41.5333 32.6889 16.9111
-2.44047 0.847981 3.1092 45.5 31.4 9.7
-2.40272 0.88264 3.06438 49 33.5 20.875
-2.41554 0.96426 3.10271 47.0667 37.1333 12.4
-2.41159 1.0678 3.07121 48.6071 38.1429 23.1429
-2.41948 1.07144 3.09978 49.4333 39.0333 20.5
-2.40673 1.14918 3.05433 46.0769 38.6923 10.1154
-2.29582 -0.89063 3.24094 106.833 80.4167 56.25
-2.26063 -0.744679 3.17124 54.7333 20.7333 3.8
-2.28668 -0.719855 3.20916 71.7672 48.4339 20.8836
-2.3227 -0.667765 3.1968 74.3043 51.1304 29.1304
-2.28726 -0.653607 3.20581 78.1381 53.59 26.4561
-2.29427 -0.568584 3.19702 80.3678 56.2529 41.3103
-2.28214 -0.588558 3.20186 82.1118 53.2697 37.8355
-2.28653 -0.507604 3.19359 82.1174 58.6808 36.2911
-2.2539 -0.529175 3.20642 83.1176 58.0588 41.6471
-2.28685 -0.434821 3.18771 83.3349 61.6651 34.4093
-2.28236 -0.409616 3.19938 84.5 64.3125 32.1875
-2.28392 -0.356629 3.18824 87.4123 63.2895 40.0395
-2.32539 -0.388958 3.19944 81.6667 61.3333 27.9167
-2.28614 -0.284969 3.18346 87.0854 68.9187 44.3537
-2.28274 -0.207812 3.18293 90.0398 70.0752 50.385
-2.34282 -0.187204 3.20029 90.5 72 40.5
-2.2807 -0.133672 3.17287 92.25 73.6225 46.1071
-2.27758 -0.0585769 3.17169 97.625 73.6406 53.3646
-2.28038 0.0141907 3.16666 100.486 76.4333 50.4048
-2.33879 0.120502 3.0715 37.3333 29 20.3333
-2.27445 0.0901142 3.15909 104.201 76.7371 52.3247
-2.34692 0.13055 3.08221 39 30 15
-2.2747 0.167054 3.1532 104.372 78.5513 50.3846
-2.37272 0.231075 3.07128 40.5 31.6667 8
-2.26973 0.241834 3.14939 107.067 81.7439 61.5122
-2.27581 0.314042 3.15661 106.306 84.3185 63.051
-2.3697 0.383937 3.06498 37.5238 31.0476 14.7619
-2.27992 0.390729 3.14388 106.286 80.9481 55.3247
-2.26666 0.466444 3.14437 110.817 87.3391 62.3043
-2.27528 0.539535 3.1395 111.308 86.8346 59.7218
-2.26354 0.612289 3.13411 112.227 90.0455 61.1636
-2.26325 0.691675 3.13035 116.979 89.5789 62.0737
-2.2662 0.764104 3.13129 116.826 88.9913 60.7565
-2.26416 0.827407 3.12814 115.256 90.1341 77.3171
-2.26073 0.919328 3.12209 116.776 93.3881 74.7761
-2.25393 0.985026 3.11208 115.8 94.8 72.6333
-2.25662 1.06506 3.11886 117.02 95.8431 78.4118
-2.38329 1.15874 3.04295 42.3333 35 1.66667
-2.25522 1.1259 3.11872 118.207 91.8621 76.3448
-2.2608 1.23426 3.11447 110.943 88.3429 71.2857
-2.25393 1.25473 3.10796 106.1 86.8 69.1
-2.2266 -0.896991 3.2274 110.5 85.5 66.8333
-2.20927 -0.773805 3.08407 73.5 34.8333 1.66667
-2.13688 -0.782796 3.37354 61.9444 34.9444 20.7778
-2.14812 -0.816288 3.52085 39.9259 21.4074 2.96296
-2.15484 -0.799212 3.55525 30.8769 20.4 4.46154
-2.17857 -0.75013 3.0728 74.5135 34.8018 6.33333
-2.20999 -0.751704 3.15367 74.3898 36.5424 14.8983
-2.16635 -0.727111 3.23571 112.88 82.453 56.3141
-2.13813 -0.728297 3.36768 76.1938 49.4109 21.2015
-2.14622 -0.72762 3.48228 39.5316 29.0474 6.61579
-2.14246 -0.750844 3.5457 30.4706 20.1765 5.76471
-2.17038 -0.655452 3.22804 120.316 92.9717 62.855
-2.1334 -0.654391 3.36811 63.5414 47.2541 19.2541
-2.14224 -0.656495 3.49581 35.4795 25.076 9.02924
-2.14064 -0.672863 3.54844 33.5789 18.8947 2.15789
-2.16704 -0.579911 3.2251 123.947 93.0036 69.4855
-2.13243 -0.582545 3.36996 61.8 45.5667 26.6611
-2.1424 -0.584421 3.49322 37.4506 24.3642 10.0617
-2.13824 -0.567876 3.55426 32.1224 20.4082 3.40816
-2.2394 -0.483297 3.19435 85.4643 62 36.8571
-2.16338 -0.506306 3.22286 127.138 98.5566 73.9559
-2.12906 -0.506581 3.35875 68.2604 45.2249 33.8876
-2.1379 -0.50297 3.47411 40.5312 28.9125 9.33125
-2.14079 -0.515236 3.55489 31.3125 23.0938 1.53125
-2.22597 -0.440448 3.19388 95.2079 68.3564 37.2574
-2.15647 -0.429699 3.22117 135.349 106.475 75.8066
-2.13764 -0.431267 3.3702 67.8931 50.9251 26.8503
-2.13447 -0.432467 3.48602 36.8442 29.0854 8.63317
-2.12906 -0.45164 3.54648 30.5 24.9 2.5
-2.21809 -0.358866 3.19542 111.632 78.1459 55.0865
-2.1436 -0.356924 3.23309 138.964 110.411 83.3023
-2.12876 -0.357142 3.36982 64.5866 47.486 25.9665
-2.13214 -0.356645 3.48672 42.6744 25.4186 7.98837
-2.19544 -0.269037 3.19145 125.826 96.5839 71.6149
-2.15205 -0.288368 3.22859 134.545 103.78 79.3969
-2.12244 -0.282166 3.3665 64.8377 50.3636 31.6818
-2.13624 -0.283517 3.49363 46.9205 36.517 11.1193
-2.12677 -0.26329 3.54205 44.6667 36.0667 16.9333
-2.18182 -0.209723 3.19181 140.377 109.4 85.473
-2.12203 -0.205516 3.25858 128.239 99.2388 69.194
-2.123 -0.213403 3.36105 71.8406 51.1739 25.4638
-2.13278 -0.209534 3.4859 43.456 32.2798 7.8342
-2.13316 -0.184996 3.54354 35.1875 26.875 6.75
-2.18319 -0.134017 3.18746 140.312 110.29 82.4299
-2.11879 -0.132086 3.26006 123.683 96.476 66.8269
-2.12261 -0.127049 3.38215 67.5556 48.2063 22.9444
-2.12856 -0.1331 3.49011 44.4419 30.1919 6.27907
-2.12651 -0.163678 3.54427 39 27 9.5
-2.17787 -0.0602586 3.18236 145.381 113.419 88.7658
-2.11636 -0.0556832 3.2633 119.018 95.3669 70.9882
-2.12155 -0.0581582 3.37091 68.2865 51.6108 35.3351
-2.12214 -0.0571315 3.47662 45.1419 30.8243 16.5743
-2.17926 0.0150006 3.17931 146.641 114.506 88.4289
-2.11374 0.0167395 3.24911 125.59 101.489 77.3597
-2.12299 0.016771 3.37622 66.8927 49.887 35.2316
-2.12434 0.0194833 3.48489 44.216 32.4136 12.3086
-2.17827 0.092134 3.17592 149.635 116.328 89.6517
-2.11287 0.0878915 3.24733 127.6 101.478 70.7391
-2.12093 0.0909809 3.36903 69.6685 52.0815 24.9946
-2.12457 0.0926482 3.48539 46.5583 33.4294 8.22086
-2.17915 0.167927 3.17268 149.916 117.914 91.9204
-2.11177 0.16729 3.27004 110.365 83.5577 60.4615
-2.11642 0.16241 3.35823 74.7132 53.9118 25.0294
-2.12655 0.167134 3.48834 46.6512 35.5 14.1047
-2.17841 0.241453 3.16547 151.868 117.089 94.4206
-2.11129 0.239076 3.27148 104.25 83.3125 68.7188
-2.11509 0.240368 3.3606 71.1744 52.5988 35.0116
-2.11899 0.238823 3.47732 46.7008 36.4173 16.6063
-2.17927 0.316469 3.16409 152.156 119.973 91.7911
-2.11091 0.311133 3.27737 103.463 83.6829 61.0976
-2.11101 0.316882 3.36941 67.1667 49.3846 33
-2.11457 0.319822 3.46229 48.6596 36.3404 22.4468
-2.1812 0.390227 3.15848 152.936 119.228 95.2004
-2.11028 0.383061 3.26087 118.476 92.381 72.6667
-2.11109 0.385556 3.35984 68.8962 53.8585 38.1038
-2.11231 0.364905 3.46533 50.25 39.5833 19.6667
-2.17822 0.466312 3.1524 153.562 120.65 95.2341
-2.11195 0.463374 3.37878 65.4259 51.1296 29.2963
-2.11705 0.473087 3.46845 51.7935 38.8261 14.3478
-2.18078 0.541965 3.15317 153.664 121.023 95.7277
-2.11327 0.521949 3.38044 68.4444 46.6667 32.2222
-2.114 0.523153 3.46197 52.0536 38.9821 19.9286
-2.18166 0.615528 3.14708 152.198 121.287 94.8311
-2.10989 0.629938 3.327 84.75 61.25 33.25
-2.11028 0.629704 3.46478 53.1667 40.8333 22.8333
-2.17961 0.690444 3.14504 154.312 122.592 100.126
-2.11049 0.710047 3.42292 61.5 37.5 25
-2.10921 0.708729 3.45635 59.8571 37.1429 17.8571
-2.17926 0.764997 3.1415 153.932 121.805 98.0657
-2.10981 0.766368 3.45919 61.88 38.36 22.8
-2.1815 0.840402 3.13641 152.246 120.95 99.0882
-2.11037 0.807935 3.43281 58 46 38
-2.18 0.914413 3.13175 154.792 118.295 99.9236
-2.11056 0.899022 3.3738 77 58.25 33.25
-2.18209 0.988079 3.12588 150.203 117.667 97.4892
-2.17858 1.06346 3.12655 149.263 121.157 103.733
-2.17848 1.13945 3.12161 150.576 118.392 98.3966
-2.16761 1.24806 3.03851 120.5 94.6 73.8
-2.17836 1.21396 3.11514 145.397 117.682 96.9868
-2.18654 1.26135 3.0637 112.319 88.4874 74.5546
-2.17879 1.25702 3.10192 134.644 109.057 90.5977
-2.10991 1.2634 3.42248 72 58 44
-2.08203 -0.559543 2.65498 20.35 12.275 1.425
-2.07901 -0.543002 2.65432 17.6667 17.6667 3.66667
-2.10833 -0.409222 3.52315 29.25 22.5 12
-2.10856 -0.3901 3.52353 33 22 3
-2.03433 -0.279272 3.55112 52.8333 37.5 25.6667
-2.10494 -0.170817 3.31038 72.5 56.5 30
-2.10369 -0.178846 3.32668 70.8462 54.6154 31
-2.1051 -0.152011 3.29247 84.2273 62.7273 40.1818
-2.10378 -0.145884 3.33015 70.7917 53.9167 28.5417
-2.10689 -0.0993534 3.5117 46 26 10
-2.10566 -0.0516088 3.18961 156.708 127.25 95.5833
-2.10558 -0.0492123 3.23733 123.889 101.556 70
-2.10028 -0.0649043 3.50107 44.7059 26.6176 12.0588
-2.10465 0.00473416 3.18634 155.679 128.429 95.6786
-2.1054 0.0208856 3.27067 99.2308 74.2564 62.7179
-2.1011 0.0345171 3.51646 44.25 28.75 10.5
-2.10386 0.0833652 3.18296 160.235 131 97.9412
-2.10603 0.0939424 3.24877 116.929 92.1429 67.4286
-2.10574 0.16263 3.18326 164.941 130.382 101.265
-2.10405 0.166023 3.23596 127.209 101.657 75.2313
-2.10392 0.177292 3.35735 68.725 52.1 25.1
-2.10134 0.244905 3.17735 163.667 131.794 109.619
-2.10257 0.242247 3.23621 121.471 100.5 82.1087
-2.10603 0.24639 3.37652 62.4737 46.7895 29.5263
-2.10453 0.251736 3.48648 44.3 35.35 16.55
-1.98595 0.227397 3.55961 42.6 31 13.8
-2.10222 0.314275 3.17831 164.362 131.333 111.203
-2.1034 0.317007 3.24999 113.683 92.4099 72.0435
-2.10619 0.314259 3.37029 63.66 47.5 34.38
-2.10282 0.316791 3.47522 46.87 35.1 17.88
-2.09458 0.397025 3.16673 164.991 132.935 107.374
-2.10289 0.390133 3.25286 112.384 89.3145 67.0692
-2.10371 0.395502 3.37605 61.6211 47.9158 33.9053
-2.10344 0.390027 3.46437 47.1864 38.9322 11.6695
-2.09536 0.464906 3.16887 164.784 134.655 104.491
-2.09796 0.466133 3.25079 109.737 86.8263 67.1211
-2.09339 0.464585 3.36072 67.0569 51.4715 29.2683
-2.10107 0.465989 3.48427 46.4386 37.4737 13.8246
-2.09607 0.539308 3.17164 164.119 134.339 107.853
-2.09432 0.542547 3.25511 105.16 82.5802 66.8868
-2.09769 0.541635 3.36491 68.7895 47.9276 31.6711
-2.09974 0.543512 3.47062 51.0957 38.8298 19.2979
-2.09653 0.615704 3.16626 170.539 135.591 109.461
-2.09251 0.613836 3.24596 109.464 86.0773 64.6961
-2.09629 0.615577 3.36465 69.0673 49.9856 34.3125
-2.0952 0.614121 3.45735 51.4396 39.6154 21.2088
-2.09401 0.693944 3.16735 166.713 135.762 108.028
-2.08881 0.687889 3.24927 109.009 82.7477 57.9775
-2.09499 0.688722 3.36975 69.4734 49.432 27.574
-2.09732 0.691247 3.46582 55.2059 39.3039 22.451
-2.08585 0.767171 3.16617 160.098 129.858 108.034
-2.0847 0.761301 3.25803 94.7024 77.006 58.9405
-2.09231 0.763906 3.36286 67.7924 51.2642 31.7296
-2.09608 0.768011 3.4648 56.6053 39.4298 24.0439
-2.08554 0.838998 3.15674 165.464 131.696 106.135
-2.08039 0.842177 3.25073 99.0484 75.4194 56.4086
-2.09039 0.840667 3.37087 65.5562 51.4011 31.0802
-2.08766 0.836953 3.44926 56.3444 41.6222 28.4333
-2.07912 0.911574 3.1458 166.23 133.864 109.446
-2.07662 0.914782 3.25004 94.8531 77.5924 59.2749
-2.09073 0.915703 3.37803 63.8767 50.0616 31.3699
-2.08402 0.912633 3.44983 58.374 42.1626 29.3008
-2.08068 0.990184 3.14967 161.176 133.792 100.986
-2.07984 0.991451 3.27207 91.2326 72.6047 52.0372
-2.08251 0.986631 3.38063 62.5432 49.7531 35.1049
-2.08406 0.988616 3.45256 56.5484 44.2903 36.2097
-2.07689 1.06474 3.14714 159.93 132.656 111.77
-2.07495 1.06408 3.26367 99.5138 73.8729 59.558
-2.07747 1.06347 3.37073 67.1111 51.3464 30.2026
-2.0874 1.06699 3.45928 59.1132 46.9717 26.1792
-2.07799 1.14072 3.1455 165.407 134.004 112.31
-2.07163 1.14282 3.25208 106.456 81.9016 65.9223
-2.08149 1.13697 3.3678 70.73 55.92 32.265
-2.08558 1.13818 3.45534 60.5588 47.8529 22.6029
-2.09526 1.24851 3.06008 179 148.5 125.571
-2.07577 1.21541 3.13599 166.653 137.081 115.409
-2.06616 1.21421 3.24552 107.2 86.4105 72.1263
-2.07847 1.21017 3.38906 69.0962 52.8077 37.2596
-2.07724 1.21308 3.44646 59.4478 51.2537 35.2239
-2.08225 1.26089 3.04671 186.351 154.123 131.395
-2.06183 1.28223 3.13963 155.278 127.65 110.987
-2.06035 1.28774 3.25088 107.688 82.6098 62.0341
-2.08289 1.28255 3.37227 79.7547 61.8396 38.6226
-2.08295 1.28142 3.45492 72.4444 58.8889 44.8148
-2.04506 1.3261 3.17697 114.5 99.5 63.5
-2.06751 1.35293 3.26583 98.325 85.8 58.675
-2.07875 1.37132 3.37484 83.4386 64.0351 45.2281
-2.08081 1.35183 3.4536 76.625 63.4444 49.4444
-2.06705 1.40524 3.38013 81 60.8235 45.8824
-2.07897 1.4245 3.4482 80.3636 65.9091 49.1364
-1.88131 -0.775416 3.02535 103.438 48.875 10.75
-1.87082 -0.711924 2.83155 73.875 38 9.125
-1.9445 -0.730695 2.92595 79.4615 45.5385 10.4615
-1.89431 -0.748557 3.02276 62.5953 27.586 10.8977
-1.93085 0.198407 3.4787 41.6667 33.6667 9.33333
-1.93084 0.203807 3.47871 39.3333 32 7
-1.94901 0.46904 3.38943 49.5714 35.5714 13.0714
-1.71447 -1.00573 2.40978 44.5714 29.2857 13.1429
-1.72495 -0.928227 2.21756 75.6744 54.5581 38.7442
-1.71645 -0.931075 2.30063 76.3559 56.0508 24.4915
-1.69077 -0.923345 2.40774 83 63.5 39
-1.71285 -0.935422 2.81896 98.6714 57.4 32.3143
-1.70583 -0.940525 2.89177 66.5468 41.0576 23.0647
-1.7043 -0.84989 2.14064 81.619 65.0952 35
-1.72079 -0.877403 2.21801 79.6774 65.871 33.7742
-1.71058 -0.89884 2.32272 79.5612 59.6633 36.7755
-1.69548 -0.874959 2.46177 87.125 62.3125 40.9375
-1.705 -0.881422 2.81319 107.106 67.0944 30.9278
-1.71142 -0.878638 2.89358 75.3675 45.4398 20.3976
-1.70158 -0.812041 2.14451 85.4222 62.2222 38.6963
-1.70371 -0.804002 2.23374 84.0044 62.9258 46.4279
-1.70122 -0.802558 2.35491 88.8158 66.1447 39.1842
-1.69811 -0.813491 2.40026 90.4 64.3 36.8333
-1.72601 -0.811625 2.83035 118.393 69.8661 28.2411
-1.71821 -0.805372 2.90027 72.1972 42.7289 12.5317
-1.69879 -0.736961 2.15371 84.1774 64.2258 39.8548
-1.70125 -0.749278 2.22927 82.5287 62.0892 36.414
-1.71317 -0.744616 2.32757 86.9153 65.322 36.4576
-1.69197 -0.748254 2.4179 83 55.8333 41.1667
-1.69138 -0.712848 2.6331 99 76 50
-1.71753 -0.748984 2.80477 121.379 72.2424 34
-1.74406 -0.74931 2.91448 83.7848 49.2848 20.6076
-1.80755 -0.743498 3.00873 55.8421 26.1316 4.47368
-1.69247 -0.182176 3.37923 41 29.5 15
-1.78422 0.416252 3.38612 51.375 38.0625 14.125
-1.7512 0.52012 3.38517 51.3333 38.1667 33
-1.68512 -1.00486 2.39671 24.5 23.5 1.5
-1.66843 -0.981236 2.37574 54.3 37.7 5.4
-1.68518 -0.923375 2.40807 84.75 66.75 38.75
-1.66034 -0.918955 2.6898 103.25 66.25 38.25
-1.6825 -0.957332 2.87964 37.3611 23.4722 13.8889
-1.68147 -0.871962 2.36127 81.2647 63.7353 32.7059
-1.66636 -0.873449 2.45777 90.7927 64.3659 42.4878
-1.55894 -0.870168 2.51282 122.5 86.1667 47.8333
-1.66209 -0.877568 2.66248 95.3258 56.5 22.7121
-1.68688 -0.792868 2.1408 86.5185 63.1481 36.6667
-1.68685 -0.797112 2.18578 81.8276 65.5172 43.2414
-1.67795 -0.802843 2.34411 88.6667 65.2576 38.2879
-1.67305 -0.82112 2.45023 89.8844 66.1225 44.2653
-1.66635 -0.813673 2.58957 85.0861 60.6159 33.3974
-1.65735 -0.80553 2.65651 107.886 68.8862 29
-1.68817 -0.736741 2.14385 85.3 64.3 38.7
-1.68442 -0.739024 2.22807 81.4925 62.5522 33.0299
-1.68099 -0.743882 2.35897 88.4667 61.1 43.7333
-1.67433 -0.747633 2.44364 83.6484 63.3846 36.9341
-1.67136 -0.729361 2.58748 86.0278 65.25 39.3056
-1.66688 -0.738532 2.65723 112.886 70.2405 40.3291
-1.63094 -0.673876 3.44658 27.9333 20.2 3
-1.60254 -0.494969 3.36688 35.7586 21.2069 9.96552
-1.55734 -0.440899 3.4065 31 26.25 8.5
-1.67513 -0.18957 3.37763 38.5625 31 14
-1.58938 -0.0568347 3.37907 45.5 32.5833 20
-1.61236 0.040381 3.37022 47.2857 31.6429 20.7857
-1.61181 0.0553323 3.37555 48 28 26
-1.60893 0.219704 3.36216 52.8125 38.4375 15.3125
-1.43084 -1.16752 3.49393 45.8095 38.7143 18.4762
-1.43111 -1.08256 3.39179 70.2 53.9 29.5
-1.42212 -1.13648 3.46857 56.7778 43.3333 35.3333
-1.4309 -1.02986 3.3518 69.6552 51.8736 33.046
-1.42629 -0.955115 3.35036 71.4667 53.8667 35.15
-1.44373 -0.864398 2.14816 82.5065 58.3922 33.1013
-1.43787 -0.84674 2.25326 79.86 41.54 25.14
-1.49309 -0.860421 2.46243 93.7551 68.8367 45.8163
-1.42546 -0.879553 3.34994 74.6615 55.4308 38.6154
-1.4398 -0.83179 2.14611 85.2714 36.2286 14.6357
-1.43575 -0.829365 2.23111 104.981 78.799 59.6411
-1.44578 -0.821575 2.30495 52.7778 36.7778 44
-1.42496 -0.812868 3.3495 75.037 58.4074 39.463
-1.4182 -0.740211 3.32874 77.8 58.8 34.72
-1.41918 -0.653198 3.33017 76.225 62 48.1
-1.41872 -0.591422 3.32055 78.1 63.35 50.1
-1.41634 -0.497204 3.32302 80.2353 65.8824 53.9412
-1.45266 -0.415757 3.30838 59.5385 48 35.3846
-1.46995 -0.442934 3.36073 65.75 52.25 38.6667
-1.48722 -0.36496 3.37251 53.9545 44.0909 27
-1.42538 -0.285514 3.33869 81.5 59.0714 44.2857
-1.41124 -0.223275 3.30175 81.5 44.5 33
-1.43087 -0.225675 3.34076 91.7778 56 32.2222
-1.4424 -0.201732 3.43541 67.6364 36.3636 18.3636
-1.42328 -0.0319052 3.95361 42.8333 43.4167 29
-1.42109 0.0233463 3.87322 51.6667 48.3333 31.5
-1.41973 0.0164478 3.95013 41.5556 43.8778 33.5
-1.41736 0.0835195 3.85994 47.9 43.2 30.9
-1.42291 0.0764452 3.94254 43.7119 42.7288 32.4407
-1.43453 0.290033 3.33328 64.1111 44.8889 36.8889
-1.41252 0.299193 3.87 50.4 43.1 23.3
-1.41981 0.49625 3.92895 82.8889 70.6667 55.6667
-1.38429 -1.22576 3.49821 36 23.9 14.3
-1.3257 -1.17032 3.48212 46.9409 35.0645 19.414
-1.34258 -1.08464 3.39294 69.5385 54.1026 36.2308
-1.34087 -1.12449 3.46612 65.448 50.936 34.56
-1.34161 -1.02775 3.34938 73.2967 55.5341 35.4896
-1.3419 -0.95633 3.34675 73.1609 56.4021 34.7802
-1.37691 -0.87157 2.16205 87.9532 67 39.536
-1.32858 -0.86358 2.21149 73.4797 43.2595 25.7471
-1.31166 -0.850154 2.29908 31.1429 23.4643 6.89286
-1.38214 -0.888602 2.46012 40.25 19.75 1.58333
-1.35445 -0.890578 2.52773 42.0833 23.1458 11.9167
-1.34172 -0.881101 3.34172 74.9695 57.7538 41.2335
-1.40467 -0.83908 2.16533 90 49 25.4286
-1.36565 -0.831305 2.24729 107.374 71.4728 49.4554
-1.31614 -0.831723 2.29038 55.2295 39.3115 13.3934
-1.34055 -0.805689 3.34127 76.8081 58.5351 46.9432
-1.34153 -0.730789 3.33563 79.9556 60.2222 44.9259
-1.34202 -0.656734 3.33519 81.4845 62.8144 47.7371
-1.34214 -0.582026 3.32532 80.6122 64.5816 53.1964
-1.38148 -0.481737 3.30985 83.3137 67.3137 52.8039
-1.33392 -0.510528 3.32296 83.7656 66.4362 52.4421
-1.39027 -0.430163 3.30805 85.2381 67.1905 54.2143
-1.32865 -0.432503 3.32214 85.9904 69.09 53.3376
-1.33839 -0.356093 3.30641 84.8346 70.0075 52.8722
-1.34188 -0.358327 3.31721 84.9633 69.5265 55.4776
-1.35658 -0.278505 3.30509 76.2478 55.469 45.4779
-1.31408 -0.293092 3.31703 80.6204 61.1898 51.0073
-1.33289 -0.225254 3.28506 86.4503 51.4084 29.4346
-1.34802 -0.188541 3.62607 66.1897 50.2414 23.3793
-1.33449 -0.194561 3.82471 57.0408 41.5918 15.3878
-1.35092 -0.154786 3.61789 57.4386 44.7895 19.1228
-1.31729 -0.124814 3.76808 69.381 50.1111 30.0794
-1.32663 -0.149372 3.8207 67.0833 51.3056 29.3333
-1.38704 -0.0497377 3.41159 86.4444 63.5556 35.4444
-1.39907 -0.0379712 3.48487 69.4667 50 27.1333
-1.35082 -0.0896913 3.8763 76.7143 47.4286 34
-1.38061 -0.0496723 3.978 48.6887 44.4717 29.5566
-1.31316 -0.0480801 4.00577 61.6303 53.5966 41.3445
-1.3838 0.0475409 3.44445 65.3333 47 35
-1.375 0.0184541 3.99231 43.8741 45.963 35.0519
-1.30769 0.016838 4.002 56.9574 55.7447 42.6525
-1.3798 0.115961 3.40956 70.9333 55.0667 22.6667
-1.37664 0.080295 3.47182 67.8506 53.7011 29.5402
-1.39391 0.115239 3.72718 62.5833 49.7917 35.4583
-1.3937 0.113975 3.82883 44.7778 41.1111 31.2963
-1.34241 0.0917317 3.99476 55.7227 52.5859 38.9258
-1.32249 0.0617783 3.99957 49.3333 51.4167 41.0833
-1.3551 0.170164 3.40769 87.4167 47.1667 22.3333
-1.36013 0.171122 3.45385 80.54 40.02 21.96
-1.36682 0.182077 3.61384 63.7 44.9833 27.4333
-1.36008 0.189506 3.69832 48.0952 43.2381 28.3333
-1.3779 0.163133 3.83621 42.9483 40.7586 27.7931
-1.34046 0.166757 3.98141 60.6881 54.2305 34.3966
-1.37291 0.221361 3.40944 99.2 67.8 33.5333
-1.36403 0.235841 3.44892 89.24 38.54 30.24
-1.36534 0.244161 3.60406 71.6643 44.6357 31.8643
-1.36554 0.232575 3.72264 45.9429 40.2571 31.2286
-1.38379 0.239801 3.83276 41.3333 40.1228 29.0526
-1.34589 0.243356 3.98101 50.5666 45.5017 36.0683
-1.37021 0.30703 3.49845 83.9412 43.2353 39.2647
-1.37374 0.296374 3.59345 71.3226 47.5 33.4839
-1.38097 0.31954 3.74147 53.25 41.65 21.7
-1.40557 0.29645 3.85764 49 44 24
-1.34873 0.313099 3.96137 44.2656 41.8438 28.9562
-1.37951 0.416217 3.51887 81.6923 62.5385 46.5385
-1.37879 0.378038 3.58492 55.6757 42.6486 24.027
-1.3783 0.358949 3.75645 44.6667 33.3333 17
-1.30353 0.403205 3.97372 39.8462 34.8462 23.5385
-1.36978 0.428325 3.51311 73 50 44
-1.37797 0.430484 3.57774 67 47 42
-1.40404 0.500818 3.8758 86.6667 73 51.6667
-1.33499 0.470583 3.97303 78.5733 71.0474 60.8664
-1.37887 0.573666 3.57911 77.5 58.5 53.5
-1.39369 0.567163 3.69466 73.64 56.16 50.32
-1.39328 0.544418 3.86977 86.1212 71.7879 57.9848
-1.34215 0.538972 3.96188 87.7226 80.2397 69.4486
-1.33799 0.620338 3.58475 89.5121 72.1739 60.7971
-1.36752 0.597457 3.70483 65.3443 53.2623 49.1967
-1.37295 0.6068 3.84264 69.6567 59.0597 51.0299
-1.32535 0.609423 3.92092 77.5365 64.9743 56.4249
-1.32212 0.689208 3.56332 125.609 106.045 92.7037
-1.35892 0.653086 3.90271 73.6667 61 49.6667
-1.32195 0.797906 3.54129 131.6 111.8 98.8
-1.31605 0.762343 3.55607 130.676 111.622 97.2857
-1.31283 0.826264 3.5405 134.5 114.315 103.389
-1.31481 0.845978 3.55656 135.149 112.22 105.429
-1.31676 0.914934 3.55325 136.514 113.685 105.097
-1.31656 0.989446 3.55167 137.801 117.342 103.368
-1.33875 1.08355 3.53817 133.926 112.481 106.981
-1.31586 1.06013 3.54929 137.253 120.151 106.919
-1.32183 1.12082 3.53915 138.045 117.5 108.75
-1.30428 1.14292 3.54772 141.366 119.49 110.961
-1.29739 1.23543 3.53313 146.189 118.849 113.66
-1.31388 1.20426 3.55176 143.698 116.453 108.736
-1.30958 1.28773 3.53218 146.891 115.897 112.018
-1.29762 1.29156 3.56027 147.862 120.207 112.828
-1.30328 1.36068 3.53167 145.677 118.134 111.75
-1.3405 1.3587 3.54794 142.65 112.925 106.175
-1.2964 1.41029 3.53188 148.515 120.03 111.545
-1.33438 1.407 3.54543 143.7 115.3 102.5
-1.30036 1.60458 3.92086 169.545 137.545 121.848
-1.14721 -1.23584 3.226 91.8 63.2 44.2
-1.21468 -1.22761 3.45 49.1795 33.0256 13.8462
-1.2316 -1.20407 3.42648 37.25 24.8333 11.8333
-1.20404 -1.1773 3.49049 48.4531 36.751 24.2694
-1.1978 -1.08189 3.3884 72.5758 57.9394 37.6061
-1.20241 -1.12583 3.46931 69.3486 54.4954 38.4954
-1.19872 -1.02614 3.34426 75.0916 58.2264 37.6658
-1.20058 -0.955343 3.34523 74.0675 59.761 42.8597
-1.20212 -0.88158 3.34537 78.1481 59.4444 42.828
-1.20067 -0.804768 3.33563 78.9347 61.0418 45.2402
-1.20261 -0.730843 3.33945 80.2699 63.6221 44.3907
-1.20187 -0.655847 3.33927 82.0243 66.3935 48.7089
-1.20256 -0.581297 3.33083 84.5703 66.6784 54.7378
-1.20247 -0.506999 3.32518 88.183 68.5764 53.8596
-1.18603 -0.399002 3.30936 85.4545 73.6364 52
-1.20323 -0.433307 3.32251 87.4859 71.6977 50.8644
-1.16974 -0.373292 3.31057 88.5364 72.9909 52.1909
-1.21371 -0.351887 3.31547 87.7627 72.7932 53.4339
-1.20099 -0.275798 3.30077 74.2351 58.5993 39.2119
-1.20107 -0.309205 3.31414 84 69.2785 52.2911
-1.20464 -0.22762 3.28975 86.7887 55.0619 29.1031
-1.1466 -0.189389 3.55661 50.2609 40.9565 25.3478
-1.14686 -0.185043 3.83162 70.8261 63 45.6957
-1.14415 -0.12245 3.55324 67.6296 54.7778 42
-1.14801 -0.158055 3.81828 66.375 68.4583 60.8333
-1.14371 -0.109666 3.99837 75.0667 67.5333 55.9333
-1.19107 -0.108187 4.00581 65.4118 63.1765 56.7647
-1.13946 -0.0872782 3.55475 75 61.25 33.5
-1.14571 -0.0431 3.99605 64.4286 59.6429 45.1429
-1.19972 -0.0568675 4.00401 57.6098 55.626 42.5
-1.15781 0.017651 3.992 64.2991 58.6168 49.729
-1.22937 0.0169777 4.00365 52.7325 52.5732 40.242
-1.19718 0.0913288 3.99307 78.2418 71.8297 55.011
-1.20949 0.0887979 4.00198 85.2809 76.3371 51.6292
-1.20212 0.166174 3.98958 72.8105 66.6947 50.0351
-1.19882 0.135072 4.00228 73.625 67.25 48.375
-1.20218 0.241647 3.9865 73.9098 64.6654 50.1992
-1.19701 0.315451 3.98245 45.9859 46.5 34.4331
-1.16231 0.392531 3.96784 55.9054 45.7297 34.2297
-1.20149 0.4677 3.97644 77.7787 71.7747 51.8221
-1.20209 0.539966 3.96985 85.9696 77.5405 70.402
-1.20662 0.63649 3.56776 117.537 101.925 87.0437
-1.20139 0.609513 3.91048 83.2028 66.549 57.9336
-1.19823 0.689582 3.56357 135.513 118.219 101.66
-1.18904 0.659821 3.90731 85 68 50.5
-1.20088 0.764268 3.56045 138.968 121.047 105.321
-1.20051 0.839768 3.55821 143.119 122.26 109.723
-1.20354 0.914261 3.5549 145.608 124.452 111.859
-1.19975 0.989636 3.55159 149.958 125.445 111.207
-1.22243 1.09296 3.53533 149.286 125.286 117.333
-1.19952 1.06192 3.54753 152.964 126.13 116.245
-1.17628 1.13877 3.53259 153.141 129.825 118.808
-1.21956 1.13803 3.55338 152.02 126.44 117.14
-1.18165 1.21471 3.52836 155.837 129.959 120.197
-1.21607 1.21545 3.55026 154.456 126.706 118.088
-1.19033 1.27442 3.53233 156.651 130.54 118.429
-1.20442 1.29614 3.55206 158.55 128.269 117.083
-1.21032 1.36643 3.53827 158.922 129.021 117.369
-1.19459 1.35643 3.54581 160.57 131.161 119.44
-1.26317 1.40501 3.52796 154 124.333 110.667
-1.18583 1.41303 3.56053 169.5 132.5 121.167
-1.19702 1.59632 3.91987 178.23 142.393 130.492
-1.1287 -1.23067 3.2093 93.25 64.25 45.5
-1.08642 -1.21953 3.45697 38.1111 28.2222 10.5556
-1.04142 -1.187 3.42655 31.8333 23.5 16
-1.07052 -1.17416 3.48136 48.9965 37.4526 25.2632
-1.06888 -1.08224 3.38819 76.8904 59.0822 41.8082
-1.05619 -1.12386 3.46469 71.3579 57.6947 39.9579
-1.06206 -1.02766 3.35731 80.0326 59.1929 40.9103
-1.06252 -0.953585 3.35273 79.0974 61.5026 45.8474
-1.06364 -0.881431 3.35021 81.9653 62.1733 45.8507
-1.0612 -0.805101 3.34126 82.2864 63.4447 48.1382
-1.06201 -0.730349 3.33753 82.0103 66.7128 49.0667
-1.06201 -0.6558 3.33075 84.6606 68.4819 47.8109
-1.06315 -0.58195 3.32937 87.0997 70.3785 55.7928
-1.0614 -0.506285 3.32532 89.2371 72.4021 57.7165
-1.11436 -0.403206 3.31213 88.2778 73.2778 59.1111
-1.05898 -0.433803 3.31676 89.5401 73.9277 58.553
-1.0652 -0.344725 3.3107 86.6975 74.9496 62.1513
-1.05938 -0.361541 3.3157 88.7832 75.8322 59.0769
-1.07005 -0.272697 3.30043 71.407 56.6683 40.4523
-1.05743 -0.297747 3.31615 79.8313 69.8125 53.3563
-1.07771 -0.246814 4.00277 76.5 50.5 40.5
-1.06628 -0.227169 3.29303 86.4372 56.1256 33.8442
-1.05295 -0.207256 3.36097 53.7368 38.4211 27.4737
-1.12564 -0.207274 3.54316 49.8 41.2 30.4
-1.10078 -0.19984 3.79716 67.4632 56.9368 42.5474
-1.09861 -0.201967 3.94972 82.2037 65.7963 44.2037
-1.06645 -0.203255 4.01313 75.1382 58.5041 40.3415
-1.11182 -0.157321 3.83487 74 69.0323 57.871
-1.09702 -0.118688 3.99498 95.4286 80.0286 61
-1.07738 -0.137517 4.00968 87.3333 74.8163 57.1156
-1.06399 -0.061165 3.99489 74.8582 69.4752 51.4752
-1.06666 -0.0529819 4.00087 69.1791 62.3582 42.7985
-1.0685 0.0252626 3.99532 69.75 65.1615 47.6354
-1.04398 -0.00450461 4.00617 61.3375 57.425 42.375
-1.0541 0.0906826 3.9944 64.4213 62.4213 51.2437
-1.08067 0.0934121 4.00304 65.4938 64.8642 51.0494
-1.06374 0.168008 3.99162 68.239 67.625 52.2022
-1.07915 0.132054 4.00005 59.3333 65.8333 54.8333
-1.06175 0.23983 3.98304 67.8796 61.9453 48.0401
-1.06132 0.314363 3.98303 50.8679 49.1357 36.1464
-1.10766 0.38935 3.97949 51.9556 41.1333 32.7667
-1.06555 0.470621 3.97088 67.4111 62.4862 53.8142
-1.05901 0.543016 3.96747 90.2365 81.5203 67.3581
-1.05646 0.634263 3.56214 125.286 108.916 98.1558
-1.06429 0.610623 3.90731 83.3564 68.3702 59.8443
-1.05906 0.689979 3.5621 139.413 121.707 111.796
-1.02714 0.656434 3.90417 93.25 66.9167 66.9167
-1.06058 0.763569 3.55775 142.963 123.98 112
-1.06172 0.84002 3.56333 145.791 126.233 115.012
-1.06202 0.913927 3.55583 149.055 128.997 115.135
-1.06038 0.988879 3.55186 154.289 128.631 117.442
-1.05866 1.07423 3.53567 158 132.342 121.632
-1.06259 1.0544 3.54777 156.427 131.991 121.08
-1.07285 1.14635 3.53939 159.579 133.31 120.492
-1.04435 1.1284 3.546 160.385 133.378 125.436
-1.0586 1.20714 3.53802 163.967 135.623 124.272
-1.06369 1.21818 3.54432 163.266 135.473 126.42
-1.04668 1.28098 3.53348 167.13 137.865 128.684
-1.08239 1.29501 3.54786 168.068 137.541 127.429
-1.04845 1.36405 3.53238 172.677 139.746 130.074
-1.07529 1.3525 3.5493 170.357 139.236 129.079
-1.02234 1.4027 3.53644 174.222 141.889 131.222
-1.06973 1.60092 3.93336 194.444 152.273 142.404
-1.07955 1.62438 3.96381 201 168 150
-0.898622 -1.22514 3.44215 52.625 34.75 11
-0.922972 -1.17815 3.47651 44.8496 36.1281 22.4708
-0.921069 -1.08273 3.38905 76.8873 62.1127 43.9718
-0.919891 -1.12437 3.46348 75.3925 58.3551 37.4112
-0.922323 -1.02768 3.35041 79.2909 62.761 43.9299
-0.92055 -0.95471 3.34894 80.7769 64.8189 47.3438
-0.923447 -0.88032 3.34524 81.9764 66.4241 49.5707
-0.920998 -0.805427 3.34114 82.6421 66.9391 53.9112
-0.92175 -0.730506 3.33814 85.2245 70.0757 52.6789
-0.920336 -0.655142 3.33357 85.8149 72.4524 53.9692
-0.924198 -0.580623 3.33103 86.8024 73.7927 60.0805
-0.920362 -0.506418 3.32412 89.6995 75.2746 58.5259
-0.870413 -0.402611 3.31041 91.6364 79.2424 57.8485
-0.926729 -0.434171 3.32082 89.7699 77.7753 59.274
-0.940347 -0.360313 3.31049 88.75 78.5625 60.1964
-0.914655 -0.353752 3.31716 90.4266 77.6041 62.1877
-0.920088 -0.26903 3.29637 72.6571 58.681 42.0762
-0.920641 -0.298181 3.31479 84.0788 72.2121 55.4182
-0.927026 -0.230675 3.2822 95.1611 62.8926 35.2752
-0.948579 -0.0470543 3.99012 54.9466 48.3359 40.6947
-0.944275 -0.0226857 4.00371 56 46 32
-0.943938 0.0239775 3.99628 66.0135 56.8649 41.4865
-0.923483 0.00367308 4.00236 57.8704 48.2963 38.1852
-0.930224 0.0937653 3.99488 79.1278 71.8684 47.391
-0.870958 0.0922059 4.00037 85.2308 75.2308 49.7692
-0.922983 0.167111 3.99244 90.2717 81.3949 62.5145
-0.921033 0.241853 3.98599 83.0976 76.1246 59.7542
-0.920145 0.312685 3.98063 73.5289 62.5289 45.0826
-0.891596 0.357724 3.95688 67.3333 57.3333 42.6667
-0.910895 0.483049 3.97052 77.5603 69.25 46.4741
-0.921049 0.542086 3.9678 89.6564 80.646 61.677
-0.922978 0.631772 3.56421 132.811 118.042 99.6737
-0.924452 0.609376 3.90353 84.8958 74.4653 60.8264
-0.921507 0.689983 3.566 144.518 126.572 114.306
-0.924226 0.764486 3.56174 147.831 129.728 116.136
-0.921787 0.838695 3.55887 151.525 131.522 120.47
-0.920789 0.914895 3.55777 155.714 134.736 122.857
-0.864453 0.995008 3.53562 167.938 138.656 121.906
-0.931372 0.988879 3.55383 161.698 135.628 119.728
-0.909435 1.06755 3.53224 166.083 139.479 128.84
-0.928861 1.05972 3.55012 165.491 137.402 125.883
-0.887834 1.13349 3.53525 171.042 143.653 134.28
-0.937478 1.14128 3.54895 168.677 140.973 128.241
-0.921148 1.21505 3.53653 176.365 144.695 132.173
-0.925033 1.21065 3.54788 173.337 144.583 132.908
-0.969653 1.27642 3.53219 176.308 143.026 133.5
-0.909071 1.29349 3.55282 181.588 148.679 136.456
-0.917108 1.36633 3.53541 185.579 151.432 141.77
-0.917659 1.35533 3.54856 183.269 150.868 140.383
-0.98884 1.40527 3.53994 175.5 146.75 135
-0.863972 1.40008 3.55638 192 157 148
-0.920397 1.5965 3.93235 219.138 169.78 147.954
-0.829989 -1.17614 3.4911 27.7946 20.9286 12.0625
-0.7934 -1.07798 3.3784 81.2812 63.3906 46.9844
-0.824963 -1.12561 3.47004 74.4286 60.1667 31.0476
-0.783059 -1.02896 3.36039 80.6693 64.5512 49.3963
-0.779904 -0.955399 3.356 82.626 66.0424 49.7719
-0.785275 -0.881191 3.3485 84.7073 68.114 50.4741
-0.783803 -0.805668 3.345 83.818 69.3142 52.6234
-0.780757 -0.729451 3.33626 83.4482 68.0207 54.8627
-0.782466 -0.656213 3.33064 88.1176 73.2506 56.8977
-0.776269 -0.554651 3.31076 91.1613 77.3871 56
-0.783298 -0.583536 3.32963 89.6492 75.6105 57.9365
-0.784093 -0.534275 3.31189 91.4091 76.0455 56.8636
-0.780153 -0.50438 3.32347 86.5066 73.9208 58.8311
-0.828071 -0.412715 3.31052 89.4118 80.2206 61.8824
-0.772806 -0.433533 3.31792 91.4023 81.546 62.3563
-0.79346 -0.344416 3.31086 90.9853 80.0588 64.8529
-0.78122 -0.359744 3.31674 91.2115 81.75 64.5962
-0.782178 -0.281232 3.3033 82.8519 67.1772 53.2963
-0.777597 -0.304324 3.31457 86.3667 75.8 65.8667
-0.782408 -0.227057 3.28943 102.195 69.4359 45.6154
-0.769188 -0.192142 3.38006 107.644 87.3729 60.678
-0.758439 -0.201693 3.9465 104.144 85.3111 58.3111
-0.732253 -0.207754 4.02537 119.338 95.027 63.1216
-0.77599 -0.135128 3.39096 136.211 114.642 86.0275
-0.769054 -0.137388 3.96048 103.329 82.3293 55.9756
-0.731417 -0.137541 4.01104 106.286 91.0909 59.974
-0.780723 -0.0893896 3.43271 141 119.125 86
-0.767494 -0.0565463 3.96528 85.0719 72.7066 49.7485
-0.767293 -0.0501268 4.00377 89.1429 74.7 45.4571
-0.773302 0.0177244 3.96581 88.7578 73.2148 50.9141
-0.727213 -0.0170362 4.00637 82 74 46
-0.779023 0.0912423 3.97629 94.3446 81.1588 55.5743
-0.782099 0.166227 3.99141 94.2971 87.3333 59.8116
-0.78144 0.241108 3.98798 96.2107 86.3813 56.4749
-0.783644 0.315161 3.97848 85.7918 72.4015 51.4015
-0.773241 0.368742 3.9649 60.8571 53.7714 33.2286
-0.796659 0.474339 3.97176 72.5083 62.4144 43.4751
-0.784224 0.541984 3.96043 83.1433 74.8111 57.5537
-0.783896 0.628914 3.57455 136.183 122.519 106.191
-0.782955 0.607849 3.89926 87.1815 77.0852 64.6481
-0.784055 0.690455 3.56795 148.648 132.556 120.585
-0.783694 0.764288 3.56145 154.651 135.569 119.299
-0.78093 0.839178 3.55986 159.029 136.67 125.57
-0.782761 0.915342 3.55946 163.36 141.36 126.756
-0.833775 0.998779 3.53664 167.508 140.542 130.373
-0.772317 0.985627 3.55203 168.622 143.48 132.766
-0.780068 1.06714 3.54006 173.248 147.376 132.545
-0.785461 1.06186 3.55541 173.073 147.273 132.804
-0.829259 1.1505 3.53757 177.261 147.681 135.681
-0.77143 1.13524 3.54861 180.493 151.372 139.819
-0.805785 1.21021 3.53617 183.824 152.718 142.159
-0.754974 1.21309 3.5498 189.466 156.607 142.697
-0.768517 1.31476 3.53774 197.949 162.615 142.974
-0.779932 1.2844 3.54656 192.436 157.793 146.678
-0.777969 1.35851 3.5388 201.605 163.066 149.158
-0.780062 1.36085 3.54802 203.025 162.525 150.059
-0.722016 1.45659 3.60844 225.9 189.4 172.4
-0.83279 1.5887 3.93372 222.222 174.583 159.556
-0.581679 -1.20946 3.66249 21.5 14 13.75
-0.63184 -1.07319 3.35792 81.8519 65.4259 49.8704
-0.642919 -1.03027 3.35758 85.0332 66.9184 50.5408
-0.642441 -0.955853 3.35413 86.0763 69.1211 51.9395
-0.642508 -0.880533 3.34702 87.2173 72.0568 55.316
-0.643913 -0.806085 3.34367 86.6649 73.1624 57.3376
-0.641137 -0.730339 3.33505 82.2589 69.3046 53.2716
-0.643475 -0.655689 3.33266 90.6708 79.349 57.4307
-0.643452 -0.581577 3.33122 89.9976 78.7354 59.3228
-0.644702 -0.505858 3.32569 85.804 75.8266 56.6583
-0.642196 -0.432594 3.32332 95.7306 85.5155 65.4378
-0.639621 -0.334622 3.31125 91.129 83.371 65.5968
-0.6442 -0.362516 3.31623 93.2067 84.0698 65.0168
-0.643644 -0.27536 3.30233 84.4727 67.9141 48.9531
-0.643211 -0.29516 3.31818 82.85 75.7312 60.2188
-0.646585 -0.229072 3.29241 107.598 74.3787 44.7456
-0.672862 -0.191898 4.02863 119.438 94.0225 64.427
-0.643767 -0.1323 4.00978 107.964 92.6944 61.119
-0.705791 -0.0254419 3.99881 81.6 76.2 43
-0.643907 -0.0597699 4.0047 99.085 91.3537 56.8333
-0.675167 0.0204656 3.99437 102.044 93.6815 65.1852
-0.613553 0.0113549 4.00163 100.454 90.7518 62.3546
-0.664396 0.0951881 3.99645 109.256 99.0151 64.9196
-0.60205 0.0818679 4.00034 111.99 104.44 73.88
-0.643187 0.167467 3.99133 105.268 97.0588 70.3125
-0.594789 0.139055 3.99965 113.545 106.091 80.2727
-0.643073 0.240972 3.98829 102.466 92.1918 68.3664
-0.57887 0.34346 3.6758 80.5714 60.7143 49.4286
-0.643483 0.311799 3.98797 87.032 76.608 58.156
-0.603512 0.380905 3.66852 84.7589 68.6786 53.0714
-0.654844 0.560894 3.93768 71.6284 64.1351 54.2297
-0.642422 0.626939 3.56586 142.865 131.263 112.811
-0.577828 0.617735 3.76581 89.3333 77.3333 69.3333
-0.59438 0.620599 3.88431 89.1364 76.6364 74.7727
-0.6498 0.600696 3.89013 85.6032 77.3333 65.6296
-0.641805 0.689786 3.56654 153.427 138.044 120.477
-0.644888 0.762825 3.56532 158.812 139.872 124.49
-0.641943 0.840099 3.56787 164.011 143.088 132.277
-0.643091 0.913311 3.55446 170.248 146.84 133.516
-0.644868 0.988933 3.55541 174.538 151.119 137.137
-0.642192 1.06365 3.55654 181.515 155.301 142.836
-0.620818 1.14008 3.53126 192.758 162.242 149.056
-0.653294 1.13382 3.55434 188.593 160.1 147.734
-0.642976 1.19607 3.54075 198.836 165.236 152.818
-0.641827 1.21577 3.5483 200.732 164.771 153.719
-0.579649 1.25881 3.54063 211.75 175.5 160.375
-0.644688 1.28901 3.55062 209.978 170.193 159.457
-0.658236 1.36915 3.53255 220.161 178.729 162.006
-0.632694 1.35407 3.55451 217.946 178.227 165.719
-0.695128 1.40289 3.53382 222.2 179 162
-0.645663 1.4453 3.60802 237.295 202.668 189.99
-0.63671 1.47848 3.63238 242.174 250.261 240.261
-0.596681 1.54819 3.8224 242.5 250.5 243.5
-0.596682 1.55403 3.8224 242 250 241
-0.58463 1.58308 3.93491 243.179 233.429 214.929
-0.51466 -1.17607 3.49121 25.5833 17.3333 7.33333
-0.552534 -1.18373 3.60573 40.9231 33.7692 22.3077
-0.502599 -1.07487 3.35411 81.2295 66.3607 52.2787
-0.503254 -1.02948 3.35225 86.3157 69.9242 48.3813
-0.503203 -0.955777 3.35638 87.2081 72.2487 50.7284
-0.502606 -0.880357 3.35193 89.6684 73.2673 54.8432
-0.504472 -0.804951 3.34569 88.8537 75.6146 59.7171
-0.50374 -0.731357 3.34318 85.2868 73.9137 57.1244
-0.503504 -0.657524 3.33973 91.6073 81.6049 64.0293
-0.504428 -0.580558 3.33533 90.8627 82.5784 63.7819
-0.50527 -0.506468 3.32944 87.3586 78.4848 59.7677
-0.503517 -0.432665 3.32134 94.3221 87.1154 65.8389
-0.502992 -0.357821 3.31947 92.1 86.0333 69.6643
-0.500332 -0.273381 3.30178 79.4704 67.9034 51.866
-0.513303 -0.30995 3.31612 86.7708 80.5625 63.9688
-0.501619 -0.227397 3.28957 121.549 90.815 56.8266
-0.511067 -0.195531 3.37489 132.65 104.625 67.7
-0.486945 -0.191058 3.94647 104.14 82.6497 60.6115
-0.562002 -0.174671 4.00524 90.75 80.25 56
-0.47854 -0.137485 3.95625 102.404 89.2697 63.9326
-0.541452 -0.122772 4.00342 95.5714 81.1319 56.7802
-0.475263 -0.0592484 3.99342 95.3438 88.1813 65.8938
-0.53791 -0.059656 4.00444 99.0638 87.7163 64.8014
-0.469606 0.0222691 3.99661 88.265 80.7179 61.641
-0.528167 0.0123532 4.00302 83.753 74.4518 57.9759
-0.49635 0.0935806 3.99621 98.6064 90.3293 66.8313
-0.559976 0.076256 4.00043 96.5814 85.0698 58.0698
-0.503763 0.167627 3.99125 100.244 93.4381 69.6455
-0.503588 0.242261 3.99055 96.8297 88.808 67.7355
-0.537711 0.34179 3.6853 87.8781 67.1707 53.6098
-0.534479 0.330025 3.82433 87.0714 76.7857 59.5714
-0.498672 0.312542 3.98619 87.6326 78.4205 59.6364
-0.535928 0.38232 3.6839 100.725 74.651 57.4094
-0.466178 0.388518 3.78897 74.0147 68.2353 52
-0.458074 0.376814 3.96229 69.7625 63.8875 54.475
-0.54465 0.481463 3.76326 69.76 59.36 40.88
-0.49685 0.472413 3.82952 80.3913 69.6087 52.9565
-0.463232 0.473623 3.96967 83.5536 76.4464 63.1607
-0.477221 0.557937 3.87391 83.7308 81.0769 74.4231
-0.497027 0.54388 3.94677 88.3132 85.0641 73.1388
-0.50258 0.624375 3.57324 149.729 135.399 115.033
-0.503979 0.614118 3.7677 93.25 81.5833 78.25
-0.474661 0.60456 3.87417 89.7426 84.5941 74.8515
-0.537764 0.603418 3.88869 87.0082 80.2213 74.0492
-0.502637 0.690292 3.56953 157.711 143.489 130.275
-0.504896 0.764253 3.56329 163.439 147.338 132.175
-0.502263 0.838489 3.56058 171.158 149.893 135.837
-0.505877 0.913972 3.55597 177.479 154.729 141.277
-0.505229 0.989842 3.55554 187.767 158.924 143.211
-0.446519 1.08467 3.53851 198.606 172.364 160.364
-0.506709 1.06106 3.55286 193.387 165.375 150.551
-0.458918 1.14465 3.53543 209.096 175.968 168.52
-0.524216 1.13383 3.55203 200.912 169.193 157.329
-0.464196 1.20472 3.53448 221.376 181.882 172.647
-0.517969 1.21735 3.54972 214.772 176.555 166.98
-0.524495 1.30439 3.53427 232.154 186.615 169.769
-0.504116 1.28767 3.54703 229.543 186.239 174.483
-0.532465 1.35572 3.53416 238.275 193.281 178.784
-0.479837 1.35782 3.54645 243.522 199.752 186.385
-0.571249 1.4117 3.57205 244 193.5 181
-0.500737 1.57825 3.92267 242.624 245.744 231.896
-0.298885 -1.30596 3.32457 113 87 47
-0.339797 -1.23532 3.45515 57.5244 42.1951 30.2073
-0.341753 -1.17418 3.46562 57.2489 43.3937 30.2986
-0.359755 -1.07946 3.37572 84.4194 68.1075 51.4624
-0.344153 -1.12713 3.46322 77.7895 65.5263 47.8289
-0.365378 -1.03023 3.36082 86.1455 70.1247 50.5506
-0.36259 -0.955392 3.35356 85.3285 72.4599 57.1095
-0.363856 -0.880581 3.35237 88.9657 74.9877 55.8922
-0.36236 -0.804913 3.34549 89.3975 77.2741 58.0938
-0.363658 -0.731622 3.34594 90.3641 78.8604 60.2943
-0.364659 -0.654981 3.3395 90.8073 80.6098 58.8683
-0.365482 -0.581445 3.3351 91.319 82.7873 68.0962
-0.364155 -0.507844 3.32992 92.4101 83.8849 67.3549
-0.363667 -0.43247 3.32587 93.0643 86.0286 68.6524
-0.419141 -0.324192 3.31232 85 85 74
-0.362595 -0.357276 3.32103 93.2799 86.6914 70.1531
-0.371825 -0.268832 3.30083 84.3416 67.7695 47.4198
-0.35376 -0.298577 3.31703 85 80.0447 61.9441
-0.366375 -0.229563 3.29507 125.284 95.6516 55.6
-0.390751 -0.213728 3.98985 124.88 101.2 74.52
-0.362609 -0.194849 4.01335 121.645 99.8579 73.5355
-0.43267 -0.145706 3.99494 121.375 114 84
-0.362256 -0.131762 4.00832 121.838 112.615 86.5709
-0.380506 -0.0407396 3.99654 94.3525 83.9918 62
-0.352751 -0.0687738 4.00395 102.48 96.3684 69.5614
-0.375887 0.000681238 3.99711 97.0753 85.1613 63.3118
-0.35882 0.0255845 4.00079 100.562 90.4338 67.4566
-0.354556 0.10033 3.99528 104.022 94.25 72.3804
-0.379485 0.0790092 4.00065 101.404 93.9808 71.9712
-0.362512 0.166763 3.98763 100.285 92.8141 69.6474
-0.363149 0.24122 3.98197 93.5414 88.5207 67.1
-0.315472 0.326055 3.79752 96.4706 87.5294 74
-0.366944 0.308561 3.9732 89.8494 79.6025 58.7406
-0.420964 0.392798 3.96896 73.8333 65.6429 55.2381
-0.404421 0.468699 3.97604 89.7128 81.1702 74.4574
-0.431561 0.573363 3.88441 89 86 76.5
-0.364 0.544087 3.94929 99.5015 95.3499 82.2682
-0.362528 0.622829 3.5737 152.177 141.752 121.025
-0.415561 0.604723 3.66576 101.5 90.5 89.5
-0.424852 0.608401 3.87845 92.1333 84.6 76.2333
-0.355457 0.605156 3.89444 94.1099 87.6868 77.2473
-0.363884 0.690555 3.56459 163.312 149.545 135.958
-0.365042 0.76542 3.55983 171.663 152.766 141.217
-0.364852 0.838144 3.55964 178.751 158.012 143.894
-0.365952 0.913389 3.56174 185.968 163.253 150.536
-0.365845 0.988663 3.55571 196.492 168.347 154.167
-0.412432 1.07607 3.53886 206.42 173.494 161.111
-0.35183 1.0599 3.55235 206.456 176.83 163.307
-0.400365 1.12902 3.53859 214.423 179.135 170.769
-0.347017 1.14042 3.55298 219.954 186.288 174.533
-0.362454 1.22911 3.53489 237.407 195.963 186.222
-0.365388 1.20645 3.55104 231.422 192.167 179.532
-0.349127 1.27982 3.5363 243.096 205.897 195.979
-0.373234 1.29563 3.5452 243.815 204.537 193.62
-0.328145 1.35382 3.53645 244.031 228.708 211.229
-0.385417 1.35832 3.55125 244.422 215.543 200.289
-0.367909 1.57875 3.92614 242.061 249.969 240.745
-0.213037 -1.32124 3.32875 116.391 88.8986 56.029
-0.208224 -1.23819 3.36426 86.75 64.3333 31.0833
-0.239547 -1.22975 3.44514 53.1327 41.3061 24.4184
-0.230354 -1.17614 3.46481 59.7704 45.4741 28.8296
-0.224637 -1.08715 3.39234 85.6471 70.1691 49.1985
-0.223131 -1.13196 3.46535 81.4146 64.5732 43.439
-0.222084 -1.02945 3.36535 86.995 71.89 52.1825
-0.224799 -0.954855 3.36131 87.7121 75.1748 50.1465
-0.224737 -0.880828 3.36041 89.1692 77.2702 60.6843
-0.224035 -0.805639 3.35122 90.2751 79.2275 58.7275
-0.224875 -0.729655 3.34076 92.0363 80.523 63.8329
-0.225912 -0.655537 3.33666 93.0752 82.5414 65.2531
-0.223916 -0.581686 3.33111 93.2126 84.0604 71.5217
-0.224305 -0.506609 3.32774 94.5762 87.05 68.2691
-0.224004 -0.431545 3.32586 95.2476 89.069 70.5667
-0.226462 -0.32662 3.31144 93.1219 88 66.3659
-0.223036 -0.359305 3.31931 95.6201 89.9208 68.4142
-0.225809 -0.277385 3.2958 85.9671 74.074 57.2192
-0.213506 -0.308644 3.31842 85.9792 83.125 67.5833
-0.17401 -0.244907 4.01522 161 130.5 74.5
-0.224221 -0.230314 3.28941 137.349 105.174 70.7326
-0.187728 -0.212891 3.31967 161.091 133.091 87.4545
-0.22462 -0.197896 3.99517 138.292 116.906 89.375
-0.225339 -0.201586 4.01351 135.061 116.924 86.2214
-0.224675 -0.16059 3.99771 144.04 135.32 100.04
-0.224154 -0.129379 4.00945 131.891 122.704 93.8015
-0.217722 -0.0387137 3.99716 101.467 92.7377 68.7623
-0.228472 -0.071785 4.00438 100.491 94.8882 70.6398
-0.21512 0.0162771 3.99198 101.191 89.8473 63.0916
-0.280273 0.0285918 4.00035 93.6757 79.3513 55.4054
-0.222234 0.0921368 3.98673 105.865 97.438 73.135
-0.289005 0.0626465 3.99922 97 86 68
-0.222404 0.165958 3.98394 104.742 97.1338 76.1137
-0.222169 0.241442 3.97876 99.8062 95.0381 79.0727
-0.260638 0.332493 3.71174 121.571 112.592 92.2653
-0.26533 0.316816 3.79482 97.1667 91.6667 75.3333
-0.225294 0.305819 3.97422 92.1318 82.9636 63.0864
-0.257052 0.390343 3.70049 142.485 133.34 106.835
-0.160809 0.388844 3.97194 79.4 81 64.3667
-0.255787 0.440939 3.69921 145.343 137.229 117.6
-0.273913 0.483944 3.85987 135 126.167 99.5
-0.19326 0.486087 3.97698 116.63 111.519 98.9259
-0.222705 0.542987 3.94665 107.31 102.316 88.4957
-0.222576 0.623195 3.57198 161.115 147.966 126.658
-0.273278 0.611739 3.75463 114.5 105.333 97.1667
-0.256712 0.620255 3.8695 105.2 94.4667 87.9667
-0.223524 0.599896 3.89506 100.318 95.1676 84.8728
-0.222237 0.689455 3.56563 168.75 154.781 139.786
-0.224734 0.764655 3.56364 176.63 160.111 145.598
-0.22416 0.83933 3.55932 184.953 166.156 150.485
-0.231585 0.918124 3.54117 197.833 172.833 158.5
-0.226196 0.913822 3.55395 194.727 171.549 157.314
-0.226363 0.989429 3.55271 207.293 178 165.777
-0.22618 1.06351 3.54966 219.341 186.18 171.248
-0.177835 1.16952 3.5335 244.067 205.867 193
-0.225707 1.13754 3.54817 234.914 195.198 183.092
-0.20411 1.21932 3.53166 244.531 213.526 199.052
-0.252756 1.20323 3.54774 243.248 204.068 193.696
-0.223766 1.28561 3.53084 244.311 229.716 212.328
-0.22695 1.29376 3.5503 243.994 229.972 211.456
-0.232872 1.35549 3.52826 242.765 248.765 233.118
-0.226885 1.35355 3.54576 243.026 244.987 229.645
-0.225752 1.57447 3.92785 242 250 241
-0.0945414 -1.31889 3.30862 120.207 87.1379 57.4138
-0.0894069 -1.32658 3.33604 118.905 87.6935 56.5427
-0.132949 -1.28597 3.31074 113.312 83.0625 55.5
-0.0929477 -1.24186 3.37566 83.9796 62.3878 33.449
-0.0759504 -1.231 3.44643 52.2778 40.1296 22.9444
-0.0222268 -1.23064 3.56878 33.1667 23.1667 6.66667
-0.0418966 -1.20795 3.42663 35.6667 30.8333 16.6667
-0.0817933 -1.17488 3.4738 60.5827 47.8453 28.7806
-0.0825828 -1.08509 3.38588 85.6429 71.0143 50.2643
-0.0871379 -1.12974 3.46306 82.5303 67.6667 42.2273
-0.0842481 -1.03051 3.374 89.9495 71.9924 56.8712
-0.0862672 -0.954091 3.36899 90.2044 75.0754 59.2506
-0.0865934 -0.88001 3.35961 90.6337 78.2193 60.0187
-0.0854802 -0.805889 3.34972 92.3885 79.9832 61.7866
-0.0849607 -0.730154 3.34636 93.128 82.1691 63.5773
-0.0863517 -0.655608 3.3383 94.5126 84.4221 66.196
-0.0854142 -0.581724 3.33484 95.0357 86.2643 69.5452
-0.0851752 -0.505773 3.32832 95.6952 88.5 72.3643
-0.085022 -0.430589 3.32428 96.2714 91.6214 72.6333
-0.0868796 -0.345954 3.30945 96.5581 90.5814 72.6279
-0.0845295 -0.356896 3.31772 95.8737 91.4274 72.8118
-0.0857073 -0.275914 3.29699 88.279 75.6238 59.7461
-0.0807506 -0.307859 3.31599 86.4634 83.6951 68
-0.109038 -0.250618 4.02616 171.19 138.762 95.1429
-0.0879 -0.231848 3.29057 148.37 117.377 77.9506
-0.084994 -0.205819 4.01722 140.958 124.173 94.3451
-0.0828506 -0.132372 4.01101 144.746 132.228 106.215
-0.0966672 -0.0471741 3.99725 113.82 102.011 77
-0.0650647 -0.076606 4.00527 115.694 104.602 86.4352
-0.0834753 0.0174923 3.98619 120.888 104.295 71.6731
-0.0833241 0.091596 3.99129 113.701 103.597 74.3576
-0.0830439 0.165424 3.98527 109.433 98.4263 72.1538
-0.0852079 0.24179 3.97736 99.9203 89.4684 66.4784
-0.0847444 0.338142 3.86449 86.5909 83.0227 62.6136
-0.0889414 0.310662 3.97661 88.7699 81.5531 65.0266
-0.0837814 0.363151 3.86343 79.2667 80.7667 63.8667
-0.0845979 0.393967 3.95775 85.6787 85.6546 67.9036
-0.0830465 0.466302 3.97531 105.217 104.054 92.971
-0.0861772 0.542235 3.95049 114.112 108.044 95.8496
-0.0829276 0.620442 3.56776 169 156.477 139.473
-0.0860646 0.599926 3.90209 109.218 103.078 95.4693
-0.0834257 0.689314 3.56845 177.783 163.223 147.61
-0.0825645 0.764872 3.56591 186.051 168.048 151.21
-0.0836398 0.839473 3.55736 196.605 175.013 156.917
-0.0855313 0.914822 3.55407 207.73 181.597 166.246
-0.0849959 0.988689 3.5535 219.529 191.235 176.15
-0.046938 1.0884 3.53585 243.941 209.529 196.971
-0.0877257 1.06142 3.55511 234.465 200.664 186.297
-0.0594741 1.12188 3.53779 244.256 214.779 199.14
-0.0915617 1.14197 3.55246 244.305 214.132 202.18
-0.123784 1.23302 3.53613 243.755 236.469 218.612
-0.0817925 1.21102 3.55388 243.834 235.644 219.433
-0.0921909 1.28886 3.53535 242.551 249.477 236.057
-0.0822307 1.28668 3.54893 242.333 249.175 236.973
-0.0780489 1.36197 3.53651 242 250 241
-0.0815066 1.35104 3.54936 242 250 241
-0.0934905 1.5737 3.93356 242 250 241
-0.00935362 -1.34474 3.3102 126.2 90.4 55
0.0191872 -1.33502 3.33286 121.962 91.4937 60.9114
0.076791 -1.24924 3.42235 78.3333 56.1667 35.3333
0.0546853 -1.23721 3.45048 52.0556 41.6414 25.4747
-0.0115383 -1.23067 3.56941 36.8333 24.8333 3.83333
0.124227 -1.21637 3.41472 34 35 14
0.0536679 -1.18102 3.478 57.3117 46.168 28.2005
0.0560391 -1.082 3.3763 86.9184 70.3265 49.7347
0.0505907 -1.1304 3.46244 85.4054 67.0135 49.8378
0.0533269 -1.02913 3.36836 89.7136 72.8494 54.1753
0.0552228 -0.955597 3.36843 91.6634 75.9653 53.7525
0.0546658 -0.880154 3.35692 93.7696 77.6051 60.5367
0.0538764 -0.804975 3.35043 92.9857 80.9881 62.8449
0.0528998 -0.730287 3.34821 92.9185 83.4 63.9358
0.0548497 -0.655713 3.33979 95.4608 85.5931 67.8039
0.0533085 -0.58132 3.33125 95.0467 88.0811 69.9263
0.053591 -0.505718 3.32509 97.0647 90.1732 72.1547
0.0541575 -0.429754 3.32466 97.4635 92.3765 77.3906
0.0841951 -0.325524 3.30982 96 89.8 73.32
0.0526988 -0.357994 3.32073 98.8106 92.9066 74.9167
0.056527 -0.282086 3.30021 90.6074 77.1802 60.6568
0.021213 -0.312709 3.31344 90.6 87 72.3
0.053138 -0.249108 4.03884 161.167 127.833 81.8333
0.0569974 -0.234816 3.29229 150.426 118.574 78.5887
0.0561496 -0.204931 4.01947 133.849 120.011 91.5887
0.120423 -0.101201 3.99283 91 81 59
0.0549377 -0.131672 4.01039 109.693 101.605 77.1487
0.105071 -0.0668283 3.98923 92.5517 84.6897 63.1379
0.0503603 -0.0561113 4.00867 97.6064 87.7831 68.1004
0.0583842 0.0192744 3.98788 104.114 94.8757 73.3027
0.0512088 0.0138913 4.00301 101.789 93.1667 71.3158
0.0561951 0.0952905 3.99337 118.708 109.91 87.5566
0.0545492 0.0779663 4.00037 120.625 116.297 89.6562
0.0559276 0.165126 3.98975 120.843 108.997 87.5284
0.0536175 0.242223 3.98798 109.261 98.1323 80.0645
0.0561109 0.326848 3.84072 108.062 97.75 84
0.0461021 0.310933 3.95932 103.947 92.8934 75.7213
0.0976224 0.407182 3.73139 124.373 115.39 96.8136
0.0275026 0.396776 3.84761 111.884 103.667 89.0145
0.0314036 0.375751 3.94766 109.729 99.6636 86.0935
0.0958981 0.431137 3.74546 129.357 121.429 99.9286
0.0739267 0.444128 3.83108 125.577 119 99.0192
0.0380335 0.477603 3.96541 122.757 116.646 101.569
0.0540679 0.542071 3.94596 118.485 112.201 98.1982
0.0547613 0.620335 3.57037 173.572 161.383 143.929
0.053301 0.600126 3.90151 117.123 108.38 98.9572
0.0546857 0.690008 3.56567 184.748 168.016 152.147
0.0549444 0.765127 3.56136 193.09 174.477 156.068
0.0542925 0.840356 3.55944 203.661 181.919 163.634
0.0564853 0.915707 3.55883 218.367 189.939 171.696
0.0563493 0.988397 3.55615 231.716 200.365 184.25
-0.003157 1.08508 3.53542 244.789 213.579 198.526
0.0580594 1.06094 3.55483 243.212 212.66 198.541
-0.00447126 1.10664 3.53763 244.778 216 204.889
0.0594943 1.13911 3.55365 244.188 233.373 217.524
0.0969395 1.23843 3.5337 242 250 241
0.0506959 1.21281 3.55308 242.631 248.835 235.802
0.0438906 1.28373 3.53184 242 250 241
0.060457 1.28903 3.54439 242 250 241
0.0302394 1.3548 3.53911 242 250 241
0.0684239 1.35409 3.5539 242 250 241
0.044701 1.5476 3.9335 242 250 241
0.0493311 1.56971 3.92992 242 250 241
0.146459 -1.22595 3.40256 54.2188 43.5 22.7188
0.127357 -1.24514 3.43015 68 53.5 27
0.155477 -1.20262 3.40043 34.9636 30.2909 12.2727
0.161365 -1.17109 3.47843 62.284 49.2716 36.0494
0.198457 -1.08508 3.37571 84.6281 68.7866 49.4939
0.167045 -1.13108 3.45872 83.7632 65.6053 46.8684
0.195464 -1.03079 3.36983 87.4053 71.5801 54.7718
0.193452 -0.955061 3.36423 90.7506 73.3333 55.0691
0.194957 -0.879523 3.35528 93.4049 74.8321 58.3605
0.193634 -0.805887 3.34961 91.9572 79.0756 62.7406
0.193018 -0.731459 3.34336 91.6283 82.2662 60.2374
0.192725 -0.656287 3.34187 95.6571 85.6357 67.0143
0.193425 -0.581264 3.33962 96.7736 86.9174 71.0071
0.26385 -0.471729 1.58266 61.5 37.5 18.5
0.194489 -0.506509 3.32949 98.3934 89.4122 73.8501
0.257043 -0.433488 1.544 92.7016 62.2984 40.1613
0.262739 -0.426363 1.63499 164.5 113.5 67
0.194564 -0.432045 3.32395 100.592 93.2281 75.4447
0.15999 -0.324958 3.31188 96.8571 90.1429 76.7857
0.196631 -0.356967 3.31913 99.8214 93.7 77.9738
0.185936 -0.274292 3.29486 93.2199 74.6838 55.0034
0.218762 -0.30418 3.31842 93.1456 84.9126 68.7379
0.163336 -0.245783 4.03454 145.333 122 89
0.19055 -0.237166 3.28888 158.857 126.819 87.1524
0.187269 -0.177821 3.9958 135 117.615 95.3077
0.179393 -0.1984 4.01775 139.885 122.034 92.8243
0.214992 -0.12799 3.99182 104.518 93.5536 74.9464
0.189959 -0.134892 4.00865 99.9831 91.211 68.9662
0.195928 -0.0593936 3.98168 100.166 88.5087 70.7336
0.151693 -0.0521071 4.00527 99.1333 89.1333 69.3333
0.193442 0.0175615 3.97284 104.141 93.2763 72.8158
0.194725 0.0910167 3.98722 110.097 101.124 79.1931
0.19405 0.16473 3.98599 117.6 105.574 82.5129
0.194611 0.241197 3.98353 108.25 95.5449 78.1699
0.17971 0.32497 3.85512 107.833 97 85.5833
0.203918 0.312106 3.97504 107.588 93.3583 79.9083
0.134508 0.417815 3.75571 129.091 118.273 103.455
0.17122 0.40364 3.81751 110.846 102.923 92.8205
0.225033 0.389575 3.96013 102.411 93.9338 81.6093
0.134307 0.428501 3.75581 129.25 118.75 102
0.15173 0.441333 3.84293 125.174 115.696 101.913
0.208375 0.471282 3.97347 120.866 116.355 103.602
0.194644 0.543174 3.93947 122.887 113.956 103.016
0.193677 0.617476 3.57306 178.834 162.797 145.24
0.193328 0.598092 3.89747 122.428 112.186 99.4345
0.195461 0.690812 3.57235 188.567 170.629 154.316
0.194943 0.765312 3.56508 199.464 176.94 161.555
0.194758 0.839067 3.56032 211.359 184.735 169.324
0.193789 0.913023 3.55814 222.877 195.117 176.929
0.194361 0.988861 3.55493 239.489 204.704 190.349
0.192144 1.09315 3.54046 244.962 227.654 206.962
0.193736 1.06363 3.55528 244.563 219.545 203.741
0.208282 1.13294 3.53858 243.856 241.705 224.892
0.186946 1.13988 3.54727 243.567 243.41 226.917
0.214117 1.21829 3.53653 242 250 241
0.186825 1.21121 3.54806 241.993 249.993 240.993
0.20533 1.29019 3.53702 242 250 241
0.181797 1.28283 3.54803 242 250 241
0.165626 1.33345 3.53844 242 250 241
0.197681 1.35085 3.55814 242 250 241
0.185941 1.54581 3.92756 242 250 241
0.191548 1.5647 3.92831 242 250 241
0.333428 -1.16505 3.53367 78 63 46.6667
0.331369 -1.08317 3.36223 86.5217 68.9752 54.5466
0.335028 -1.03063 3.36052 88.9538 73.2263 52.6521
0.333964 -0.955234 3.35571 90.5927 76.1415 55.0415
0.331791 -0.879873 3.3492 93.0098 78.4914 61.2396
0.333166 -0.805311 3.34438 95.4268 78.8902 59.1927
0.379723 -0.708413 1.79611 87.8014 54.3767 21.6849
0.400023 -0.708994 1.82617 80.2083 50.7917 14.2083
0.334122 -0.730102 3.33869 94.1717 79.6543 62.1299
0.294613 -0.633376 1.59487 69.4103 44.7564 23.2436
0.312414 -0.631743 1.61689 73.396 43.703 23.8911
0.361827 -0.659424 1.78789 70.6611 41.9136 17.103
0.387957 -0.648081 1.83142 58.5207 34.1936 14.5806
0.333367 -0.655921 3.34187 101.358 89.1412 74.5216
0.289412 -0.573513 1.58848 55.2143 36.1548 15.0476
0.301757 -0.598872 1.61734 64.0929 39.7286 19.4429
0.34052 -0.582847 1.78066 71.3925 46.4533 31.2804
0.375466 -0.582238 1.84096 79.2465 56.4014 39.6479
0.333851 -0.580384 3.3353 99.6555 87.1651 73.1699
0.277689 -0.50754 1.58327 66.7518 44.7986 25.3993
0.29656 -0.513616 1.63338 70.8571 47.6 29.7143
0.325985 -0.507527 1.78128 82.4936 58.8718 34.2692
0.365888 -0.507938 1.84942 83.413 62.9348 42.3551
0.335767 -0.506895 3.32961 102.291 90.7736 76.1045
0.271514 -0.441045 1.55644 80.6506 51.6747 34.5422
0.280709 -0.433669 1.66767 135.45 90.575 65.325
0.316108 -0.438496 1.77425 129.013 86.2349 57.1477
0.373786 -0.43637 1.86262 131.732 91.4682 58.4482
0.332953 -0.432731 3.32129 105.903 97.0778 80.7783
0.334108 -0.356691 3.32276 105.615 96.8801 80.19
0.33402 -0.264751 3.29875 95.3913 73.3816 50.1159
0.335288 -0.2995 3.32106 92.1951 84.1171 69.6488
0.352088 -0.247985 3.82037 105.1 95.3 83.5
0.334581 -0.252692 3.94649 108.632 98.7368 84.3684
0.305201 -0.256626 4.0175 113.778 99.6667 80.6667
0.339208 -0.240475 3.29518 180.387 152.984 112.694
0.384515 -0.224693 3.82397 125.612 104.551 64.3878
0.360597 -0.228142 3.9658 130.208 106.188 68.7708
0.330432 -0.200312 4.01012 130.249 113.276 81.5156
0.286326 -0.113123 3.99102 88.7636 78.4909 61.9455
0.344763 -0.135516 4.00951 93.7049 82.5943 63.8402
0.320571 -0.0530235 3.9936 95.8156 84.5922 65.581
0.357116 -0.0648587 4.00584 92.4948 79.7835 61.8969
0.327761 0.0175033 3.98311 99.313 86.1727 64.2338
0.395753 0.00538036 4.01068 104.905 86.9524 65.8571
0.334597 0.0930447 3.97287 103.984 95.8654 80.6731
0.333327 0.166788 3.98418 104.46 99.1691 81.9424
0.334125 0.240853 3.98529 100.604 93.0957 75.802
0.354152 0.321638 3.80644 111.088 91.5575 80.115
0.319813 0.30488 3.97209 102.551 85.3077 74.8462
0.362761 0.386643 3.81791 113.993 101.993 89.9241
0.302285 0.39098 3.94242 115.529 102.63 91.7815
0.365532 0.431857 3.82069 126.2 117.8 100.1
0.329239 0.468261 3.97415 118.623 114.172 103.925
0.334517 0.542611 3.94052 123.715 115.893 106.546
0.332801 0.616609 3.57342 185.576 167.568 148.492
0.331973 0.599863 3.9012 124.24 113.838 107.903
0.33482 0.688858 3.56626 195.968 175.444 159.624
0.335575 0.763457 3.56095 206.765 182.631 166.358
0.335257 0.837841 3.55803 220.712 190.866 177.241
0.332536 0.914313 3.56012 234.733 200.667 185.154
0.335984 0.989802 3.55649 244.381 211.963 198.355
0.333123 1.06286 3.54854 244.339 233.892 213.474
0.333789 1.13736 3.55094 242.567 249.232 236.572
0.328454 1.21855 3.53768 242 250 241
0.336696 1.20576 3.55192 241.968 249.968 240.959
0.322679 1.28364 3.53739 242 250 241
0.348231 1.29203 3.55036 242 250 241
0.350818 1.34018 3.53314 242 250 241
0.326402 1.35222 3.54926 242 250 241
0.286569 1.54458 3.92907 242 250 241
0.284629 1.56109 3.92834 242 250 241
0.507129 -1.20545 3.31843 51.6667 41.0833 23.75
0.473602 -1.07987 3.36127 85.7113 69.0423 51.5423
0.472698 -1.02947 3.35808 89.0885 70.2826 52.7273
0.468911 -0.956247 3.3556 90.4301 72.3756 52.6244
0.464773 -0.881343 3.35141 103.292 81.4102 59.4182
0.463616 -0.803611 3.34594 95.9559 80.2314 62.4545
0.406719 -0.727979 1.82335 79.5556 42.8889 18.7778
0.428543 -0.717038 1.8528 72.2283 42.808 21.6304
0.475368 -0.73077 3.34268 94.6943 78.8578 61.2725
0.425335 -0.656857 1.86745 62.551 36.9694 16.8648
0.473695 -0.655896 3.34089 102.771 88.5373 70.4867
0.4238 -0.583351 1.88463 77.004 51.6429 36.3849
0.474606 -0.580444 3.33465 100.898 87.1066 69.7701
0.419965 -0.507222 1.90199 79.0984 59.5792 43.5027
0.473468 -0.505939 3.33244 104.13 90.7861 75.1154
0.424351 -0.439142 1.91342 118.229 82.2095 60.1429
0.447522 -0.426963 1.93997 119.483 90.5862 68.2414
0.472371 -0.431202 3.32519 107.845 97.2756 82.0797
0.487743 -0.341049 3.31183 106 95.2111 84.6667
0.469409 -0.361037 3.32098 107.465 96.0888 81.9467
0.473936 -0.275168 3.30142 105.089 79.641 57.4481
0.479963 -0.306856 3.31489 97.663 86.6196 71.337
0.475468 -0.249465 3.80427 101.857 90.5 76.7143
0.471548 -0.239341 3.29762 159.917 136.688 110.896
0.459498 -0.220783 3.83422 120.248 100.483 71.6621
0.482949 -0.207679 3.94388 114.468 97.3797 69.3544
0.481334 -0.185121 4.01274 102.653 90.3069 68.8119
0.518939 -0.108583 3.82219 118 95.3333 79.5
0.529543 -0.100907 3.96483 121 98.3333 83.6667
0.467425 -0.13269 4.01638 95.1851 83.6619 62.6157
0.532706 -0.0695189 3.97232 114.727 101.909 82.4545
0.467063 -0.0565514 4.02061 97.6936 83.9597 64.7298
0.483775 0.0230174 3.97374 108.455 95.3182 74.1591
0.438737 0.00045964 4.00913 108.304 92.9457 71.1413
0.471415 0.0918675 3.95877 114.901 104.473 87.3537
0.47341 0.167927 3.99018 97.769 89.5271 71.0975
0.472814 0.240586 3.98942 105.458 97.737 74.6786
0.511727 0.329128 3.70831 154.938 138.812 119.844
0.459106 0.300743 3.97792 99.1825 89.1095 81.2847
0.509786 0.374423 3.69802 172.821 152.571 130.25
0.510232 0.414998 3.82781 152.625 136.125 113.75
0.44324 0.392479 3.96416 118.116 105.318 93.2868
0.474803 0.467317 3.97742 128.904 120.268 110.592
0.498177 0.575123 3.56932 173.5 165.5 145.5
0.47315 0.54131 3.93976 126.153 116.614 108.492
0.475067 0.617572 3.57263 188.836 168.882 153.474
0.471349 0.596778 3.90229 127.319 114.178 106.719
0.472715 0.688669 3.56731 199.519 175.717 159.731
0.475213 0.764635 3.56509 212.373 183.822 167.333
0.473988 0.838989 3.56373 224.073 192.704 176.313
0.475431 0.913751 3.55853 239.386 201.684 185.478
0.473348 0.988996 3.55329 244.763 215.921 198.569
0.473442 1.06381 3.55275 244.235 238.183 217.874
0.474362 1.13816 3.55352 242.291 249.846 238.961
0.449055 1.23048 3.53968 242 250 241
0.476565 1.21304 3.55864 242 250 241
0.509716 1.30881 3.54011 242 250 241
0.464221 1.28453 3.54902 242 250 241
0.494011 1.34041 3.53968 242 250 241
0.45559 1.34454 3.54625 242 250 241
0.484508 1.54192 3.93272 242 250 241
0.473593 1.56177 3.9324 242 250 241
0.577759 -1.15333 3.47283 67.4286 52.5714 21.5714
0.558163 -1.09591 3.3757 73.5758 52.8788 31.4848
0.546707 -1.0294 3.35565 70.5294 52.5294 33.4706
0.544382 -0.985004 3.35459 66.75 46.5 33.75
0.662339 -0.885099 3.34827 86.8947 65.9474 48.0526
0.62375 -0.780161 1.97808 69.3083 34.7549 7.01581
0.679502 -0.837825 3.34152 89.6667 68.6667 49.6667
0.634011 -0.730716 1.97252 60.8916 31.6896 7.33634
0.589145 -0.72226 3.34963 97.5755 81.7783 64.0849
0.623064 -0.619753 1.60235 82.3333 45 15
0.629521 -0.624366 1.78986 71.6429 37.7143 19.7857
0.645896 -0.640388 1.89711 75.9706 40.3824 19.1471
0.625717 -0.661799 1.9674 69.8941 36.3964 12.3359
0.612065 -0.654884 3.33817 103.384 87.7963 69.4051
0.614341 -0.564431 1.45164 73.9403 38.7612 6.02985
0.620754 -0.586027 1.54082 73.9041 38.557 8.94819
0.621699 -0.58906 1.64953 77.5711 40.34 12.4156
0.621058 -0.585791 1.76551 77.8407 42.278 12.0237
0.619713 -0.586684 1.87705 80.7049 42.0972 17.0868
0.60836 -0.5853 1.96125 84.0375 42.6177 20.1365
0.613536 -0.581478 3.33634 100.882 85.7641 71.484
0.626325 -0.498026 1.31459 165.353 104.633 52.2368
0.619253 -0.499149 1.42249 162.799 103.277 58.5668
0.620959 -0.494979 1.53738 170.984 108.741 63.2062
0.619838 -0.493316 1.65096 176.112 111.351 68.8143
0.613679 -0.491656 1.7642 176.513 112.918 69.4529
0.614043 -0.492671 1.89037 180.668 114.036 73.8541
0.597378 -0.48964 1.9745 175.005 112.405 70.4409
0.612495 -0.508643 3.3294 104.189 89.8291 75.8176
0.626534 -0.468499 1.79343 225.429 147.857 94.4286
0.612758 -0.433277 3.32462 108.491 96.6338 80.0141
0.613606 -0.356732 3.32209 105.781 95.7489 81.9683
0.613669 -0.265688 3.29875 122.411 84.7033 66.0766
0.613679 -0.301182 3.31875 95.7268 78.9235 66.2787
0.678064 -0.250458 3.81411 103.4 92.6 68.4
0.679988 -0.24694 3.95583 95 84 56
0.56333 -0.241862 3.29679 186 160.6 119.5
0.677337 -0.241035 3.83121 95 85.6667 62
0.63701 -0.200648 3.94356 103.099 98.7817 72.2747
0.587719 -0.197879 4.0128 121.425 105.123 88.863
0.646118 -0.136686 3.96708 113.445 106.672 81.6642
0.600899 -0.133035 4.00551 132 118.115 96.4327
0.586461 -0.041272 3.98942 102 91.4333 84.8667
0.633008 -0.0590583 4.01001 122.819 112.17 92.5479
0.593149 0.0176169 3.9695 99.7085 89.1121 71.2825
0.659495 -0.00113699 4.00747 89.1525 82.3729 68.5932
0.601772 0.0951195 3.98324 104.137 93.922 76.8146
0.620011 0.0955346 4.00261 97.8644 88.7288 72.9322
0.61724 0.166634 3.99334 118.292 100.375 72.4585
0.588691 0.167809 4.0084 108.343 94.1143 68.7143
0.611024 0.24054 3.98824 109.05 94.5116 80.8977
0.682693 0.205289 4.00111 117 106 74
0.579354 0.300989 3.85958 113.333 101.778 87.1111
0.629752 0.307354 3.97222 98.9697 86.9273 80.4364
0.655618 0.393969 3.97639 97.9915 93.7288 83.483
0.614935 0.467678 3.97523 130.268 116.276 104.43
0.612377 0.575992 3.57873 173.583 159.333 138.208
0.613432 0.540678 3.94063 126.694 115.485 107.479
0.614812 0.616326 3.5755 186.759 165.803 150.535
0.61108 0.593063 3.89856 128.924 113.824 105.79
0.612184 0.688866 3.56812 199.857 173.693 157.873
0.615403 0.764413 3.56823 212.913 181.003 167.454
0.61371 0.840667 3.5655 222.665 190.072 174.418
0.614708 0.913421 3.55732 237.954 198.489 183.285
0.612693 0.987879 3.55379 244.804 211.472 198.934
0.581698 1.08279 3.54121 244.5 245.333 217.167
0.613672 1.06238 3.55306 244.364 235.828 213.686
0.586639 1.16244 3.53911 242 250 241
0.615766 1.13517 3.551 242.394 249.523 237.592
0.652012 1.21154 3.53453 242 250 241
0.599633 1.213 3.548 242 250 241
0.604746 1.29802 3.53479 242 250 241
0.622325 1.27595 3.54724 242 250 241
0.612458 1.34285 3.53268 242 250 241
0.575857 1.35026 3.55201 242 250 241
0.624509 1.54403 3.93308 242 250 241
0.616102 1.56401 3.94178 242 250 241
0.792004 -1.08143 3.35961 85.1628 60.0465 41.5349
0.78331 -1.02837 3.35307 84.9635 64.1241 49.7737
0.771903 -0.952974 3.35056 88.6832 68.2871 46.6485
0.760596 -0.880412 3.34756 89.4855 69.6183 51.7054
0.781619 -0.812687 3.34276 92.5742 70.9809 54.0239
0.685214 -0.708916 1.96538 60.2667 32 6.4
0.802099 -0.729018 3.34698 95.7188 74.7812 57.0312
0.683528 -0.688973 1.96325 63 35 17.5
0.749779 -0.653895 3.34151 101.863 85.4188 61.8096
0.75433 -0.582479 3.33573 102.46 83.8475 69.477
0.749618 -0.496032 1.31721 179.94 108.76 52.3576
0.746498 -0.491526 1.42033 188.016 118.499 65.7372
0.749893 -0.487504 1.53165 190.609 119.723 65.6823
0.759921 -0.490014 1.65979 180.638 113.918 62.1901
0.757809 -0.481503 1.75515 188.6 123.166 76.0138
0.734787 -0.481868 1.87957 217.782 140.763 86.7437
0.737712 -0.482459 1.95725 207.526 134.491 76.3879
0.753291 -0.508572 3.33401 104.784 87.3104 75.9739
0.820305 -0.468715 1.70735 195 123 69.3333
0.806785 -0.467613 1.73907 202.667 131.289 72.5111
0.735112 -0.466338 1.87742 208 132.444 72.1111
0.753768 -0.43348 3.32645 109.016 92.1412 76.4077
0.751751 -0.356786 3.32196 106.311 91.1326 73.9761
0.760081 -0.266981 3.29685 131.11 92.9956 63.9956
0.747186 -0.302147 3.31729 94.6023 75.6591 62.7216
0.808862 -0.265952 3.76901 117.75 74.35 62.75
0.74586 -0.257718 3.78817 93.91 76.14 63.54
0.695596 -0.247309 3.96164 89.5 79.5 55.5
0.76647 -0.240177 3.30013 187 128.818 89.2727
0.753018 -0.227621 3.81989 77.2673 62.1782 48.2574
0.729035 -0.207818 3.95169 78.3691 74.5503 54.1275
0.789763 -0.192078 4.01153 83.1618 63.5588 47.0588
0.690644 -0.167901 3.88468 82 82 55
0.720941 -0.130293 3.92646 85.9394 80.202 55.3788
0.790397 -0.133972 4.00914 91.129 68.1398 49.1613
0.702897 -0.0663267 3.88159 97.075 91.2 70.15
0.743435 -0.0600689 3.94881 101.043 87.125 74.3913
0.773512 -0.0515937 4.0021 103.882 81.4737 70.7105
0.728748 0.0213414 3.98876 86.8836 81.911 70.6644
0.775488 0.0114452 4.00393 94.3503 83.7197 71.6369
0.765312 0.0861483 3.99226 84.288 78.504 65.632
0.748473 0.0969152 4.00696 87.7554 80.8478 65.3696
0.742008 0.171444 3.99397 116.069 97.4686 70.6686
0.771004 0.158056 4.0033 101.099 87.9802 72.396
0.764762 0.24102 3.99255 94.584 81.6008 68.105
0.701616 0.236406 4.00346 89.0725 81.4493 65.8406
0.813287 0.341848 3.73786 148.062 135.562 116.438
0.73806 0.312003 3.97776 91.8075 80.246 72.6631
0.715307 0.304134 4.00191 98 88.4286 74.7143
0.812199 0.384443 3.73423 154.07 143.628 139.209
0.721083 0.396182 3.98646 92.7673 84.7547 77.4277
0.752379 0.383302 3.9996 96.5714 88.2857 79.1429
0.746827 0.469549 3.98293 117.844 103.36 95.068
0.794462 0.448409 4.0083 134.5 119.5 115.5
0.752419 0.571893 3.57326 161.5 147.955 131.364
0.752965 0.539688 3.93582 120.384 109.354 100.901
0.753495 0.615916 3.57751 189.194 163.906 150.859
0.750085 0.595416 3.90039 125.355 110.71 99.3406
0.752536 0.688773 3.56855 202.307 173.128 159.552
0.752631 0.764452 3.56933 213.298 179.436 163.185
0.753571 0.839858 3.56608 223.323 187.717 173.141
0.75365 0.913783 3.56301 237.201 197.402 180.637
0.753966 0.98882 3.56141 244.78 210.712 194.369
0.754065 1.06291 3.55627 244.504 233.543 214.735
0.765966 1.17051 3.53975 242 250 241
0.753495 1.13822 3.55533 242.656 249.379 235.764
0.761372 1.21843 3.53961 242 250 241
0.751129 1.21096 3.54626 242 250 241
0.755987 1.27639 3.53774 242 250 241
0.752632 1.2907 3.54773 242 250 241
0.792444 1.33819 3.52711 242 250 241
0.741013 1.34514 3.54617 242 250 241
0.742727 1.54104 3.93861 242 250 241
0.747709 1.5588 3.93579 242 250 241
0.86632 -1.18624 3.49656 55.8444 38.4889 21.1111
0.891456 -1.09139 3.36757 86.9436 63.9718 43.0081
0.85207 -1.13975 3.43457 77.5 61.5 37.5
0.892335 -1.03032 3.3626 88.8208 66.1156 46.7571
0.891884 -0.953898 3.35694 91.0071 68.7891 51.9147
0.891837 -0.880797 3.35033 93.892 69.9799 47.3618
0.887941 -0.805471 3.34586 95.8756 72.9239 57.0838
0.889684 -0.730129 3.34687 96.6483 77.4345 56.0874
0.892876 -0.655492 3.33672 98.4881 81.2476 58.7214
0.944645 -0.551978 1.67809 189.927 115.951 65.2927
0.891886 -0.58213 3.33279 101.77 82.8713 64.531
0.843895 -0.501447 1.35146 191.423 111.792 49.1488
0.867602 -0.494625 1.4267 187.753 113.81 60.9761
0.885269 -0.494075 1.54535 186.366 115.438 59.9974
0.897744 -0.497049 1.66038 174.37 108.68 54.5273
0.9237 -0.487382 1.76359 185.27 117.779 66.5152
0.911351 -0.485868 1.88564 197.714 123.442 69.5893
0.86441 -0.486019 1.97107 186.787 117.107 69.84
0.891986 -0.508299 3.33195 104.498 85.4213 68.3843
0.841549 -0.466384 1.70078 185.737 119.789 75.1579
0.951279 -0.437498 1.72225 155.675 107.451 77.9804
0.891429 -0.432702 3.32433 107.484 88.831 72.0516
0.958014 -0.376198 1.70699 122.259 80.037 52.2963
0.958722 -0.385477 1.72088 132.056 97.5278 61.0833
0.893619 -0.356351 3.32188 102.794 86.2254 71.5514
0.895187 -0.273961 3.29846 119.16 80.8485 51.9524
0.889284 -0.306085 3.32073 89.4419 67.8837 51.4264
0.873606 -0.173237 3.80976 82.9 62.3 50.9
0.918371 -0.174152 3.89271 100 84 69
0.956619 -0.204858 4.0256 97.3333 78.5 63.8333
0.883102 -0.156257 3.81442 90.5556 70.2778 61.2222
0.922969 -0.164641 3.90608 101.75 84.25 72.25
0.956493 -0.148541 4.02027 102.429 84.1429 68.2857
0.897303 -0.0420992 3.98904 81.2222 65.1667 57.8889
0.954355 -0.0827377 4.00749 93.6667 73.6667 62
0.898707 0.0130544 3.99513 77.2812 68.0156 61.5156
0.88904 0.0237287 4.00735 81.2917 75.5573 61.8385
0.855501 0.0841474 3.99078 83.3711 73.8969 63.6495
0.912883 0.0969778 4.00607 77.5646 68.7177 57.7847
0.893234 0.180687 3.99558 90.4907 79.2919 63.236
0.888716 0.148061 4.00374 80 73.8583 63.0551
0.887956 0.24192 3.99362 98.9051 79.0219 60.146
0.908721 0.224741 4.00006 104.342 82.2105 59.9737
0.834121 0.337978 3.74044 155.88 135.48 117.84
0.893452 0.28764 3.99044 94.8974 72.0897 62.5
0.834785 0.390325 3.73846 170.679 152.151 138.755
0.848771 0.442768 3.82254 147.632 137.632 129.789
0.892916 0.478526 3.9725 115.756 101.744 89.267
0.884482 0.56781 3.57798 152.536 129.946 124.196
0.870986 0.573508 3.69093 118.833 96.8333 98.8333
0.892835 0.53879 3.93371 104.567 94.3753 87.8959
0.892132 0.61434 3.57275 189.463 160.256 146.22
0.912963 0.586598 3.85585 114.812 98.25 95.8125
0.884011 0.587713 3.89579 116.59 98.7692 90.7179
0.891037 0.690183 3.57015 201.485 169.349 153.597
0.892446 0.765598 3.56637 211.899 176.406 162.737
0.891353 0.839414 3.56766 222.491 183.565 168.115
0.895027 0.913126 3.56037 234.737 192.93 178.828
0.892302 0.989652 3.55976 244.325 206.451 191.728
0.893168 1.06376 3.55588 244.629 225.919 207.261
0.901055 1.15002 3.53931 243.171 247.714 231.5
0.892837 1.1366 3.552 243.679 246.359 226.665
0.878683 1.20444 3.53758 242 250 241
0.898167 1.21859 3.54839 242 250 241
0.902632 1.29585 3.53561 242 250 241
0.887616 1.28552 3.54568 242 250 241
0.929815 1.33782 3.53149 242 250 241
0.875171 1.34308 3.54781 242 250 241
0.893342 1.53891 3.93349 242 250 241
0.8926 1.55716 3.94156 242 250 241
0.977408 -1.08608 3.365 89.0222 62.5778 37.3111
0.9777 -1.027 3.35995 90.4327 64.9423 39.3942
0.97843 -0.952081 3.36129 89.83 67.97 46.76
0.976085 -0.896294 3.35282 93.4048 62.5476 40.381
0.985126 -0.771863 3.35315 97.6923 78.2308 57.6154
1.03236 -0.72892 3.34574 96.0821 77.607 56.5572
1.03081 -0.65592 3.336 100.234 79.0567 60.792
1.03182 -0.581719 3.33614 101.638 82.9007 69.0426
0.975949 -0.492632 1.55623 191.491 111.421 52.0526
0.984604 -0.490002 1.6562 155.462 93.5668 40.0217
1.0003 -0.483678 1.75569 173.836 111.275 58.8254
0.982962 -0.48829 1.90529 191.956 120.142 65.938
1.00775 -0.486369 1.98895 171.636 111.436 52.4182
1.05594 -0.497833 2.06908 96.6842 58.8421 26.1579
1.03218 -0.507383 3.33132 105.354 86.1034 68.7379
0.972423 -0.421739 1.70767 136.005 85.1846 56.9744
0.971588 -0.446807 1.7208 150.976 101.656 61.6
1.03172 -0.432195 3.32645 107 87.8831 73.3888
0.971686 -0.382931 1.70635 98.0353 62.1882 37.9176
0.965403 -0.382614 1.73841 127.5 87.4583 58
1.03096 -0.357111 3.32256 103.307 82.1409 67.2494
1.0341 -0.273594 3.30302 107.986 71.7428 48.8986
1.03709 -0.294805 3.32494 95.1706 69.5824 53.3118
0.999829 -0.268596 3.87534 150.692 115.615 84.3462
0.992279 -0.25772 3.91805 111.742 81.6129 61.1936
0.989762 -0.263084 4.00988 117.643 84.4286 55.4286
0.997202 -0.240928 3.31204 160 122.667 92
1.06272 -0.223362 3.36163 204.763 168.91 129.878
1.06108 -0.215387 3.45716 233.154 198.538 144.654
1.01564 -0.213096 3.94642 97.6139 72.7327 56.1782
1.00151 -0.199537 4.01904 103.386 80.1288 65.0379
1.0953 -0.129275 3.52663 182.25 138.5 113.25
1.08351 -0.131774 3.98574 114.754 90.4638 68.0435
1.01858 -0.132582 4.01535 112.819 88.0348 71.2934
0.965791 -0.05679 3.9962 90.5 69.8 59.4
1.0368 -0.0582791 4.01018 107.007 88.1475 69.5324
0.96607 -0.00442503 3.99658 71.25 69.0833 68.5833
1.03325 0.0164928 4.00606 81.0627 78.4495 74.0383
1.0217 0.10353 3.99088 76.3567 65.8344 55.6051
1.04081 0.0804295 4.00745 75.9648 69.2394 60.7676
1.03258 0.167375 3.99177 75.6871 66.2347 55.4116
0.968216 0.136734 4.00186 78 68 51.5
1.0354 0.237374 3.9888 69.8261 61.9522 51.6478
1.00545 0.256563 4.00937 70.8364 61.1455 49.4182
1.09185 0.334052 3.72069 64.1034 59.6552 56.3103
1.047 0.32036 3.99045 68.6471 59.6176 59.1471
0.969252 0.28156 4.00372 72 63 59
1.09204 0.373347 3.71078 70.3143 62.0571 58.4286
1.02113 0.380978 3.96583 69.9048 61.2381 53.381
1.03477 0.47433 3.97524 90.1488 81.8744 75.7302
1.04237 0.572257 3.57254 159.667 135.5 121.708
1.03209 0.539146 3.93074 106.92 91.8343 87.6361
1.03234 0.61569 3.57517 184.286 154.057 138.992
1.03561 0.592402 3.91039 118.439 93.7664 90.2617
1.03076 0.690086 3.57006 193.225 161.77 147.691
1.03148 0.764858 3.56265 205.67 168.545 154.844
1.03122 0.84068 3.57154 213.78 176.613 162.939
1.08857 0.943113 3.53835 229.812 187.375 176.688
1.03241 0.912497 3.56579 226.697 184.548 170.444
1.02778 0.98412 3.53936 240.071 196.893 185.821
1.03183 0.987521 3.55667 240.257 196.15 183.1
1.07017 1.07559 3.53031 244.833 213.9 196.4
1.02654 1.06155 3.55865 245.012 210.264 196.526
0.98237 1.14537 3.53906 244.043 243.087 222.391
1.03438 1.13679 3.55041 244.576 232.18 217.039
0.966808 1.18721 3.53645 242 250 241
1.03382 1.21453 3.55379 242.458 249.308 238.55
1.02865 1.29516 3.53445 242 250 241
1.03266 1.28313 3.54832 242 250 241
1.00855 1.33847 3.53048 242 250 241
1.03485 1.33839 3.54282 242 250 241
0.991333 1.54005 3.93914 242 250 241
1.00664 1.55549 3.93609 242 250 241
1.15008 -0.770792 3.34321 95.4167 74.9167 49.5833
1.17308 -0.730241 3.34591 97.9884 74.537 53.537
1.17341 -0.656922 3.3449 98.2646 77.9283 56.1637
1.16967 -0.581311 3.33732 102.5 80.8958 61.0671
1.13297 -0.500313 1.87386 185.059 113.676 60.0196
1.10217 -0.496494 2.06026 108 66 21
1.17299 -0.506043 3.33091 106.348 82.7149 64.1516
1.22805 -0.434623 2.40417 54.4444 33 26.4444
1.15885 -0.40025 3.31077 106.533 88.4667 69.2
1.17205 -0.433102 3.32414 106.839 86.5023 69.5622
1.15858 -0.385172 3.31106 104.522 87.6087 71.8696
1.17272 -0.356423 3.32313 100.273 81.8575 65.0304
1.16968 -0.278584 3.30296 146.655 108.539 78.0787
1.1631 -0.294466 3.32359 125.636 92.2308 68.6573
1.15152 -0.22261 3.38503 236.824 205.782 154.624
1.14978 -0.189965 3.4848 203.828 168.94 131.338
1.19426 -0.205305 3.99549 79.75 50.5 62.25
1.15791 -0.19402 4.01065 92.0583 67.4667 55.3917
1.14544 -0.133122 3.51789 189.249 147.345 114.269
1.11118 -0.113271 3.58397 173.133 131.733 112.667
1.1439 -0.109251 3.99413 105.462 85.7692 70.8846
1.1546 -0.134307 4.00659 95.6446 75.5783 56.7771
1.14677 -0.0589716 3.51406 185.565 146.335 116.699
1.18386 -0.0632945 3.99225 92.3529 71.7843 60.1176
1.1481 -0.0525892 4.00762 80.0741 65.1605 53.6296
1.155 -0.00991439 3.52058 183.25 145.946 113.25
1.1709 0.0251458 3.60447 132.559 94.6577 77.3513
1.16923 0.015115 4.00832 73.0064 65.5577 60.3013
1.20389 0.0608603 3.6432 129.818 67.4091 47.1364
1.23128 0.0721414 3.67909 106.875 47.375 41.25
1.19294 0.109251 3.99433 77.4681 61.5319 54.2979
1.16795 0.0895926 4.00707 70.2583 62.3948 58.9705
1.13969 0.171698 3.99724 68.8182 67.4182 62.9091
1.18159 0.165665 4.00419 65.382 67.6781 66.9485
1.17761 0.245667 3.99585 66.876 64.636 59.2
1.14486 0.213922 4.00427 67.9825 67.9474 65.6491
1.11162 0.33371 3.72533 65.8571 59.5238 52.4286
1.17568 0.284039 3.99729 69.129 60.5484 56.4194
1.17112 0.284469 4.01223 72.625 55.75 61
1.11968 0.354395 3.723 69.5 63 49.5
1.1357 0.455501 3.87439 94.1429 80.8367 73.5102
1.16362 0.477408 3.95862 99.1044 87.3297 79.6538
1.18457 0.572805 3.57791 158.167 133.333 116.548
1.16673 0.540097 3.93128 106.117 89.0831 81.9569
1.1707 0.615673 3.57733 180.524 148.77 134.085
1.17512 0.594322 3.92397 115.87 88.8704 88.2685
1.17448 0.690361 3.5695 189.866 155.767 142.451
1.17073 0.764119 3.56556 198.746 162.147 147.51
1.17209 0.839545 3.56484 206.183 169.883 155.126
1.11337 0.942478 3.53999 228.917 186.75 176.917
1.17208 0.912561 3.56047 216.906 179.137 164.809
1.11184 0.960918 3.53987 234.467 187.333 175.067
1.17602 0.9898 3.55874 231.46 187.171 174.821
1.23138 1.08208 3.53959 241.346 197.962 189.769
1.171 1.06243 3.56149 241.615 199.929 187.274
1.2326 1.12013 3.53861 245.235 203.706 192.765
1.16922 1.13768 3.5511 245.003 217.952 201.771
1.17313 1.214 3.55522 243.805 243.066 225.01
1.17604 1.29069 3.53778 242.066 249.978 240.747
1.16744 1.2872 3.55191 242.056 249.972 240.378
1.13833 1.33804 3.53462 242 250 241
1.2118 1.34159 3.55368 242 250 241
1.18124 1.53756 3.93727 242 250 241
1.1632 1.55322 3.93749 242 250 241
1.33812 -0.777723 3.35976 97.5758 70.8485 50.0909
1.30897 -0.729834 3.34581 95.799 74.1593 51.3554
1.31293 -0.656049 3.34857 99.0022 76.1211 56.4507
1.31082 -0.58025 3.3383 101.912 79.1482 60.3031
1.31314 -0.504768 3.3283 104.225 82.7843 63.564
1.32738 -0.446527 2.35876 44.8385 31.2115 16.7885
1.30815 -0.464855 2.39738 47 25.25 12
1.27109 -0.399455 3.30856 108.545 86.7273 63.3636
1.31489 -0.434003 3.3305 106.507 85.7289 66.4005
1.27017 -0.374864 3.30942 107.358 84.597 59.8657
1.3186 -0.353698 3.32195 100.603 79.5333 58.416
1.31341 -0.281872 3.30228 122.158 76.9487 49.2436
1.31339 -0.292321 3.33458 124.776 84.7235 60.1588
1.33913 -0.254743 3.46807 226.104 166.833 132.396
1.33225 -0.250384 3.54409 234.667 177.167 129.667
1.34616 -0.252769 3.67008 220.556 167.833 127.833
1.33229 -0.237907 3.50179 206.458 153.167 132.583
1.36634 -0.236546 3.56708 189.364 140.818 129.455
1.34218 -0.2055 3.68422 108.798 71.8512 44.7262
1.33506 -0.185712 3.80144 75.5 43.6 23.8
1.35259 -0.113738 3.64796 114.37 82.2778 60.6852
1.33761 -0.138382 3.68474 103.261 69.8061 43.8848
1.34472 -0.0579489 3.65219 120.471 79.9571 61.6714
1.33066 -0.0584976 3.68756 110.665 70.8916 54.3448
1.31372 -0.0414163 3.79073 85.75 58.5 54.875
1.34178 0.00507519 3.65449 122.372 80.6163 61.4651
1.31753 0.0217536 3.70725 108.759 67.804 48.0151
1.31297 -0.0191336 3.79241 75 47 41
1.32643 0.0904128 3.65484 104.952 70.4762 48.0476
1.31283 0.0859001 3.69682 113.906 73.2891 48.0312
1.31043 0.100575 3.82496 97.8636 60.6136 42.5682
1.28255 0.113938 3.98326 80.5 60.6538 49.1346
1.29129 0.112116 4.01054 78.5135 61.6216 51.0811
1.31823 0.154598 3.65124 99.8684 72.1842 53.7368
1.30682 0.155373 3.70691 118.325 77.2338 56
1.31543 0.161122 3.82871 99.0441 68.8382 48.9706
1.30663 0.175243 3.98309 77.6699 63.9029 49.3883
1.26429 0.149533 4.00528 64.4667 64.1333 63.2833
1.30543 0.235193 3.99235 68.7317 61.5463 50.1415
1.33091 0.254865 4.00439 66.2644 55.5862 43.3908
1.36849 0.320713 3.82531 116.091 93.1705 76.7159
1.3648 0.33133 3.95519 99.9359 81.5128 67.1154
1.3449 0.28944 4.00553 78.7292 63.625 53.1042
1.36081 0.376721 3.80418 119.25 95.7368 75.0526
1.35881 0.394157 3.97452 97.8095 78.034 63.9592
1.31808 0.470934 3.98397 104.04 89.8212 82.5511
1.31358 0.570757 3.57869 147.803 120.338 106.563
1.30964 0.540051 3.94535 101.625 83.6017 78.0573
1.30969 0.615828 3.57626 165.697 135.748 121.09
1.31371 0.596494 3.95052 109.954 87.1389 81.8796
1.31418 0.690787 3.57421 171.641 140.875 129.195
1.31464 0.765394 3.5661 179.179 145.711 131.841
1.3101 0.838926 3.56294 188.992 154.386 142.761
1.31286 0.914896 3.56245 197.264 162.494 150.783
1.31051 0.989537 3.55706 209.405 171.342 160.01
1.29875 1.08239 3.53614 228.778 186.444 173.905
1.31386 1.05968 3.55613 223.103 180.625 166.547
1.30433 1.13247 3.5361 238.256 193.643 181.225
1.31601 1.13936 3.55653 237.233 191.996 181.917
1.31321 1.21427 3.55498 244.741 213.247 196.574
1.32379 1.30922 3.53128 242.638 249.171 237.152
1.31137 1.28206 3.55253 244.041 240.372 221.656
1.32803 1.33336 3.52548 242 250 241
1.27093 1.33761 3.55294 242 250 241
1.31004 1.53737 3.9387 242 250 241
1.27992 1.55039 3.93746 242 250 241
1.39861 -0.779952 3.35505 96.5385 70.6667 43.3333
1.4183 -0.730776 3.34787 91.5037 66.597 43.1007
1.51258 -0.726069 3.42753 54.7778 39.2222 14.6667
1.42072 -0.657715 3.34434 94.556 70.384 47.676
1.42265 -0.582265 3.33726 98.4496 72.741 53.0108
1.4211 -0.506858 3.33195 102.838 77.1957 60.9021
1.43377 -0.447526 2.28792 44.75 22.25 10.5
1.42105 -0.430476 3.32913 105.004 80.8453 57.7208
1.42297 -0.356194 3.32453 100.996 79.3636 54.6174
1.42644 -0.285607 3.30424 115.988 76.4819 42.4639
1.42068 -0.30578 3.33693 94.3492 60.6349 43.0952
1.4139 -0.25383 3.50979 133.949 96.339 81.017
1.51222 -0.171521 3.40043 83.5 58.75 53
1.42554 -0.205087 3.50389 118.511 83.026 58.7446
1.40316 -0.202056 3.58745 178.169 136.525 107.068
1.40731 -0.209273 3.67644 159.778 126.444 102.444
1.50899 -0.141815 3.39377 111.192 88.0385 71.9038
1.43747 -0.135755 3.50401 110.877 80.9157 61.8238
1.40789 -0.135515 3.58712 172.925 134.775 101.887
1.41185 -0.1335 3.70515 147.564 115.282 92.7949
1.44112 -0.057513 3.49385 119.727 83.4498 67.6707
1.40887 -0.0505412 3.57764 171.264 132.782 112.218
1.40303 -0.0652938 3.68353 151.149 118.985 91.8806
1.43859 0.0181887 3.49796 153.298 113.083 88.8636
1.41569 0.000303797 3.58826 176.683 131.85 106.15
1.42334 0.0186999 3.69908 181.238 134.905 110
1.39958 0.0529166 3.7746 128 91 65
1.4486 0.0824019 3.50082 166.439 128.763 98.4211
1.45188 0.104191 3.59483 167.207 137.552 103.517
1.45525 0.0955773 3.71861 154.456 122.756 94.7
1.44681 0.0964685 3.81608 115.091 87.75 65.8523
1.45929 0.110221 3.9219 86.7059 65.2353 47.7059
1.45815 0.167695 3.50699 156.65 118.8 86.3643
1.45537 0.167753 3.60283 175.025 137.367 93.8987
1.45854 0.153698 3.69415 146.984 119.607 88.541
1.45776 0.163904 3.8313 105.303 79.5051 55.0909
1.4639 0.170783 3.93607 74.1373 62.1373 42.902
1.51063 0.267651 3.36283 130.214 105.429 99.0357
1.45247 0.236069 3.49617 163.455 122.273 83.6932
1.44921 0.23654 3.58227 178.681 136.609 87.6087
1.46743 0.270524 3.74282 141 107 77.6071
1.46749 0.234124 3.82158 114.94 83.0149 64.1194
1.44255 0.243799 3.97435 72.0648 55.9028 50.3036
1.3887 0.271187 4.00345 70 53.3333 51.6667
1.51077 0.284317 3.36245 152.6 139.4 118.9
1.45507 0.306438 3.47856 142.189 106.189 71.6038
1.4518 0.316285 3.5824 183.806 141.03 99.5821
1.46239 0.317838 3.70961 152.698 118.547 83.6331
1.42294 0.320798 3.79877 113.066 86.1364 63.6818
1.42276 0.28423 3.91985 86.68 70.6 55.64
1.39051 0.286451 4.00437 80.1667 61.8333 56.9167
1.44051 0.376295 3.40476 105.167 73.8333 64
1.45476 0.3823 3.49434 156.8 121.067 89.8667
1.45537 0.394201 3.58402 190.733 145.544 99.0444
1.44871 0.384256 3.72546 135.582 105.467 76.9426
1.42708 0.389058 3.80082 111.943 87.1773 65.1064
1.40275 0.40855 3.92476 111.762 92.3333 75.2381
1.47246 0.464287 3.49582 120.944 87.5 67.5556
1.44996 0.458996 3.6326 167.423 128.495 85.8247
1.44709 0.473368 3.70788 140.423 109.423 80.4423
1.45637 0.454822 3.852 103.011 77.8864 63.9886
1.43119 0.472576 3.96049 95.2009 78.6769 69.5153
1.48893 0.513134 3.31514 102.167 76.5 58.3333
1.4245 0.556053 3.59308 111.167 86.75 70.213
1.4444 0.545749 3.69158 102.45 75.05 70.8
1.4712 0.545976 3.8158 95.0556 75.4815 66.9259
1.43367 0.536473 3.92996 90.3474 72.7649 70.2281
1.41809 0.61466 3.58053 137.06 110.881 96.5075
1.43388 0.59331 3.95223 102.406 75.9565 74.6667
1.41354 0.689002 3.56805 144.58 113.545 101.315
1.41598 0.762473 3.55867 148.431 117.716 101.371
1.42054 0.841304 3.56739 155.735 122.274 115.15
1.41735 0.914361 3.56218 161.426 130.681 119.627
1.46216 0.981791 3.41929 141.667 112.778 107
1.43155 1.00818 3.5209 157.975 126.625 110.55
1.41449 0.981631 3.55705 172.414 139.424 127.607
1.42349 1.04993 3.53366 167.333 131.974 120.615
1.40546 1.06905 3.55005 192.757 155.226 140.6
1.41631 1.13926 3.55275 197.87 155.065 147.549
1.50164 1.22958 3.29731 146.75 121.35 124.05
1.4352 1.23439 3.5311 210.261 159.087 149.739
1.417 1.21396 3.55462 216.445 170.23 159.754
1.42615 1.27502 3.53782 226.727 177 170.545
1.41683 1.28904 3.54932 240.685 198.58 182.917
1.42542 1.34028 3.53013 243.1 244.9 232.467
1.40704 1.32978 3.54949 244 246.333 229.333
1.41808 1.53355 3.93507 242 250 241
1.52192 -0.723256 3.42809 50 35.6667 11.6667
1.65642 -0.401388 3.36259 118.5 90.75 57.25
1.64824 -0.350442 3.36266 105.321 92.0833 67.8095
1.64931 -0.294006 3.36804 95.2653 83.6122 61.9388
1.63609 -0.197602 3.36967 99.2778 80.6852 59.6111
1.55975 -0.150846 3.37645 103.416 83.52 63.32
1.54374 0.263104 3.35077 122.731 101.045 93.2388
1.53864 0.28378 3.35342 140.944 127.556 115.056
1.65351 0.448364 3.38703 98.5 70.75 51.6667
1.58205 0.557098 3.37886 102.238 76.5 66.2619
1.54866 0.568698 3.43221 105 79.3333 75.3333
1.55042 0.608513 3.40469 103.25 79.4167 74.25
1.57585 0.637253 3.46597 101.167 82.8333 67
1.72274 -0.410216 3.35713 96.0462 79.7168 61.6474
1.72547 -0.357968 3.35177 83.8079 84.223 67.6887
1.72643 -0.281868 3.35234 90.0038 87.3433 67.8462
1.72725 -0.208244 3.35488 93.2716 89.6021 74.3663
1.73206 -0.153654 3.35531 91.4878 92.2049 77.2293
1.6898 0.463432 3.39908 96.9167 70.9167 50.4167
1.71269 0.550027 3.3675 97.1071 74 57.9643
1.73257 0.582886 3.39909 99.6667 78.3333 55.6667
1.81842 -0.40385 3.35725 99.5833 85 50.5
1.81893 -0.357117 3.35486 83.9247 80.7123 58.6712
1.81562 -0.281596 3.34077 86.0154 74.3 53.8846
1.82172 -0.207284 3.35111 93.4156 82.5325 56.8961
1.82451 -0.157413 3.35391 105.527 97.5091 60.3273
2.03623 -0.529656 3.54332 94 69.5 38.1667
2.07782 -0.297577 3.49347 94.5 69.5 47
2.07224 -0.172766 3.46349 88 71.5 45
2.03372 -0.118914 3.42579 97.2917 71.6667 53.5
2.05924 -0.149923 3.45336 91.6667 71.6667 51.3333
2.05693 -0.00946224 3.41937 90.5714 62.7857 28
2.07851 0.0499138 3.50895 117.5 87 60
2.07421 0.146413 3.46173 113.667 86.3333 62
2.06362 0.266454 3.45993 125.667 99.2424 71.7273
2.05919 0.286823 3.46017 122.889 94.3889 66.4444
1.98787 0.622014 3.37407 89.9048 68.5714 38
2.16716 -0.787836 3.46707 91.7037 67.4444 49.5
2.16002 -0.801335 3.56958 57.6768 35.8485 17.1919
2.16427 -0.737333 3.46514 81.2745 61.6961 33.6078
2.16461 -0.744382 3.57591 56.1429 34.6364 11.1039
2.15818 -0.621698 3.49787 84 61 39
2.17274 -0.63002 3.58694 74.7273 47.5455 33.8636
2.16333 -0.580777 3.49431 92.1468 67.1193 42.3349
2.16726 -0.57955 3.58325 75.9506 51.642 29.8025
2.16128 -0.506 3.49882 95.3223 66.5118 37.5735
2.15398 -0.506221 3.55907 74.5385 56.5641 27.3205
2.1683 -0.433744 3.50379 94.631 70.9037 43.984
2.16066 -0.432644 3.5575 81.1273 58.3182 26.2273
2.1657 -0.358299 3.50279 97.5471 71.9412 47.4765
2.1672 -0.358011 3.57005 83.2213 59.4754 37.4754
2.16593 -0.28009 3.50996 95.5198 71.3564 49.6782
2.15965 -0.286564 3.55658 85.1053 60.386 37.1754
2.16115 -0.205232 3.51286 96.8657 72.375 48.3056
2.16581 -0.224417 3.5525 92.4211 62.0175 36
2.16325 -0.138274 3.50882 98.9613 72.2873 54.1823
2.16332 -0.122999 3.55956 90.9103 63.8077 47.9615
2.17436 -0.0608612 3.51157 105.8 76.6357 56.7143
2.17429 -0.0583517 3.56563 95.8485 63.6212 45.4394
2.17059 0.0182038 3.51113 104.46 77.518 57.1367
2.17596 0.0131418 3.56035 96.7903 67.371 46.7258
2.18374 0.0918469 3.52751 103.752 80.3894 56.5752
2.17098 0.0952816 3.55463 94.4848 73.7273 45.0606
2.17416 0.166087 3.52149 107.211 79.7368 62.9789
2.17862 0.162147 3.54854 101.129 74.0571 55.9
2.16587 0.245931 3.51233 112.504 78.7603 59.4215
2.17407 0.235472 3.55625 104.951 73.2561 52.4268
2.16541 0.315601 3.52401 112.446 79.8133 53.3012
2.17085 0.392066 3.5137 110.696 86.4696 58.3913
2.16984 0.362153 3.54448 108 78.1667 47.8333
2.17609 0.467491 3.52638 113.136 85.4691 62.8889
2.19827 0.44887 3.54191 120.6 86.7333 74.9333
2.16989 0.541261 3.5126 113.569 88.7414 62.1034
2.18419 0.540605 3.54485 112.577 83.2885 65.3077
2.15806 0.61972 3.48949 120.219 92.4521 67.6438
2.15718 0.693188 3.49139 123.28 91.8 79.24
2.17463 0.732064 3.51072 123 98.6667 70.6667
3.04766 0.122012 5.82995 142.333 114.333 81
3.04603 0.13386 5.82987 141.4 114.8 82.4
3.05596 0.138917 5.83046 140 114 77
