-3.90999 0.811372 4.33676 50.8333 40.8333 16.1667
-2.76323 -0.247815 3.02437 40.9592 25.2449 2.81633
-2.76477 0.121462 3.01071 36.3333 34.8333 7.83333
-2.59177 -0.470675 3.03152 28 20.25 5
-2.61233 -0.463424 3.06021 29.5 19.3333 4.5
-2.59981 -0.4388 3.0593 26.75 16.6875 1.375
-2.61791 -0.321583 3.03314 29.1875 24.125 5.4375
-2.63782 -0.327405 3.07637 30.75 19.25 8.25
-2.73278 -0.247589 3.03701 38.9189 29.7838 5.56757
-2.66215 -0.250451 3.05908 34.3475 28.2057 4.61702
-2.62308 -0.185786 3.03879 30.1905 25.1905 5.47619
-2.62669 -0.172883 3.06584 25.9333 22.6 6.53333
-2.63027 0.0678017 3.03469 36.3793 28.6897 11.3103
-2.62905 0.0509674 3.04466 39 32 7
-2.70538 0.170877 3.04328 49 33.25 16.5
-2.69844 0.154797 3.04745 50.4242 35.4545 13.2424
-2.63185 0.255421 3.00439 48.6667 33.3333 12.5556
-2.59085 0.446409 3.02249 38.4167 32.6667 16.3333
-2.49845 -0.627903 3.04727 32.5556 17.7778 8.88889
-2.53495 -0.574465 3.03156 23.708 18.3363 0.761062
-2.50258 -0.579799 3.05 30.6118 18.8824 3.47059
-2.53764 -0.493193 3.0242 20.7177 19.0968 1.90323
-2.53446 -0.497388 3.08817 29.75 24.6071 7.41667
-2.51113 -0.419684 3.01844 28.2198 20.5302 4.93966
-2.52524 -0.427774 3.05878 38.5455 26.6364 11.8182
-2.52006 -0.343 3.01986 29.5787 21.7361 6.48148
-2.48966 -0.339625 3.04813 46.1429 28.9643 11.5357
-2.49839 -0.258012 3.00001 34.3018 24.5782 4.78182
-2.4749 -0.291652 3.04569 52.3333 42 17
-2.52274 -0.179116 3.02026 35.8429 26 5.61429
-2.50334 -0.195865 3.05186 44.9048 35.3333 12.4286
-2.50787 -0.102428 3.0067 37.9296 27.1457 10.9447
-2.50028 -0.0188257 3.00792 44.7095 32.5203 10.2365
-2.50036 0.0592743 3.00651 46.1497 36.0359 14.9581
-2.50482 0.137035 2.99902 48.0248 31.0785 19.5455
-2.50684 0.225813 3.00579 46.785 35.27 19.15
-2.50549 0.218575 3.05405 67.5909 47.6818 34.0455
-2.50342 0.297744 2.99588 52.2521 38.5756 10.4916
-2.47995 0.383492 2.9742 55.8889 41.3926 28.0407
-2.49129 0.459261 2.98207 58.2097 40.1873 30.382
-2.48867 0.542626 2.99123 64.6446 46.3554 26.6033
-2.48659 0.620334 2.98944 65.5857 49.5429 27.1429
-2.49159 0.702732 2.99403 68.4777 51.1053 34.8138
-2.48305 0.768517 2.96102 60.439 47.3333 27.8618
-2.47529 0.868463 2.97516 73.3194 57.9907 38.8426
-2.47586 0.935833 2.96379 67.9167 56.4107 35.0357
-2.48865 1.0204 2.95656 65.7034 47.2881 28.4746
-2.47447 1.09971 2.96413 74.1948 58.5325 48.4805
-2.46798 1.1612 2.95418 76.7647 56.6667 48.6863
-2.29686 -0.900924 3.10157 108.227 80.5333 58.0533
-2.25755 -0.789298 2.98666 81.6667 38 15.6667
-2.31237 -0.813585 3.10001 80.25 40 20.5
-2.2799 -0.739193 3.00486 74.9259 42.7407 15.5185
-2.30847 -0.737325 3.10645 97.3257 62.3388 42.9704
-2.31587 -0.659632 3.11103 99.3765 71.713 51.5031
-2.31896 -0.579071 3.10715 101.627 77.3452 49.611
-2.3115 -0.500235 3.10212 109.903 79.7063 58.0563
-2.31111 -0.418012 3.09882 114.435 84.028 60.6522
-2.30669 -0.338933 3.09521 120.177 88.9293 62.7588
-2.30425 -0.260106 3.09362 123.745 96.2282 68.9765
-2.30368 -0.178113 3.08413 127.407 98.5667 72.9067
-2.30561 -0.100711 3.08254 132.308 99.8357 75.979
-2.41453 -0.0274881 2.9805 70.2 53.7 24.6
-2.30612 -0.0209003 3.0773 133.698 101.776 81.4235
-2.30235 0.0615875 3.07318 137.618 106.629 83.8057
-2.30053 0.141743 3.06576 140.506 108.431 87.451
-2.34546 0.226714 3.0432 118.692 89 69
-2.29828 0.220377 3.06153 145.226 111.401 89.5837
-2.34463 0.291259 3.04378 121.857 89.5 75.3571
-2.29455 0.299405 3.05565 150.429 115.59 89.3407
-2.356 0.381128 3.02477 118.893 85.6071 62.9643
-2.28944 0.380749 3.05585 159.547 121.345 99.0717
-2.32306 0.425827 3.04437 131.5 99 71.5
-2.2926 0.461901 3.05337 160.95 123.986 99.8045
-2.31018 0.567767 3.03925 144 116.091 89.2727
-2.29281 0.537708 3.05004 166.348 123.733 100.271
-2.30697 0.620589 3.03611 148.812 118.278 89.8271
-2.27052 0.61903 3.05088 184.18 140.46 111.51
-2.31042 0.699612 3.03846 153.398 118.541 96.5816
-2.27701 0.705969 3.04844 183.618 139.802 114.061
-2.29133 0.786618 3.03719 170.011 131.967 113.5
-2.26494 0.761827 3.04743 193.767 145.2 124.433
-2.28831 0.86316 3.03294 172.882 135.267 109.113
-2.28514 0.940728 3.03029 176.497 134.759 109.564
-2.28208 1.02437 3.02689 178.108 139.446 113.446
-2.2848 1.10239 3.0237 173.583 139.367 111.361
-2.25733 1.21233 2.67032 93.8571 71.2857 58.8571
-2.27991 1.18478 3.01398 176.576 138.448 114.752
-2.26851 1.24359 2.86572 124.278 92.0741 72.8333
-2.27304 1.2334 2.98338 164.742 130.182 113.697
-2.24385 -0.897203 3.09675 105.045 79.7727 52.8636
-2.20387 -0.795456 2.98599 96.2 52.05 19.55
-2.18392 -0.791103 3.16185 109.5 77 48.5714
-2.16326 -0.795805 3.22906 84.8947 50.6842 20.6974
-2.17988 -0.80622 3.40531 45.5079 32.0159 10.4603
-2.16895 -0.830082 3.45583 34.2059 20.6176 5.5
-2.11429 -0.721518 2.49564 69.125 43.5 26.75
-2.17908 -0.722704 2.85729 69.2273 33.2273 1.27273
-2.2049 -0.768257 2.98326 95.6923 56.9327 22.1058
-2.20304 -0.739082 3.12302 134.078 97.7458 67.3119
-2.16706 -0.743997 3.23267 86.6 58.7667 36.719
-2.1714 -0.739813 3.37108 41.3011 26.9886 12.7443
-2.16911 -0.74457 3.46299 33.4875 21.1375 7.35
-2.19545 -0.660863 3.12915 137.11 101.895 75.9717
-2.16502 -0.659346 3.24868 71.6715 51.372 29.628
-2.16963 -0.664228 3.38088 40.2485 27.4024 10.2367
-2.16279 -0.653014 3.45353 32.2381 23.1429 3.55556
-2.10129 -0.58266 2.5472 29.1053 17.3158 1.52632
-2.1941 -0.580109 3.13134 139.168 105.113 75.4116
-2.1602 -0.582027 3.24165 73.4145 51.4352 26.3523
-2.17072 -0.577775 3.37725 40.4762 27.5774 9.39286
-2.1689 -0.581995 3.46602 34.1786 23.6429 6.61905
-2.15973 -0.478508 2.46327 29.9231 25.5897 3.10256
-2.19434 -0.50061 3.1264 139.426 108.625 77.804
-2.16274 -0.499937 3.2407 73.2888 52.5829 29.3904
-2.16442 -0.500015 3.37301 39.5596 30.772 7.56477
-2.16366 -0.500187 3.462 33.7024 25.5952 4.02381
-2.18998 -0.420728 3.12055 142.568 110.319 80.9972
-2.16109 -0.417342 3.24358 71.2165 51.634 28.9381
-2.16565 -0.42291 3.37744 42.9503 28.9282 8.90608
-2.1619 -0.419521 3.46118 35.0625 25.0156 13.6562
-2.19027 -0.339631 3.11868 147.76 114.235 86.4834
-2.15748 -0.341525 3.2422 75.6398 53.0332 31.4028
-2.16662 -0.340132 3.3802 47.1325 31.0482 12.4639
-2.15206 -0.337645 3.45425 44.7722 30.6962 11.443
-2.11932 -0.223448 2.24747 36.5 20.625 13.25
-2.11869 -0.223851 2.27208 33.5 19.9167 5.91667
-2.18322 -0.258564 3.11559 146.625 114.666 86.4293
-2.15423 -0.259832 3.23927 74.5632 55.3448 28.931
-2.16516 -0.257009 3.37742 51.8054 36.173 13.3568
-2.15032 -0.274007 3.45616 46.7903 35.2258 11.129
-2.11696 -0.175624 2.24883 33.2394 25.2113 5.89437
-2.11272 -0.186076 2.27149 35.6957 23.2935 2.22826
-2.18598 -0.178294 3.11508 148.164 116.381 89.1389
-2.15229 -0.181668 3.237 70.5314 54.2114 28.24
-2.16094 -0.180252 3.38277 44.3 31.4636 12.7864
-2.14163 -0.16116 3.43936 38.3478 30.5652 8.17391
-2.10945 -0.101008 2.24184 35.1543 22.0802 5.40741
-2.11077 -0.100745 2.2721 36.0769 21.141 7.79487
-2.18569 -0.0983984 3.11389 148.976 116.586 89.2246
-2.14991 -0.102166 3.2423 67.75 51.4783 29.8152
-2.16024 -0.0996635 3.37413 43.7325 34.1147 15.6369
-2.16151 -0.0971011 3.45059 43.1346 29.4615 9.69231
-2.09031 -0.0191195 1.92052 136.615 108.769 69.9231
-2.11056 -0.0186694 2.24229 34.3101 24.6582 3.14557
-2.10917 -0.0229063 2.26888 36.0141 22.8873 3.53521
-2.18349 -0.0207249 3.10644 150.262 117.432 87.3862
-2.14888 -0.0170142 3.24244 67.6888 49.0255 35.6327
-2.15796 -0.0196421 3.37989 45.8556 35.1 12.3222
-2.15303 -0.0194103 3.44934 41.6389 32.1667 12.8056
-2.10882 0.0606243 2.24179 37.5912 26.7348 4.8674
-2.10292 0.0583411 2.26473 34.6774 29.1452 9.66129
-2.18293 0.0604978 3.10188 151.765 119.109 87.9024
-2.14823 0.0603079 3.24342 65.3218 49.2228 31.1535
-2.15671 0.0630439 3.37687 48.2452 33.6 10.8581
-2.15467 0.0567903 3.44763 44.5 31.6957 15.3913
-2.105 0.142203 2.24221 40.6704 26.9609 12.8156
-2.10224 0.13526 2.26302 39.6667 27.4333 13.2
-2.18027 0.140728 3.10089 149.217 117.171 89.9153
-2.14107 0.140774 3.23264 67.1497 48.0539 32.2575
-2.15075 0.146007 3.37642 47.381 35.7714 17.4238
-2.1473 0.131312 3.43941 45.9 32.05 15.4
-2.10138 0.220492 2.23506 39.5991 29.9263 9.45161
-2.10004 0.219828 2.26034 39.7143 30.8571 6.42857
-2.18059 0.221215 3.09502 152.143 117.205 95.5771
-2.14412 0.220487 3.23729 69.8663 46.9356 33.0792
-2.14529 0.219312 3.37696 47.7251 35.455 18.2607
-2.09711 0.299892 2.23362 40.3317 31.5198 9.66337
-2.17629 0.301232 3.09572 146.822 114.525 88.3808
-2.14004 0.300485 3.24174 64.801 47.1361 26.6649
-2.14673 0.301215 3.37639 52.4231 36.0165 20.956
-2.09986 0.381564 2.23568 42.467 33.4434 15.8396
-2.17633 0.381136 3.09421 147.765 113.787 90.6177
-2.13994 0.381867 3.24098 64.4124 46.9266 28.4746
-2.1483 0.381897 3.37486 50.0656 39.0219 21.2623
-2.0971 0.459813 2.23097 47.4335 35.6798 10.7586
-2.17095 0.461407 3.0906 144.633 112.088 85.6164
-2.13634 0.460255 3.24004 63.6289 44.4969 30.5157
-2.14409 0.459854 3.36234 54.9412 37.7882 22.4294
-2.09306 0.531582 2.22753 51.8317 34.3069 12.5644
-2.17272 0.541819 3.08687 146.796 112.703 82.4014
-2.13237 0.541408 3.24512 63.3231 45.0564 24.9231
-2.13899 0.538844 3.36861 54.9632 38.7669 22.5276
-2.09126 0.62102 2.22579 49.9294 40.8353 18.7765
-2.1703 0.62109 3.08011 145.61 113.095 87.3942
-2.1307 0.620899 3.23354 63.6784 46.8844 31.1206
-2.13833 0.622453 3.36548 55.4808 40.1923 25.3782
-2.09079 0.685765 2.21763 56.6486 39.1351 11.1351
-2.16894 0.701491 3.07855 144.742 111.073 87.7282
-2.12947 0.700789 3.23699 65.1792 44.566 34.1415
-2.13303 0.697651 3.36371 58.2278 40.3861 25.9177
-2.08903 0.78312 2.23389 56.125 44.625 28.75
-2.22772 0.811125 3.04017 196.97 154.03 126
-2.16106 0.780804 3.07496 137.976 106.528 83.3648
-2.12917 0.785123 3.23784 65.012 47.2754 27.3293
-2.13404 0.777811 3.35701 57.2832 45.0636 25.2775
-2.09125 0.89575 2.20027 63 43.2 18.4
-2.21477 0.854225 3.04159 186.62 145.845 116.718
-2.15305 0.862703 3.07205 132.328 101.35 77.3497
-2.12826 0.861791 3.23809 64.538 48.7554 21.5163
-2.13378 0.863635 3.35734 57.7047 45.651 26.2349
-2.09044 0.914665 2.20132 60.6 43.6 20.8
-2.20938 0.945172 3.04082 182.568 141.131 113.546
-2.14344 0.941291 3.07947 122.241 90.6226 68.2123
-2.1259 0.943111 3.24062 66.6768 48.4747 25.8485
-2.12533 0.938267 3.35379 62.0621 46.0124 28.441
-2.19207 1.01932 3.03873 169.272 131.33 106.65
-2.13222 1.0243 3.08349 110.636 83.9208 64.956
-2.11607 1.02475 3.24021 68.5479 48.8767 34.8174
-2.12133 1.01932 3.35174 67.8376 47.641 32.8205
-2.18592 1.10392 3.03791 165.262 129.444 109.864
-2.11803 1.09957 3.09133 102.93 75.4669 56.0124
-2.12015 1.10051 3.23872 70.7612 51.4677 40.8706
-2.12559 1.10926 3.35209 67.5524 49.9619 45.3143
-2.19845 1.2173 2.7093 151.453 113.415 92.5472
-2.24661 1.21607 2.78535 111.5 82.5 51.8333
-2.1844 1.18236 3.03039 166.842 130.67 106.485
-2.10804 1.18503 3.09975 93.648 71.328 51.176
-2.11515 1.18093 3.22488 73.2606 56.0426 37.0372
-2.1249 1.18406 3.34604 71.3333 54.54 43.5
-2.17051 1.22747 2.74543 192.9 157.243 137.486
-2.14033 1.24454 2.86166 187.825 151.375 130.937
-2.15656 1.25279 2.98698 161.037 125.918 108.382
-2.10773 1.26256 3.10003 97.6211 73.0485 58.4405
-2.10938 1.2637 3.2383 83.2565 63.2723 52.9267
-2.11297 1.26036 3.33722 82.1148 65.9016 55.7951
-2.10002 1.31852 2.99638 125.712 98.1096 80.5753
-2.11083 1.33903 3.1137 95.8187 73.076 63.462
-2.1112 1.34136 3.23642 89.9434 68.033 59.184
-2.11248 1.34621 3.33729 91.36 68.8133 60.48
-2.12369 1.39735 3.17358 92.875 64.5 71.25
-2.11575 1.4107 3.24838 90.8222 69.8444 61.5704
-2.11641 1.42169 3.33923 92.2843 74.3137 61.2843
-2.10911 1.47095 3.35449 97.1538 76.3077 63.8462
-1.94759 -0.782442 2.90176 75.6667 33 12
-1.94236 -0.78972 2.93144 81 31.4737 5.31579
-2.05569 -0.719884 2.36464 98 75.4 59.6
-2.05399 -0.724017 2.42655 98.4138 72.5517 56.069
-1.95111 -0.753397 2.88021 76.1613 39.6344 16.8602
-1.93195 -0.759955 2.93095 64.2083 33.6667 6.35417
-2.08432 -0.582983 2.55052 30.5 18.25 8.5
-2.08488 -0.51742 3.39407 34.1667 24.3333 4
-1.93331 -0.318325 3.34356 33.4375 27.375 14.5
-2.03758 -0.308204 3.48114 58.8333 43.7037 18.3519
-2.04907 -0.292996 3.48324 58.5806 42.4194 18.9032
-1.94816 -0.00858343 1.84122 125.373 94.5492 59.285
-2.01095 -0.00410622 1.92001 140.596 106.139 68.2252
-1.95164 0.0597192 1.83668 116.048 77.1208 54.4551
-2.00404 0.0616153 1.92532 143.209 100.278 71.6093
-1.95207 0.122461 1.84771 99.3171 74.6341 49.7683
-2.00911 0.141022 1.92456 112.19 80.2106 52.5512
-2.0271 0.113977 3.37303 45 33.4545 8.90909
-1.95203 0.220383 1.83289 109.364 73.6364 35.3182
-2.00657 0.230339 1.92929 128.705 93.5387 58.6925
-2.07894 0.226338 2.22406 44.84 32.04 10.84
-1.97933 0.192631 3.2541 45.8333 32.8333 19.5
-1.94327 0.287507 1.8343 115.185 79.9692 50.9077
-2.002 0.303211 1.92603 143.062 106.004 74.7383
-1.98151 0.315015 2.08328 45.9231 30 9.61539
-2.07356 0.310624 2.2088 43.2381 32.8095 10.3333
-1.95129 0.403113 1.81863 103.333 68.5833 39
-2.0119 0.375477 1.92085 121.722 88.1023 55.0157
-2.08674 0.412013 2.24522 42.4 39 15.6
-1.98285 0.435075 1.82973 122.346 90.6154 54.2308
-1.98775 0.469132 1.90619 143.405 102.585 73.6885
-1.95418 0.488214 2.04789 50.3333 37.3333 15.6667
-2.08429 0.481358 2.23848 48.0741 38.8889 14.9259
-2.00451 0.542251 1.91876 144.117 106.386 72.4244
-2.0821 0.545883 2.21769 52.7698 35.7986 13.9496
-1.97844 0.636365 1.84336 138.356 86.7627 49.7119
-2.01276 0.613562 1.91563 140.059 100.525 67.0412
-2.08281 0.623262 2.22061 50.9181 41.6842 18.7368
-1.94919 0.709082 1.82509 123.91 82.41 45.98
-1.98927 0.715395 1.90386 145.705 107.38 76.0775
-2.07596 0.704547 2.21183 57.2321 41.5759 15.1384
-1.95144 0.762489 1.83346 126.938 83.7531 54.4938
-1.99309 0.789238 1.9008 146.672 109 81.1841
-1.92712 0.821831 2.01922 59 35.5 15
-2.07692 0.783379 2.20869 56.8821 43.4236 21.6463
-1.96834 0.848627 1.85547 132.643 91.5 64.7857
-1.99548 0.844647 1.89094 140.895 100.404 73.8248
-1.92717 0.832514 2.01926 62.9 42.9 25.6
-2.07379 0.862621 2.20829 61.6262 44.743 21.0374
-2.07471 0.935018 2.20999 49.0606 40.8 22.5879
-1.92839 0.938448 3.25459 76.3333 48.5 40.8333
-2.00011 0.941775 3.34441 69.3714 49.7714 31.4857
-2.06935 1.02028 2.2232 58.5556 50.1481 25.8519
-2.08752 1.10047 3.05368 97 70.6 46.4
-2.08379 1.23434 2.75949 220.579 179.526 159.105
-2.08696 1.24896 2.84674 185.938 149.062 132.125
-2.08777 1.29304 2.92406 151.5 114.25 98.25
-2.08783 1.36666 3.07899 97 69 83
-1.85833 -1.11193 2.52498 63.6667 44 23.6667
-1.77965 -0.951266 1.97778 34.3093 20.5361 1.1134
-1.77425 -0.959532 2.04356 49.9621 35.5687 14.2844
-1.77769 -0.862294 1.73307 49.6667 22 0.666667
-1.77107 -0.880824 1.82472 67.0732 29.9756 0.711382
-1.78024 -0.897688 1.93955 40.8929 21.682 2.12191
-1.77912 -0.905146 2.03726 51.6018 36.7112 18.3891
-1.7653 -0.813973 1.68422 69.1468 28.8278 5.97847
-1.76948 -0.821739 1.80195 67.8183 27.0529 2.51625
-1.7774 -0.820619 1.93605 47.2882 22.5684 1.29791
-1.77673 -0.820076 2.02568 56.1717 38.1953 14.3131
-1.75864 -0.787013 2.7685 117 65.3333 36
-1.90296 -0.785988 2.93977 86.5 43.375 1.3125
-1.76532 -0.738228 1.68151 80.9929 41.9403 14.761
-1.76623 -0.739629 1.79528 89.861 55.5559 26.1541
-1.77264 -0.740969 1.93003 62.2633 35.6734 11.1022
-1.77726 -0.754449 2.03537 80.1116 60.0194 36.9563
-1.81042 -0.730317 2.62322 71.75 45.8125 20.0625
-1.86903 -0.727721 2.74608 92.907 52.9535 27.814
-1.78628 -0.756834 2.8468 71.3333 41.1222 12.2889
-1.87492 -0.760761 2.93839 52.626 29.122 5.8374
-1.75686 -0.686954 1.60527 73.3333 36.3333 9.66667
-1.764 -0.683448 1.68079 72.5243 30.603 5.74157
-1.76706 -0.668172 1.79821 71.9359 31.3813 2.63906
-1.7699 -0.659831 1.92646 82.0608 48.0635 20.1077
-1.77436 -0.66789 2.00009 104.7 78.7 43.3
-1.90637 -0.700095 2.75767 118.5 88 52.5
-1.75831 -0.570905 1.69075 81.5082 30.4754 5.27869
-1.76339 -0.578825 1.80346 76.0407 27.4839 2.30221
-1.77165 -0.580464 1.94285 50.5394 28.3869 7.90452
-1.77243 -0.580386 1.99873 19.75 10.5 1
-1.76159 -0.476975 1.68255 81.2037 36.8333 7.67901
-1.7617 -0.496816 1.79484 87.3739 45.437 18.1155
-1.76622 -0.500925 1.93154 42.9321 20.0712 4.00828
-1.77072 -0.463885 3.28602 34 25 9
-1.75626 -0.455513 1.6054 83 36 4
-1.76261 -0.428147 1.70917 81.7941 33.1225 5.19118
-1.76298 -0.42176 1.79647 83.9477 35.0573 8.10624
-1.76647 -0.421788 1.92574 48.7076 27.294 6.92407
-1.77077 -0.455791 3.28605 33 23.25 4.75
-1.8189 -0.449626 3.34471 33.3684 23 4.31579
-1.76039 -0.34377 1.71169 88.046 44.7184 18.7356
-1.75972 -0.340445 1.79438 87.2426 42.9319 12.8809
-1.76809 -0.341905 1.93435 44.7178 25.6987 2.88484
-1.91724 -0.321948 3.34709 33.3333 25.3333 15.3333
-1.76044 -0.280389 1.71054 110.094 62.7075 28.2264
-1.76089 -0.256991 1.82557 84.8426 39.3706 6.20305
-1.76126 -0.262434 1.91861 47.846 26.1279 5.34726
-1.83277 -0.192173 1.6985 93.2135 45.6406 16.4306
-1.85681 -0.183772 1.80073 90.1651 44.7429 8.83804
-1.86333 -0.180478 1.91692 117.236 83.7753 48.712
-1.86851 -0.0972102 1.71707 105.95 67.797 41.0644
-1.87468 -0.099702 1.80036 95.8704 57.6503 30.3207
-1.88356 -0.0993279 1.92573 130.94 99.692 64.8071
-1.91463 -0.0616349 2.01206 34 26.75 21
-1.88199 -0.0505393 1.72368 98.5556 49.3333 24.8148
-1.89505 -0.0294643 1.821 102.92 60.9431 38.2827
-1.89187 -0.0216059 1.93106 126.837 98.7303 60.9303
-1.91524 -0.0509385 2.01261 31.125 26 14.875
-1.90689 0.0597312 1.85306 109.808 71.7307 43.7647
-1.8901 0.061503 1.93238 123.502 93.1111 65.9259
-1.88865 0.170481 1.73401 100.722 55.0833 7.36111
-1.90103 0.162583 1.81012 94.8771 57.5419 18.5475
-1.89304 0.143397 1.93317 125.9 96.9479 64.675
-1.89015 0.181457 1.7336 113.2 68.4 11.8
-1.91064 0.218794 1.81247 110.053 75.383 39.7128
-1.89289 0.218632 1.93943 114.228 91.2524 61.3582
-1.79804 0.202617 3.27273 47.5882 38.8824 15.8824
-1.90943 0.282184 1.81714 110.87 76.6949 48.6158
-1.88627 0.301184 1.93702 106.639 83.1338 56.5578
-1.86409 0.394466 1.71971 116.583 75.8833 50.0833
-1.88241 0.400898 1.8124 131.306 90.464 58.8739
-1.88112 0.383243 1.92287 111.36 88.8004 61.6685
-1.90812 0.424487 1.85688 150.05 111.25 76.9
-1.88545 0.462808 1.91657 115.877 92.0106 65.382
-1.87603 0.5423 1.92288 95.5351 79.3832 51.2018
-1.86294 0.626703 1.71803 131.974 88.7355 47.6065
-1.88472 0.634167 1.81246 160.822 117.408 81.9869
-1.87574 0.621895 1.90887 114.17 90.4188 66.6753
-1.8512 0.604008 3.26469 57.75 44.1875 27.0625
-1.9139 0.586235 3.33022 57.8 41 20.4
-1.879 0.693727 1.72358 120 84.6216 47.2162
-1.89103 0.699617 1.82085 166.643 128.331 98.9421
-1.88055 0.702049 1.91123 113.236 92.6063 69.3272
-1.87394 0.750063 1.71866 106.286 69.3214 40.6071
-1.89796 0.762334 1.82596 175.673 134.811 107.857
-1.87445 0.783602 1.90752 105.762 86.9622 67.5118
-1.90562 0.771207 1.99887 51.3333 42 20.3333
-1.852 0.838341 1.83288 144.521 116.821 100.479
-1.84797 0.847449 1.8932 87.003 71.7404 54.6873
-1.91779 0.938499 3.25693 77 49.6667 43.1667
-1.71583 -1.0373 2.221 61.8297 43.4176 25.6758
-1.69887 -1.05392 2.29333 30.2096 23.4251 6.61078
-1.7335 -0.973006 2.08662 69.2955 50.1222 25.7244
-1.718 -0.979037 2.19001 72.0616 53.0448 31.2073
-1.70739 -0.965232 2.29728 86.3806 60.209 39.6567
-1.71717 -0.945875 2.41057 99.1333 68.9333 65.6667
-1.73157 -0.958545 2.75705 94.2241 51.7414 18.4138
-1.72948 -0.966223 2.82967 51.7551 31.9898 7.71429
-1.68555 -1.00209 3.34426 26.9286 20.2857 0.5
-1.75345 -0.867409 1.77824 74 27.8333 0.0833333
-1.73316 -0.896758 2.0783 80.1071 59.5982 34.2567
-1.72351 -0.903726 2.19284 87.3456 63.356 41.3456
-1.70847 -0.902433 2.31031 91.1227 66.8448 43.0758
-1.69722 -0.895474 2.43129 95.4715 68.8699 49.1138
-1.68323 -0.896729 2.58141 102.777 63.1274 29.2357
-1.72597 -0.897397 2.73937 101.981 60.6215 24.7103
-1.72433 -0.896802 2.82626 53.9603 32.0861 7.00662
-1.75092 -0.785642 1.60152 64.375 26.25 4.125
-1.74996 -0.799442 1.65988 71 28.5714 5.65476
-1.75403 -0.818985 1.80344 68.8718 26.1795 2.38462
-1.72639 -0.816954 2.0673 82.6181 60.75 40.2257
-1.707 -0.816295 2.18841 90.3565 68.963 47.6022
-1.70043 -0.818753 2.3134 94.1132 71.4308 45.7862
-1.68621 -0.819781 2.45363 95.7296 68.515 46.6051
-1.68253 -0.82121 2.56892 115.602 72.5753 34.7452
-1.73249 -0.826167 2.74338 105.188 61.6753 30.2403
-1.73251 -0.816163 2.8258 57.6256 33.0246 9.2266
-1.69798 -0.810403 3.33928 26.6364 19.5909 9.54545
-1.75008 -0.758603 1.60205 98.6721 60.1475 28.0492
-1.75145 -0.742637 1.64675 91.5683 49.8546 22.5859
-1.75271 -0.738899 1.80076 86.473 49.7432 21.5541
-1.72343 -0.751979 2.06876 90.6813 69.2747 45.8874
-1.70796 -0.757856 2.20093 91.5667 70.4212 45.8273
-1.69636 -0.754758 2.33378 95.7711 70.759 50.5181
-1.69344 -0.757494 2.4626 95.7353 68.9412 49.9265
-1.67161 -0.751551 2.5646 122.339 74.7576 42.4727
-1.73506 -0.763208 2.72076 118.526 69.6842 34.2105
-1.74079 -0.765368 2.83248 56.0463 33.6667 12.5741
-1.74151 -0.647898 1.5984 91.4368 38.8621 3.56322
-1.74725 -0.647285 1.6621 76.1935 31.3084 4.15134
-1.75222 -0.637695 1.78541 72.7156 28.0367 1.3945
-1.75497 -0.668687 1.91156 80.1154 45.6154 20.6923
-1.73399 -0.580459 1.59117 87.1288 37.9394 8.86364
-1.74621 -0.581109 1.66547 82.2573 32.8799 5.81917
-1.75221 -0.584463 1.7968 74.4015 28.3309 3.31227
-1.75349 -0.592307 1.87263 75.5385 29.1154 1
-1.73658 -0.506185 1.59543 117.833 72.1739 39.9783
-1.74605 -0.503374 1.66353 90.6407 48.2775 18.6877
-1.7519 -0.500014 1.79285 106.6 70.6486 38.7457
-1.7521 -0.495155 1.90109 49.7011 20.5977 8.66667
-1.74436 -0.41477 1.60117 70.6842 29.1404 6.25439
-1.74785 -0.416188 1.65435 72.9767 29.3426 6.86667
-1.75272 -0.418537 1.79275 83.1934 34.8683 9.56379
-1.75385 -0.415651 1.93212 45.2969 28.0469 7.70312
-1.7435 -0.3346 1.59853 94.0667 52.0917 20.4
-1.74619 -0.341 1.66319 80.8758 35.0735 9.32193
-1.74934 -0.336995 1.80018 84.6751 40.1289 13.0599
-1.75377 -0.331054 1.91621 45.8413 25.8095 3.53968
-1.74296 -0.256108 1.59788 81.094 39.8889 11.0769
-1.74336 -0.256132 1.66135 86.7224 38.3242 8.94653
-1.74948 -0.263289 1.78901 98.6776 51.4615 19.0867
-1.75266 -0.251448 1.92659 43.9634 26.6098 4.49593
-1.73922 -0.21595 1.59136 99.3333 45.3333 16.1667
-1.74717 -0.215774 1.67518 103.576 50.3529 18.4941
-1.75189 -0.215839 1.81687 105.185 49.2222 8.33333
-1.75038 -0.211483 1.93009 46.8704 30.1852 3.35185
-1.59354 -0.0659351 3.29825 49.5 33 21.5
-1.59361 -0.0579415 3.29828 47 33 24
-1.69342 0.0461196 3.33157 49 35 17
-1.59493 0.162613 3.28478 51.5 38 22
-1.73896 0.21616 3.2292 50.9167 36.5 26.4167
-1.64141 0.645258 3.27537 67.6 52.4 36
-1.47495 -1.2097 3.19412 75 45.6667 18.8333
-1.42834 -1.18364 3.37121 26.5 12 0
-1.4329 -1.15574 3.39813 59.75 42.375 19.1875
-1.43627 -1.04426 3.27356 75.1277 55.6383 34.3404
-1.43802 -0.983986 3.27728 74.1806 58.7083 34.6389
-1.45704 -0.880278 2.07095 96.4204 61.1947 37.5398
-1.45449 -0.864875 2.17549 85.8333 39.4259 40.463
-1.50401 -0.869663 2.3628 109 78.4091 45.3864
-1.57392 -0.889871 2.42633 128 87 58.75
-1.44277 -0.90331 3.27528 75.172 58.9462 42.0538
-1.45532 -0.85019 2.08158 84.5577 40.5321 27.8846
-1.44726 -0.844848 2.17352 131.062 95.2808 74.774
-1.48638 -0.856238 2.32169 100.643 73.3571 47.25
-1.43927 -0.824711 3.26525 78.7051 60.7308 43.5641
-1.43552 -0.744191 3.26565 80.1207 63.6034 45
-1.50247 -0.721476 3.3265 73.6667 62.5 32
-1.43625 -0.653594 3.25894 81.3333 66.5882 46.451
-1.43832 -0.580935 3.26048 85.0303 66.9091 49.303
-1.43685 -0.495575 3.25 84.5 71.7931 53
-1.50398 -0.482596 3.32868 80 64 58
-1.43716 -0.421517 3.23924 84.3939 71.2424 51.5758
-1.5258 -0.395334 3.30901 68.8462 58.4615 30.2308
-1.44857 -0.33719 3.25401 83.1087 69.3478 51.2826
-1.50592 -0.340331 3.3254 81 67 56
-1.43747 -0.258115 3.24105 78.5088 55.5088 30.0351
-1.4505 -0.210568 3.28211 85.2 51.8667 13.9333
-1.52466 -0.178421 3.35304 56.8824 37.0882 20.0294
-1.55283 -0.0655005 3.30195 61.6667 42.5 24.6667
-1.52474 -0.0923825 3.32767 60.569 43.1379 22.1552
-1.45086 -0.0784884 3.75727 52.5952 46.6429 30.1905
-1.44362 -0.0779283 3.84884 60.1628 53.9302 40.0465
-1.47805 -0.0362539 3.29833 82.5429 61.7429 29.7143
-1.49074 -0.0122989 3.32658 85.0286 61.7143 28.4857
-1.45762 -0.0288495 3.79178 45.3409 47.4091 37.4091
-1.45544 -0.0191288 3.87882 48.6235 49.4 35.9529
-1.42813 0.074101 3.37102 82.6 65.2 34.8
-1.43155 0.0965994 3.69123 45.5 45 41.5
-1.4498 0.0654307 3.78986 46.4737 46.9474 36.3684
-1.44422 0.0615399 3.89782 50.0638 52.9043 37.3085
-1.58969 0.162644 3.28594 53 38.5 22
-1.42438 0.106544 3.63296 47.3333 45.3333 33.6667
-1.43499 0.118526 3.74548 45.5789 45.1579 36.1053
-1.43356 0.132234 3.90102 63.0233 57.814 36.907
-1.45273 0.208665 3.27391 105.5 78 45
-1.43109 0.218899 3.79378 41.4 45.3 34.9
-1.43933 0.228622 3.88582 44.4568 47.8765 33.3457
-1.42834 0.326799 3.46291 56.5 43.7 25.6
-1.44102 0.286375 3.77271 41.0714 42.8571 37.0714
-1.44044 0.28973 3.87542 38.7059 43.4412 38.3235
-1.43004 0.380201 3.46687 60.0833 49.4167 31.5833
-1.43727 0.405594 3.62135 65.6154 67.4615 49.9231
-1.44563 0.484933 3.81562 84.75 80 64.3
-1.43546 0.475714 3.86828 85.2885 79.9808 64
-1.43155 0.534026 3.64208 74.3659 68.7317 56.0732
-1.43602 0.538614 3.78083 80.8454 77.3505 62.7113
-1.4324 0.532579 3.86433 90 83.7 69.9
-1.4338 0.58467 3.62021 62.5714 53.1429 39
-1.43426 0.597321 3.76023 68.1667 59.3889 48.1667
-1.471 0.696873 3.26673 100.5 78.0833 60.2917
-1.5001 0.67686 3.33409 99.1667 77.6667 54.8333
-1.48185 0.803084 3.26363 103.75 81.25 58.25
-1.30348 -1.2032 2.68719 98.3333 69.6667 40
-1.32958 -1.20265 3.39562 35.9567 25.7403 7.08658
-1.3441 -1.15024 3.40411 62.2975 47.3703 25.1266
-1.34122 -1.04839 3.28069 74.5949 58.7138 40.6592
-1.34039 -1.08791 3.31683 72.8485 59.7273 38.3939
-1.33941 -0.980293 3.27821 78.0644 59.0644 43.62
-1.37397 -0.885232 2.09643 97.8539 63.4856 48.179
-1.33019 -0.878931 2.16343 70.6635 36.2019 18.4111
-1.37915 -0.896824 2.36978 51.1 31.45 0.1
-1.36802 -0.900697 2.46232 42.8857 30.0571 9.68571
-1.34271 -0.900748 3.27556 78.1425 60.4932 46.914
-1.39859 -0.855865 2.101 94.575 35.8375 20.6125
-1.36019 -0.843832 2.1895 97.7043 65.0304 43.9174
-1.34156 -0.820571 3.26759 78.9281 63.7425 46.8817
-1.34055 -0.741626 3.26665 79.474 66.2814 49.329
-1.34111 -0.661261 3.2609 82.2895 68.125 51.4035
-1.3419 -0.581564 3.25834 85.0987 70.2152 52.9036
-1.33958 -0.501072 3.25105 88.0866 72.8139 52.1732
-1.34338 -0.420524 3.24182 87.4126 75.0316 52.9137
-1.34142 -0.339819 3.23948 86.1153 72.8952 55.9706
-1.3392 -0.259838 3.22708 79.2279 56.0819 31.7522
-1.28706 -0.223752 3.33949 69 47.25 20
-1.38553 -0.220897 3.54051 59.6667 41.6667 21.3333
-1.34399 -0.223381 3.71258 39 35.8333 29.3333
-1.38536 -0.215004 3.23822 104.2 69.8667 27.2667
-1.2871 -0.218474 3.33951 41.5 18 10.75
-1.38252 -0.180486 3.54803 60.7589 44.375 26.8929
-1.35403 -0.147598 3.69331 70 55.9091 40.5455
-1.34457 -0.176804 3.71585 65.1791 53.8657 41.6567
-1.35714 -0.13533 3.68782 72.8 57.6 42.6
-1.37032 -0.111001 3.75769 79.48 66.04 50.02
-1.34348 -0.0742868 3.92278 62.2835 56.622 45.0945
-1.41827 0.0144837 3.3997 75.9167 65.5 33.4167
-1.34116 -0.0193335 3.92998 53.4898 56.8192 42.895
-1.40882 0.0529844 3.37988 76.5672 65.3284 35.6119
-1.34273 0.0594725 3.92818 69.1633 69.1429 49.5219
-1.40498 0.122769 3.32631 64.9444 49.0556 39.8333
-1.40282 0.159079 3.52742 52.2727 45.3273 31.7273
-1.40416 0.146576 3.61943 46.0303 43.5606 35.197
-1.41408 0.157155 3.74273 47.1875 44.9583 38.0833
-1.34389 0.140747 3.92168 70.5562 69.2781 47.014
-1.39056 0.220118 3.35803 78.1412 47.7647 34.2941
-1.4028 0.222393 3.51298 52.7442 45.0078 31.8372
-1.40019 0.219421 3.6192 42.2805 43.061 30.378
-1.41316 0.210155 3.73769 41.5641 44.0256 34.7436
-1.34216 0.218954 3.91819 66.0511 63.7926 44.5511
-1.4037 0.278945 3.41353 65.92 47.48 31.12
-1.40484 0.291064 3.47711 53.4328 45.0597 28.9403
-1.4063 0.282261 3.61088 42.7368 41.6316 31.8421
-1.42173 0.270672 3.70684 41.3333 42.6667 35.6667
-1.34168 0.295233 3.91495 42.4725 47.233 38.6278
-1.41211 0.395297 3.4726 60.4074 55 38.4444
-1.31921 0.413682 3.90304 58.2083 52.1458 39
-1.34094 0.464341 3.90224 81.3933 75.625 59.4085
-1.41695 0.548786 3.65262 72.1176 66.4706 53.8235
-1.41788 0.575132 3.80247 71.4167 64.75 55.4167
-1.34437 0.543876 3.88954 88.5767 79.2831 66.6085
-1.33203 0.629369 3.49493 119.993 105.627 88.44
-1.36306 0.590804 3.58779 72.8 61 49.4
-1.39118 0.605394 3.8083 73.0342 64.2137 50.5214
-1.31555 0.60701 3.83892 76.478 67.5786 55.9623
-1.33559 0.700275 3.49016 135.722 118.617 103.808
-1.32885 0.780379 3.48206 140.623 121.758 105.27
-1.32753 0.861855 3.48598 143.863 124.851 107.848
-1.32752 0.942521 3.48712 148.259 125.724 110.83
-1.33312 1.02038 3.47764 149.5 126.823 116.527
-1.32603 1.10203 3.47414 153.535 128.269 113.728
-1.32961 1.18055 3.47078 155.627 129.497 115.204
-1.32709 1.26133 3.47551 160.277 129.783 117.658
-1.3275 1.34433 3.47078 161.764 130.696 119.788
-1.34341 1.38868 3.46216 160.657 129.6 116.8
-1.31915 1.59053 3.84898 191.628 153.496 136.884
-1.18062 -1.26889 3.41117 75.3636 51.7273 21.5455
-1.16676 -1.20995 3.40034 41.5733 28.5733 14.1667
-1.1799 -1.15068 3.40972 63.035 49.5159 33.0764
-1.17928 -1.05014 3.29443 78.0188 62.0094 40.6771
-1.15598 -1.08936 3.32034 77.2286 59.8571 39.2
-1.1745 -0.980976 3.28944 79.8957 62.4261 44.7109
-1.17414 -0.899415 3.27721 80.8136 64.1645 47.2039
-1.17739 -0.821365 3.27313 80.4913 66.4632 49.0952
-1.17431 -0.74102 3.26901 81.656 68.735 51.1752
-1.17353 -0.660524 3.26483 84.28 71.0611 51.7558
-1.17659 -0.582089 3.26105 86.5792 74.039 53.2321
-1.17309 -0.50053 3.25192 88.2889 74.5225 56.5615
-1.17612 -0.420384 3.2504 87.6211 77.617 56.3996
-1.17365 -0.339671 3.24569 85.8811 76.6701 56.1352
-1.18253 -0.260649 3.23404 78.1512 57.886 35.5791
-1.1702 -0.22372 3.47922 47.5714 45.4286 38.2857
-1.16207 -0.233049 3.69756 63.5 60.375 40
-1.13502 -0.233104 3.73176 68.4359 60.8462 35.2821
-1.11995 -0.236979 3.90604 69.7887 57.4225 40.1972
-1.17928 -0.216177 3.22098 84.7857 60.5714 33.1429
-1.16932 -0.189868 3.48593 56.963 55.7222 40.7407
-1.15646 -0.1861 3.75124 77.9682 69.3439 53.1529
-1.12957 -0.180165 3.92087 89.3873 73.4162 57.2312
-1.16897 -0.121764 3.49318 77.9583 70.625 53.0417
-1.16721 -0.0963013 3.93778 82.5566 73.3616 54.5314
-1.17489 -0.0182166 3.93497 64.6391 64.6657 40.8994
-1.17431 0.0610715 3.92807 67.2141 70.3754 48.9472
-1.17419 0.139723 3.92458 69.0893 69.5625 49.7262
-1.17359 0.21921 3.9246 69.4825 68.2339 47.1404
-1.17675 0.299614 3.91871 52.0773 51.1768 35.6381
-1.17789 0.383808 3.91491 47.4826 44.8905 30.7662
-1.17664 0.461357 3.90887 70.898 67.3644 54.0671
-1.17529 0.543272 3.8917 87.4612 79.1729 64.4386
-1.17095 0.631473 3.49497 129.125 116.575 94.3375
-1.16062 0.616426 3.82017 81.1791 69.6567 58.2687
-1.17694 0.6053 3.84205 81.3195 70.4497 55.8106
-1.17452 0.701628 3.49255 140.557 125.377 107.522
-1.17356 0.781979 3.48666 145.095 126.704 111.391
-1.17535 0.862783 3.48563 148.678 127.998 115.24
-1.17228 0.94264 3.48415 152.588 130.69 115.541
-1.17602 1.0229 3.48317 157.485 132.619 118.009
-1.17635 1.10297 3.48155 161.192 135.14 121.935
-1.17632 1.18266 3.47629 165.011 137.111 123.673
-1.17579 1.2635 3.47222 168.447 139.789 127
-1.17264 1.34192 3.46984 174.348 140.603 129.385
-1.1698 1.3874 3.4664 175.098 142.137 132.255
-1.17175 1.58489 3.86251 200.005 158.616 139.742
-1.01818 -1.19887 3.40075 39.3448 28.3908 12.6034
-1.00745 -1.19665 3.44761 44.7419 33.7097 15.3871
-1.00949 -1.15 3.41521 64.5034 51.7872 33.8345
-1.0054 -1.17848 3.44796 58 44 30.5
-1.00993 -1.04861 3.29489 80.8121 63.3389 44.0436
-1.00866 -1.08412 3.318 79.1587 61.7937 43.381
-1.00949 -0.981826 3.28845 81.29 66.3411 48.8977
-1.00772 -0.901453 3.28665 83.2964 68.4447 48.9833
-1.00847 -0.821046 3.27964 84.7984 69.7617 50.5621
-1.00975 -0.741677 3.27505 85.2926 72.3116 52.2947
-1.0078 -0.660733 3.26893 87.4677 73.3488 58.2016
-1.00664 -0.580236 3.26574 87.4118 76.4746 56.1217
-1.01116 -0.501476 3.26033 88.5922 78.1885 58.918
-1.00897 -0.420102 3.254 88.4234 80.8931 60.754
-1.00899 -0.340723 3.25077 88.3041 78.751 61.4306
-1.01136 -0.259974 3.22717 82.8445 66.1639 37.2143
-1.08487 -0.237131 3.95136 81.7222 72.9444 47.6667
-1.08272 -0.182258 3.94893 96.2941 87.7255 65.4902
-1.04339 -0.0831283 3.93748 73.7094 63.0855 50.4444
-1.01334 -0.0182028 3.93337 62.6406 54.4377 36.1217
-1.00788 0.0616313 3.93185 73.9943 68.0341 46.9659
-1.00794 0.139668 3.92544 90.6158 85.661 62.4548
-1.00838 0.221141 3.9271 86.0291 79.5026 57.7487
-1.00864 0.29728 3.92035 76.2727 67.461 41.7175
-1.01177 0.473947 3.90776 75.187 68.3781 46.7683
-1.00412 0.575826 3.8259 84.129 73.0968 60.0645
-1.00752 0.541796 3.89115 89.6393 80.496 62.1353
-1.00738 0.628747 3.50838 132.522 121.337 100.285
-1.01937 0.603789 3.82258 84.382 73.2303 58.9663
-0.968018 0.608841 3.83867 84.2273 74.6364 59.5455
-1.0092 0.700421 3.50084 145.394 129.326 112.646
-1.01014 0.780645 3.49836 150.964 131.894 114.766
-1.00938 0.862064 3.49536 155.762 134.154 121.158
-1.01123 0.941851 3.48913 161.379 137.186 124.419
-1.00802 1.022 3.48601 165.586 140.302 127.021
-1.00828 1.10275 3.48706 171.572 143.966 130.292
-1.01027 1.18235 3.47815 177.115 146.912 134.249
-1.01032 1.26324 3.47995 184.038 150.215 137.502
-1.00647 1.34256 3.48246 191.138 153.396 140.69
-1.00774 1.38898 3.48444 194.743 156.2 140.343
-1.01097 1.58002 3.8697 209.69 170.079 153.603
-0.870078 -1.21006 3.3988 43.5169 28.9101 14.9663
-0.868561 -1.19842 3.44052 33 20.9474 3.13158
-0.879337 -1.14786 3.41686 59.7027 46.9865 24.5068
-0.834489 -1.16771 3.44285 29.8 21.1111 9.11111
-0.843152 -1.05107 3.29698 81.1787 64.8732 51.7176
-0.839285 -1.09053 3.31685 77.34 63.22 41.76
-0.843154 -0.980968 3.29186 83.1646 67.685 48.939
-0.807998 -0.949784 3.30778 85.3333 70 46.75
-0.844314 -0.900271 3.28799 86.5225 68.5739 51.9422
-0.811475 -0.93698 3.30729 86.5 68 50.5
-0.841294 -0.821225 3.2861 85.7362 71.773 50.8262
-0.842105 -0.741075 3.27985 85.3082 70.6469 50.9082
-0.842843 -0.660289 3.27314 87.8214 74.7837 56.875
-0.84155 -0.579721 3.27201 88.528 77.542 54.814
-0.842595 -0.499608 3.26501 85.1807 78.2613 58.5501
-0.844515 -0.419615 3.25776 90.9587 84.7859 62.3183
-0.842698 -0.339823 3.2518 88.7594 82.7097 63.3101
-0.843237 -0.260779 3.23485 87.7686 70.4275 44.2098
-0.803111 -0.234769 3.89799 129.854 105.634 67.1463
-0.781959 -0.233309 3.96937 135.045 109.909 69.3182
-0.801448 -0.212948 3.24549 66.4074 46.8889 34.2593
-0.812056 -0.175059 3.32983 118.442 95.2208 60.0779
-0.799191 -0.175097 3.90597 112.571 95.1905 64.4694
-0.7782 -0.203504 3.96831 121.548 97.0238 63.9286
-0.811762 -0.114444 3.33973 125.303 105.561 77.9091
-0.804571 -0.0959857 3.91228 98.5576 88.7465 51.6912
-0.820378 -0.0185478 3.91153 87.9861 79.2569 48.3299
-0.831754 0.0626216 3.91377 95.7083 85.6577 52.5655
-0.84201 0.140009 3.92988 100.037 95 60.094
-0.841369 0.220329 3.92391 97.0026 87.7593 57.0847
-0.842131 0.297781 3.91698 88.1863 77.9068 53.3571
-0.837161 0.411456 3.91117 77.1429 63.7143 47.7857
-0.853278 0.465792 3.91011 79.9715 64.4675 48.0569
-0.841231 0.544051 3.89091 76.8118 68.3247 54.3788
-0.841817 0.627511 3.50777 140.071 129.518 107.225
-0.843322 0.605554 3.83888 85.8673 77.3175 62.0663
-0.841533 0.700815 3.50444 151.378 136.112 117.308
-0.842126 0.781626 3.49939 156.634 140.364 122.827
-0.84258 0.861515 3.49473 163.331 142.351 124.859
-0.84141 0.940979 3.48881 170.388 144.924 128.603
-0.841835 1.02223 3.48685 175.559 149.383 134.265
-0.843989 1.10257 3.48792 182.618 153.205 138.457
-0.845033 1.18115 3.48835 191.097 157.403 143.626
-0.841392 1.26259 3.48883 200.128 163.145 147.925
-0.842092 1.34025 3.48213 209.206 168.879 155.89
-0.861484 1.38781 3.48998 209.75 170.538 156.731
-0.764869 1.45322 3.56965 245 204.5 173
-0.800193 1.49644 3.68061 244.111 200.444 172.111
-0.892654 1.5677 3.86094 230.4 186.55 168.55
-0.645792 -1.24955 3.33906 80 59.1111 26.7778
-0.755393 -1.11086 3.33145 56.7778 44.3333 18.1111
-0.692398 -1.05182 3.29611 83.7233 68.6101 47.5472
-0.613449 -1.05887 3.30991 86.2442 67.3488 39.3605
-0.679973 -0.982593 3.29612 86.6017 70.3082 49.3522
-0.615348 -0.951431 3.30699 88.6552 70.931 53.2414
-0.677821 -0.901164 3.29391 88.7445 72.6036 53.7706
-0.612456 -0.938775 3.3071 90 72.6667 51.5
-0.676365 -0.822011 3.28995 87.8146 75.5385 53.1006
-0.678903 -0.740623 3.28288 84.5851 72.6986 50.2681
-0.677876 -0.659808 3.27735 92.1872 79.7709 58.8745
-0.67774 -0.581111 3.27506 91.3539 80.2266 59.9463
-0.676795 -0.500655 3.26691 86.3091 78.0177 60.6024
-0.678475 -0.420114 3.26151 95.3825 87.0578 67.1511
-0.678419 -0.340033 3.25787 91.1418 83.8563 64.1705
-0.677654 -0.260569 3.24166 92.9106 72.1141 48.1692
-0.59822 -0.220696 3.95472 108 81.5 49.5
-0.756011 -0.22485 3.97439 137 109 71
-0.681201 -0.165958 3.94361 104.677 85.2615 55.1128
-0.720893 -0.197315 3.97189 115.971 91.4571 59.6
-0.676542 -0.0992487 3.94284 103.862 91.9505 63.0651
-0.676734 -0.0196548 3.94495 93.9368 83.3929 54.3626
-0.676675 0.0604319 3.94054 101.974 91.6556 60.2296
-0.676963 0.140494 3.9384 109.874 100.286 67.5549
-0.676567 0.220278 3.93235 104.245 94.5714 63.2117
-0.620148 0.328417 3.62145 84.44 66.48 46.08
-0.739195 0.330674 3.78647 81.3333 62.2222 35.7778
-0.679534 0.295631 3.92513 89.5316 79.1044 56.7152
-0.623329 0.380265 3.61389 93.7557 71.7481 52.4504
-0.742386 0.341494 3.78574 80.3333 61 34.3333
-0.648845 0.432949 3.62829 91.0435 71.6522 53.8261
-0.676247 0.572089 3.82666 81.8947 76.2105 65.4211
-0.682059 0.552576 3.86854 77.7406 73.1466 60.0301
-0.675206 0.626084 3.51807 146.665 134.148 114.734
-0.677287 0.594161 3.82647 85.4 79.24 66.34
-0.674764 0.601674 3.83395 87.5177 80.4043 65.0638
-0.67563 0.701545 3.50454 157.365 141.537 124.878
-0.676261 0.782186 3.50637 163.346 144.725 128.908
-0.674555 0.861356 3.50287 170.07 148.665 132.74
-0.678626 0.942658 3.49878 177.403 153.498 136.376
-0.677828 1.0231 3.49386 186.645 157.272 140.399
-0.676017 1.10392 3.49324 194.827 163.39 150.452
-0.675597 1.18327 3.48704 205.683 169.263 156.095
-0.678413 1.26378 3.49057 219.056 175.814 162.895
-0.674897 1.34196 3.48958 233.284 185.524 169.789
-0.692534 1.40793 3.51645 243.014 195.864 178.918
-0.715499 1.45247 3.57413 244.739 206.261 182.217
-0.616056 1.55948 3.87107 244.562 225.625 190.875
-0.513445 -1.18818 3.49356 31.7778 26.2778 9.61111
-0.521179 -1.16689 3.47188 41.4 35.1333 17.1333
-0.500988 -1.04986 3.30046 86.3322 67.4408 47.023
-0.536821 -1.06676 3.31136 87.6774 67.3979 43.828
-0.519045 -0.981424 3.30102 87.5982 71.0464 48.3466
-0.468768 -0.98689 3.30797 86.3973 69.9863 52.5753
-0.520835 -0.901836 3.30027 90.1381 72.4454 54.5657
-0.447981 -0.894108 3.31051 91.0133 70.7467 55.12
-0.508991 -0.819876 3.2938 89.271 75.1852 56.9922
-0.445115 -0.857067 3.30704 88 75 57
-0.513002 -0.740739 3.28874 88.6 74.219 54.9257
-0.511496 -0.658911 3.27617 92.594 79.5196 58.013
-0.511829 -0.579923 3.27847 92.3327 82.0221 62.2739
-0.510408 -0.50036 3.27212 89.3365 81.4154 61.9925
-0.511902 -0.420601 3.26565 94.8613 86.5693 66.7135
-0.512124 -0.340217 3.26137 91.4477 83.8412 66.0289
-0.513089 -0.262138 3.24481 94.214 74.042 45.816
-0.543261 -0.221467 3.32628 139.5 105.5 54.5
-0.473386 -0.227333 3.95832 125.083 100.667 53.1667
-0.440682 -0.231523 3.96704 132.235 103.882 56
-0.548504 -0.215041 3.28166 140.125 98.875 58
-0.553167 -0.196797 3.32952 122.225 92.725 51.8
-0.518383 -0.176994 3.91373 120.746 102.274 72.4929
-0.440055 -0.187149 3.96249 127.782 103.418 76.1636
-0.511279 -0.0999015 3.94472 106.098 101.029 70.2427
-0.50803 -0.0201243 3.94491 95.7285 84.53 59.1175
-0.509688 0.0614119 3.94221 100.033 90.9362 65.3342
-0.510051 0.140788 3.9397 100.569 90.2637 64.8599
-0.510556 0.21944 3.93066 95.4057 86.7494 62.3798
-0.587671 0.332249 3.63611 82.5 62.6667 47.3333
-0.513683 0.301256 3.92449 90.0682 78.7507 55.5249
-0.586989 0.372835 3.62629 85.1219 67.8781 48.561
-0.512092 0.371478 3.74018 84.7159 74.6705 58.3068
-0.487535 0.371223 3.91175 101.634 90.719 69.0327
-0.540289 0.442176 3.65835 87.6552 71 56.3793
-0.525205 0.449882 3.71995 90.6 76.2 63.5
-0.489262 0.465757 3.91664 111.324 102.856 84.0278
-0.502252 0.576661 3.8278 91.1667 87.3333 69.5
-0.507281 0.543095 3.88337 96.8135 90.6807 78.31
-0.511197 0.623741 3.52062 152.047 137.728 120.724
-0.529518 0.601101 3.79422 94.6061 83.4242 69.3333
-0.510888 0.600615 3.83863 91.5519 84.0195 69.7403
-0.509771 0.701631 3.51014 166.137 147.825 130.275
-0.508589 0.781452 3.5126 171.848 152.049 133.269
-0.512489 0.862181 3.5093 180.252 156.505 138.789
-0.512312 0.942265 3.50245 189.596 161.841 144.14
-0.510709 1.02188 3.49845 199.379 167.952 152.431
-0.512293 1.1047 3.49929 211.92 174.428 159.705
-0.508202 1.18326 3.49577 225.081 184.21 168.053
-0.511756 1.26238 3.49305 240.219 193.246 179.398
-0.509991 1.33968 3.49342 244.392 209.622 191.73
-0.51966 1.55566 3.88242 243.776 242.837 205.959
-0.30274 -1.30614 3.24882 119 84.0217 55.3261
-0.333204 -1.21793 3.38643 50.1589 35.3527 15.9574
-0.319916 -1.19763 3.44567 51 37.0278 19.5278
-0.340043 -1.14882 3.41848 75.4169 58.9122 38.7712
-0.321287 -1.17908 3.44626 69 50.8333 36.8333
-0.390712 -1.03913 3.30483 87.8772 68.8421 46.9649
-0.34095 -1.05911 3.31693 87.8956 68.8381 46.5744
-0.371292 -0.976447 3.30301 90.0731 71.032 54.1826
-0.326074 -0.985306 3.31058 89.5032 71.7692 50.2115
-0.371699 -0.897563 3.30223 91 72.6157 56.2724
-0.319548 -0.905825 3.30979 91.8172 72.1269 52.5485
-0.355802 -0.817409 3.30076 92.5158 75.7372 57.5182
-0.310648 -0.833391 3.30937 94.6937 74.5045 60.4865
-0.345919 -0.7404 3.2956 91.3129 78.9604 61.0693
-0.332685 -0.75997 3.30779 91.8824 78.1176 60.8824
-0.346073 -0.660631 3.28675 93.6661 80.7159 60.3561
-0.343182 -0.580085 3.28244 94.3842 84.5189 62.8797
-0.344078 -0.499648 3.27657 94.441 86.6661 65.8561
-0.34508 -0.420357 3.27134 96.0328 88.6478 67.5036
-0.345436 -0.340772 3.26602 92.2246 87.3913 67.0707
-0.345421 -0.261136 3.24645 102.439 79.928 53.0387
-0.312355 -0.223614 3.95515 140.429 110.333 77.9048
-0.371508 -0.231152 3.9742 137.167 105.75 66.9167
-0.34463 -0.184096 3.95277 136.388 116.776 90.4039
-0.345537 -0.16609 3.96345 140.735 122.88 95.4103
-0.353941 -0.0958065 3.95534 111.596 101.511 75.0441
-0.316186 -0.111083 3.96541 125.657 112.962 79.8476
-0.344786 -0.0190851 3.95094 97.6331 83.031 60.3618
-0.369667 -0.0485213 3.96084 91.4 78.2 61.4
-0.345707 0.0623591 3.94966 107.652 95.6547 66.8772
-0.345452 0.141042 3.94033 107.318 93.4904 67.989
-0.346835 0.220166 3.93692 102.098 94.3174 72.0655
-0.287749 0.322988 3.66052 96.7924 87.8491 60.6981
-0.277998 0.307581 3.79834 91 76 51.5833
-0.352926 0.291019 3.9315 92.8533 80.3367 56.2433
-0.303677 0.373869 3.64728 114.099 103.98 79.5842
-0.302042 0.434108 3.64591 120.421 109.737 94.2105
-0.307534 0.473624 3.77135 120.2 110.3 100.1
-0.333584 0.496862 3.91397 124.054 112.324 98.0811
-0.283902 0.578509 3.52658 115 99.1667 100
-0.346707 0.543189 3.89184 107.763 98.2212 84.851
-0.34515 0.625183 3.52114 160.526 144.549 125.535
-0.341428 0.602838 3.84781 100.941 90.5571 79.2922
-0.345387 0.700504 3.51451 171.919 152.532 132.11
-0.344853 0.781682 3.51461 179.756 156.885 141.672
-0.346494 0.860308 3.50569 189.989 162.607 143.904
-0.345595 0.941409 3.50625 199.865 169.331 154.451
-0.346122 1.02224 3.50165 213.447 176.035 162.902
-0.344029 1.10219 3.50503 227.424 185.897 168.979
-0.345345 1.18125 3.49889 240.426 198.135 184.483
-0.343918 1.2633 3.49803 244.521 215.377 199.383
-0.342902 1.33839 3.497 243.876 239.07 213.948
-0.324305 1.38601 3.50978 242.588 248.588 234
-0.268497 1.54843 3.90296 242 248 240
-0.194691 -1.30301 3.26146 117.52 84.0472 49.6772
-0.117823 -1.30239 3.33539 106 76.5 41
-0.203441 -1.23006 3.23993 97.4615 66.5128 37.2308
-0.169275 -1.22478 3.40223 52.2551 35.6316 19.5749
-0.182708 -1.2075 3.46 50.6602 34.1456 19.9515
-0.175747 -1.1486 3.41901 78.2163 59.4671 37.5392
-0.239757 -1.17739 3.44561 69.1818 52.3636 39.4545
-0.177604 -1.05821 3.32998 88.8563 69.1376 48.499
-0.260081 -0.945176 3.3057 88 77 45
-0.179491 -0.981526 3.32156 89.5153 73.3492 55.7996
-0.25057 -0.921168 3.30504 91.25 74 51.5833
-0.179709 -0.901607 3.3158 93.0095 75.0019 54.5712
-0.200637 -0.811473 3.30142 93.139 77.7729 58.4983
-0.155682 -0.830695 3.30982 94.8898 76.5906 59.2598
-0.179511 -0.740732 3.29847 96.0472 78.783 58.2774
-0.181692 -0.74508 3.30774 98.5 78.4091 57.4091
-0.179465 -0.661917 3.295 95.4203 81.4547 63.3261
-0.148878 -0.652857 3.30662 95.3333 80.6667 64.3333
-0.178628 -0.580678 3.28511 97.8114 83.6117 66.4762
-0.179648 -0.500725 3.28112 98.4893 86.7036 67.2143
-0.179732 -0.420213 3.27687 99.6547 89.1646 69.2379
-0.178373 -0.340523 3.27297 97.1183 86.4939 69.4678
-0.17932 -0.263465 3.24938 109.002 82.0411 56.4971
-0.237473 -0.229937 3.94812 149.13 114.478 87.8696
-0.15197 -0.239354 3.98464 150.533 114.86 77.5421
-0.216885 -0.21928 3.24882 171.833 129 84.1667
-0.234031 -0.198987 3.95033 151.448 127.731 101.299
-0.167433 -0.177583 3.96663 148.201 127.646 98.5516
-0.212081 -0.0978123 3.9573 134.065 116.691 94.9594
-0.16491 -0.100158 3.96395 132.138 112.749 88.0071
-0.178035 -0.0147562 3.9487 119.243 96.4548 64.9802
-0.189669 -0.0390589 3.96285 117.808 98.5769 61.8077
-0.180123 0.061267 3.94107 120.312 103.787 74.7455
-0.179843 0.139391 3.93993 113.266 97.6407 74.304
-0.18064 0.219599 3.93644 104.473 91.1798 66.1897
-0.254122 0.31671 3.67704 89.5714 86.2143 51.8571
-0.164716 0.323045 3.80415 98.6452 88.129 62.4516
-0.182183 0.293119 3.92451 89.1835 77.5321 54.4618
-0.118804 0.368321 3.79653 102.32 88.56 68.2
-0.167509 0.387544 3.92067 91.8447 82.6398 57.7391
-0.16159 0.465532 3.93127 113.248 102.238 85.9255
-0.173974 0.57938 3.52534 127 111.333 91.3333
-0.180658 0.54332 3.89497 114.831 103.938 89.5641
-0.178478 0.624487 3.52561 170.762 151.114 130.453
-0.179223 0.604779 3.85348 111.352 97.8762 87.0476
-0.179956 0.702669 3.52378 180.403 158.848 139.178
-0.178614 0.78239 3.51746 192.354 163.612 142.571
-0.179865 0.862667 3.51436 202.88 170.32 152.976
-0.17962 0.941224 3.50274 215.521 178.21 162.058
-0.176292 1.02277 3.50423 230.788 189.7 172.038
-0.178597 1.10446 3.50161 243.116 201.833 189.051
-0.179516 1.1835 3.49837 244.391 221.081 204.913
-0.178437 1.26287 3.49822 243.666 242.839 220.231
-0.180802 1.33847 3.50243 242.152 248.09 238.582
-0.202864 1.38598 3.51415 242 248 240
-0.255805 1.54053 3.88524 242 248 240
-0.0577816 -1.31622 3.28893 121.105 84.2807 50.8246
-0.0903073 -1.26818 3.37633 88.5 66.75 42.25
-0.0154433 -1.23223 3.40646 51.9647 35.1474 15.9263
0.0447415 -1.19913 3.43748 52.5 40 14
-0.0233894 -1.14448 3.41538 79.5167 61.1067 42.3933
0.0452722 -1.17074 3.44004 70.186 55.4419 36.3488
-0.0130957 -1.05791 3.33462 91.7213 70.4526 49.5534
-0.0496773 -0.95178 3.3056 91.8333 70.1667 61.3333
-0.0127548 -0.980448 3.325 91.8778 73.4167 52.013
-0.0129986 -0.901146 3.32038 94.6661 74.0643 51.9179
-0.00842738 -0.800733 3.3018 96.8824 78.2412 59.5647
-0.0168044 -0.830376 3.31411 95.8182 76.9893 54.754
-0.0121424 -0.740536 3.29781 96.5069 79.7123 61.2215
-0.0146684 -0.742666 3.31097 96.0091 80.0273 60.7636
-0.0123575 -0.658915 3.29542 98.1842 82.3083 63.1447
-0.0107235 -0.686352 3.31033 96.88 83.86 59.18
-0.014068 -0.58009 3.28918 99.786 84.5772 66.0772
-0.0140967 -0.500635 3.28594 101.232 87.5166 69.5445
-0.0141582 -0.419684 3.27795 102.273 89.129 71.0737
-0.0119103 -0.340333 3.27536 98.8498 88.0618 70.6413
-0.0135517 -0.266923 3.25313 103.243 77.5786 55.9644
-0.0181518 -0.229738 3.97537 135.276 103.23 75.8851
-0.0123091 -0.146489 3.95742 112.4 97.45 71.15
-0.0122093 -0.180513 3.97244 139.255 118.112 88.9479
-0.0186077 -0.0998702 3.95809 100.745 81.6909 60.5091
-0.0118404 -0.0986676 3.96491 101.929 83.6348 61.6631
-0.0192646 -0.020868 3.94812 103.806 85.0034 62.4626
0.010545 -0.0203736 3.96376 104.374 83.9192 64.5253
-0.0178357 0.0616185 3.9471 116.289 101.317 76.3972
0.0168238 0.0361486 3.96412 109.543 93.4565 67.8261
-0.0154858 0.139878 3.94986 126.082 108.565 86.5625
0.0444185 0.110222 3.96135 122.333 111 87
-0.0151351 0.219876 3.94416 116.793 98.4384 77.2857
-0.0194122 0.297099 3.93071 107.862 88.0189 70.2459
0.0514201 0.404029 3.73238 119.938 103.729 85.2708
-0.0248507 0.383393 3.90849 112.726 97.749 81.2091
0.0467569 0.439035 3.75803 130.132 110.658 91.7105
-0.028881 0.466126 3.92386 127.726 110.101 94.918
-0.0138646 0.542144 3.8977 120.394 106.09 92.9958
-0.0132917 0.623371 3.53011 178.78 154.977 133.096
-0.0122538 0.60054 3.85859 116.899 101.926 91.6543
-0.012586 0.702225 3.52437 189.891 162.185 144.27
-0.0138425 0.781763 3.51925 199.224 168.674 150.896
-0.0126761 0.860879 3.51752 210.837 175.126 156.309
-0.0124391 0.941445 3.51214 225.789 183.713 167.401
-0.0111786 1.02285 3.50742 241.687 197.166 178.143
-0.0117612 1.10223 3.5078 244.732 214.116 194.165
-0.0117489 1.18089 3.50632 244.118 238.957 214.988
-0.0172496 1.26242 3.5082 242.146 247.988 238.601
-0.0109321 1.33702 3.50407 242 248 240
-0.0723432 1.38371 3.52042 242 248 240
0.146345 -1.26776 3.3924 83.1875 59.4375 29.25
0.127412 -1.22806 3.39715 52.8364 35.8818 15.2364
0.128013 -1.19642 3.45629 53.5306 39.6939 15.8571
0.130198 -1.14033 3.40786 78.4255 57.9433 42.9007
0.135669 -1.16561 3.44342 65.6701 48.1134 32.5979
0.153095 -1.06046 3.32852 89.2282 67.1515 45.2353
0.153031 -0.982218 3.32542 90.7216 71.2784 47.6117
0.153782 -0.899669 3.31744 92.5899 72.5697 51.9092
0.0700672 -0.78746 3.30608 96 80 62.6667
0.152886 -0.820199 3.31618 93.9538 75.4352 56.087
0.137667 -0.727216 3.30183 96.1907 77.9961 59.3074
0.164492 -0.751673 3.31139 94.2804 74.7975 54.6168
0.156288 -0.659837 3.29986 101.481 80.3242 62.1229
0.137313 -0.663356 3.30868 99.3269 78.1538 60.75
0.15161 -0.579471 3.29548 100.424 82.378 64.6661
0.175002 -0.604763 3.30837 101.235 80.2647 62.9706
0.15235 -0.500722 3.28826 101.269 86.3289 67.7074
0.151916 -0.420184 3.28443 105.152 89.2081 71.6937
0.154622 -0.340398 3.28063 103.703 87.4547 72.5932
0.151814 -0.26768 3.25843 108.114 78.8409 52.8161
0.110756 -0.230899 3.97849 154.345 117.636 85.4182
0.16568 -0.158336 3.93357 115.902 96.0976 67.7805
0.132906 -0.176655 3.97296 130.652 105.365 78.291
0.162769 -0.0857006 3.94704 97.3458 77.5542 54.1708
0.138276 -0.120621 3.96749 91.4244 71.343 52.4942
0.147944 -0.0226767 3.93852 102.439 82.9947 60.3289
0.197815 0.00317758 3.9662 99.7368 79.7368 58.0263
0.159965 0.0622012 3.94715 101.915 85.541 64.6565
0.125417 0.0512697 3.96676 103.319 86.2637 64.9341
0.151826 0.139918 3.94928 113.964 94.4738 76.6429
0.151224 0.219977 3.94813 107.321 86.5595 71.2238
0.158698 0.29641 3.94035 106.262 82.453 62.4254
0.158257 0.28344 3.96107 95.5714 83.1429 53.7143
0.122231 0.392311 3.7726 108.685 90.0435 78.3587
0.168226 0.373565 3.9159 112.111 84.931 73.5402
0.09756 0.439506 3.75283 124.017 109.05 92.6667
0.174148 0.467743 3.93494 120.333 105.671 92.9732
0.225787 0.577452 3.53472 141.667 112.333 103.667
0.152759 0.541976 3.90164 124.25 108.112 93.0103
0.150497 0.622056 3.5297 183.05 156.136 137.4
0.150601 0.600931 3.86127 122.589 104.68 92.5127
0.152951 0.702116 3.52479 195.746 164.547 148.521
0.15113 0.781495 3.52228 205.946 170.738 154.004
0.153314 0.861144 3.52243 218.21 177.597 163.308
0.154597 0.941266 3.52028 231.963 188.012 172.672
0.152542 1.02108 3.51635 244.071 202.439 186.182
0.151527 1.1005 3.50944 244.454 224.216 202.197
0.154382 1.18225 3.50894 243.219 245.95 227.177
0.156697 1.26296 3.51141 242.004 248.011 239.939
0.148431 1.33235 3.50811 242 248 240
0.328943 -1.23923 3.23143 92.88 67.8 37.4
0.349122 -1.10853 3.34938 86.8108 59.1351 39.1081
0.317948 -1.05896 3.32411 88.4811 65.842 46.7702
0.317041 -0.981969 3.32074 90.8425 69.3545 48.3373
0.358698 -0.883328 3.30452 93.973 71.2432 55.5946
0.314837 -0.902879 3.31412 94.2814 72.69 49.4229
0.292949 -0.812783 3.30272 95.3951 73.8395 55.642
0.32469 -0.82371 3.3131 94.6952 73.2343 54.1771
0.305324 -0.736468 3.30265 96.0478 74.5284 56.1284
0.332392 -0.747862 3.31136 92.3015 72.4046 52.6527
0.343643 -0.637252 1.699 67.3889 45.5556 12.8889
0.376947 -0.644461 1.77197 61.9373 34.849 7.83191
0.304068 -0.659448 3.30091 104.663 83.4653 65.4079
0.380236 -0.667796 3.30811 104.098 82.8333 66.7451
0.295513 -0.566676 1.55009 59.2362 34.2362 9.62783
0.330477 -0.57499 1.6909 63.725 35.825 15.25
0.36457 -0.584742 1.77716 68.5799 39.7671 16.2922
0.318008 -0.579275 3.29515 101.17 81.2801 61.6897
0.341055 -0.598795 3.3084 103.972 79.9167 61.8889
0.283755 -0.503165 1.54226 67.1008 39.2222 15.4212
0.31547 -0.496954 1.67265 78.2973 52.4595 25.2162
0.351095 -0.49632 1.7834 83.8164 55.5856 29.7196
0.317449 -0.500284 3.29022 104.622 86.9191 69.1353
0.268924 -0.434872 1.50802 85.9447 56.566 29.017
0.289786 -0.4277 1.65897 126.832 79.563 46.6891
0.359724 -0.436952 1.80055 117.924 73.9533 40.5
0.317022 -0.419607 3.2861 110.626 90.0488 74.2309
0.318956 -0.340053 3.28252 106.921 87.4967 71.051
0.317766 -0.26979 3.27011 109.191 75.4703 51.7297
0.357433 -0.242233 3.78743 108.966 87.9551 63.1236
0.32212 -0.243536 3.9084 115.802 93.5309 61.7407
0.299691 -0.229926 3.97397 137.448 100.862 59.8966
0.394266 -0.214351 3.82475 122.167 94.5 64.5
0.382393 -0.20692 3.88544 130.143 101.095 57.381
0.316014 -0.176941 3.97742 116.257 89.1145 59.173
0.281565 -0.0715324 3.95729 93 69.6027 52.8356
0.32572 -0.10485 3.97169 94.3021 70.8798 46.8827
0.296895 -0.0205175 3.94639 99.4866 75.8774 58.0958
0.343576 -0.0187636 3.96716 103.68 78.3093 57.1031
0.308357 0.0624825 3.94584 107.117 87.975 66.85
0.387831 0.0580642 3.96823 110.511 86.7872 71.766
0.314292 0.13901 3.94976 109.223 88.643 72.0278
0.387525 0.163213 3.96257 100.28 74.8 58.52
0.312444 0.219208 3.94722 100.59 83.4304 67.9433
0.385182 0.227691 3.96238 102.344 80 65.2188
0.306252 0.317379 3.75803 103.924 82.6864 74.5
0.292511 0.290108 3.92766 97.3306 76.4776 65.5143
0.381887 0.279203 3.96432 106.093 84.4651 72.5814
0.336399 0.374232 3.77001 118.72 100.939 86.5227
0.277364 0.384591 3.87985 119.237 94.0576 79.6691
0.325505 0.434609 3.80473 122.5 103.107 90.4286
0.309797 0.468786 3.9331 125.683 107.828 95.093
0.357248 0.57718 3.53342 154.893 125.286 112.607
0.317338 0.542819 3.90189 125.31 106.804 94.8279
0.316822 0.621272 3.53552 186.715 156.521 139.775
0.318077 0.600352 3.8661 123.426 102.868 93.2947
0.318148 0.701127 3.53065 200.403 165.72 148.222
0.320797 0.781074 3.52887 211.114 171.689 155.854
0.31924 0.862092 3.5272 223.638 180.342 163.951
0.318286 0.941944 3.51765 238.729 191.918 176.886
0.318633 1.02231 3.51892 245.008 205.499 186.732
0.31982 1.10047 3.51409 244.587 228.665 207.316
0.316686 1.18164 3.51241 242.989 247.371 230.545
0.319308 1.26269 3.51143 242 248 240
0.317567 1.32721 3.51131 242 248 240
0.4342 -1.19972 3.5038 31.5455 20.6364 4.72727
0.483709 -1.10808 3.34613 84.7333 57.4667 26.1778
0.439537 -1.15901 3.46569 82.8333 58.8333 31.6667
0.484515 -1.05954 3.3277 84.601 59.9478 36.5303
0.482764 -0.980878 3.32365 85.6634 60.6585 36.482
0.473398 -0.901229 3.32116 111.422 78.0113 51.0734
0.501167 -0.781167 3.30561 96 72 51
0.47536 -0.819173 3.3154 109.535 79.02 54.42
0.467004 -0.731135 3.30089 91.7602 70.4525 52.2579
0.493826 -0.744844 3.313 94.6425 71.33 55.185
0.426643 -0.653856 1.83258 55.0139 33.9105 4.67793
0.472495 -0.651359 3.30186 103.106 80.9196 62.3473
0.494984 -0.66976 3.31063 103 82.3639 64.6424
0.428193 -0.581721 1.85224 76.8773 52.0583 28.0092
0.484526 -0.580198 3.29743 100.951 78.0165 59.0692
0.481411 -0.574682 3.3071 100.04 77.96 58.64
0.423055 -0.515677 1.86295 82.4133 58.3 36.4867
0.424595 -0.479187 1.87395 84.2316 59.8316 37.4105
0.479193 -0.498959 3.29528 105.435 85.024 67.5034
0.54272 -0.520554 3.30716 96 76.0541 58.4324
0.406365 -0.434086 1.86066 116.872 79.0513 39.359
0.432668 -0.435386 1.8858 102.428 73 43.3058
0.4832 -0.420825 3.29423 109.977 88.9887 69.6074
0.533994 -0.429168 3.30806 110.333 86.5556 72.1111
0.484673 -0.340416 3.28617 105.78 85.8956 67.3877
0.483121 -0.27047 3.26594 115.972 76.2056 54.145
0.430697 -0.236006 3.79337 105.864 82.3636 70.0455
0.474079 -0.230596 3.90241 101.931 80.4828 67.8966
0.505374 -0.227227 3.97521 102.25 79.875 65.125
0.414772 -0.209929 3.82511 119.529 90.0588 67.8824
0.456701 -0.202291 3.89629 118.242 91.3871 66.4355
0.475866 -0.173759 3.97868 114.676 88.24 66.388
0.452049 -0.100118 3.98682 113.008 88.3292 69.425
0.506914 0.00081932 3.93884 101.906 79.9532 63.3743
0.477888 -0.0302723 3.97411 111.165 87.2851 71.1488
0.485053 0.0649297 3.9248 102.291 80.6788 63.1648
0.47953 0.036409 3.96661 103.221 80.1471 62
0.490431 0.120821 3.93588 108.407 88.2575 69.2635
0.48017 0.155977 3.97797 110.17 87.1943 65.0891
0.467456 0.223012 3.95272 115.466 90.0878 67.9054
0.51928 0.213572 3.96452 112.384 85.08 58.808
0.489796 0.319337 3.67706 99.1515 81.0909 69.8182
0.4276 0.312837 3.81012 103 75.3333 62.5
0.477857 0.28767 3.9411 105.373 80.0092 67.6959
0.45603 0.275526 3.96635 108.979 85.5833 68.4167
0.490612 0.370458 3.68175 108.227 95.0227 81.1136
0.507195 0.408356 3.75777 115 96.6667 76.5
0.423091 0.389919 3.91431 149.1 125.622 108.033
0.479598 0.464754 3.94262 132.13 109.093 93.9841
0.519685 0.576192 3.5373 148.714 124.548 113.214
0.486311 0.542569 3.90515 126.161 104.29 94.5087
0.483463 0.621418 3.53555 187.107 153.152 136.093
0.487435 0.59646 3.86921 124.713 98.7063 90.6573
0.48306 0.701829 3.53724 199.547 162.043 146.649
0.485745 0.78146 3.53112 210.464 169.651 152.086
0.485098 0.861952 3.52895 221.849 178.767 160.623
0.484663 0.943171 3.52518 237.324 189.753 172.51
0.482218 1.02227 3.51764 244.907 202.091 188.584
0.486168 1.10307 3.51712 244.578 226.765 206.535
0.485164 1.18468 3.51692 242.932 247.352 231.215
0.482307 1.26273 3.50737 242 248 240
0.481513 1.32207 3.51409 242 248 240
0.574732 -1.1045 3.33094 73.6 44.4 19
0.672354 -1.0587 3.3311 75.9615 48.4038 22.3269
0.712756 -0.983888 3.32474 81.6386 53.4699 27.8313
0.698442 -0.916432 3.30602 86.2 54.2 29.6
0.700284 -0.90001 3.31095 85.7913 56.6 29.8609
0.696415 -0.841568 3.31578 89.449 62.6735 29.8367
0.624763 -0.707618 1.94562 58.1088 27.6321 1.22798
0.672738 -0.710669 3.30162 109.129 76.8064 64.2258
0.614359 -0.730531 3.32396 102.545 73.9783 56.361
0.641506 -0.629565 1.81311 72.3529 33.7647 2.05882
0.630427 -0.665305 1.93503 61.1969 29.5088 1.40838
0.643559 -0.659761 3.30286 102.101 78.3728 62.7278
0.655592 -0.660866 3.31519 102.893 78.3897 61.6845
0.62084 -0.556993 1.5688 78.3061 37.8776 5.14286
0.626558 -0.58039 1.67531 78.8728 35.7284 5.91379
0.623181 -0.583429 1.80117 78.7191 35.9195 3.27191
0.610594 -0.583586 1.9254 79.2557 38.8889 2.20811
0.646922 -0.579461 3.30131 99.8597 76.8883 59.5636
0.657634 -0.579867 3.30989 100.786 76.1641 57.8702
0.604936 -0.494048 1.43346 184.142 105.513 52.2032
0.619009 -0.49587 1.54321 174.087 103.372 43.6414
0.63777 -0.492596 1.6755 180.883 108.982 49.5181
0.628075 -0.488442 1.79825 189.028 117.763 58.73
0.625137 -0.489553 1.91736 185.33 117.866 60.9538
0.65189 -0.490206 2.02374 189.111 127.222 69.6667
0.644981 -0.497976 3.2989 106.234 81.0894 62.7943
0.676764 -0.513644 3.30843 104.621 78.5747 63.4483
0.652548 -0.420362 3.29526 109.322 86.7476 68.1798
0.625867 -0.429978 3.31007 107.654 87.2692 75.1538
0.650696 -0.340087 3.29063 104.692 82.0122 66.2866
0.649079 -0.275651 3.27347 108.437 66.1597 39.733
0.705664 -0.253446 3.75963 90.9032 66.6989 39.5484
0.636793 -0.228491 3.93154 82.9535 61.9767 45.6512
0.588593 -0.226459 3.96648 94.5556 74 60.7778
0.649814 -0.179638 3.89867 83.827 69.5064 49.9389
0.601708 -0.176037 3.97045 103.843 87.7429 60.4571
0.66692 -0.111633 3.82851 85 63.875 56.875
0.668696 -0.102907 3.87254 87.25 65.4262 53.3648
0.620486 -0.0932649 3.97695 103.659 88.4019 67.1495
0.673524 -0.02069 3.90679 98.1954 72.2241 55.7529
0.635678 -0.0217025 3.98093 109.815 88.3358 75.1328
0.655131 0.0605353 3.93842 81.9106 65.5587 51.7374
0.662914 0.0631562 3.97368 81.3745 66.2638 50.3617
0.631028 0.135176 3.9558 90.8169 74.4789 56.7465
0.656674 0.144411 3.96724 93.098 75.5735 57.8905
0.648852 0.23242 3.95655 95.9794 72.9227 53.8763
0.651297 0.211601 3.96625 118.153 85.8941 60.7255
0.653966 0.295006 3.94886 89.8158 68.2164 55.6345
0.651976 0.32154 3.97333 97.0882 74.2941 61.4706
0.679548 0.382443 3.94928 118.249 99.3122 83.2236
0.63149 0.370996 3.96982 90.8734 71.8608 60.1139
0.652917 0.462964 3.95029 116.854 95.2738 83.5731
0.719675 0.423849 3.9617 145 123 121
0.651776 0.57893 3.54513 162.12 143.2 119.68
0.651132 0.541265 3.90599 116.73 96.4688 86.8923
0.652449 0.622183 3.53777 187.395 152.387 134.831
0.646606 0.597655 3.87599 120.434 95.4465 82.0063
0.650504 0.702986 3.53426 200.321 159.974 146.618
0.65006 0.782113 3.5334 209.546 167.789 150.894
0.650602 0.8622 3.52927 220.35 177.059 160.635
0.650879 0.94312 3.52628 237.885 187.022 171.886
0.652131 1.02355 3.52693 245.046 201.458 187.038
0.650344 1.10163 3.51891 244.714 223.74 200.876
0.650061 1.18344 3.52172 243.4 246.644 225.59
0.650273 1.26224 3.51246 242 248 240
0.639497 1.31389 3.51053 242 248 240
0.87598 -1.10968 3.35339 74.3043 53.7391 21.7826
0.849819 -1.05791 3.3366 84.2546 58.3236 28.9257
0.840605 -0.981482 3.33661 85.8671 61.5788 35.6149
0.784606 -0.869699 3.30324 89.8333 63.8333 38.9583
0.845165 -0.901017 3.32457 87.815 64.3607 37.808
0.796335 -0.807084 3.30375 91.2632 64.8947 40.1579
0.841816 -0.824588 3.32388 92.1742 65.8934 40.0512
0.804761 -0.773883 3.30453 92.6154 65.5385 48
0.8535 -0.739638 3.32198 94.3613 68.3277 45.8291
0.792432 -0.644876 3.30259 97.9238 71.713 53.4395
0.834644 -0.664731 3.31287 98.5671 70.6071 53.4094
0.795673 -0.580505 3.30126 98.6319 75.6042 54.7083
0.830566 -0.580147 3.31223 99.1146 74.1875 53.7083
0.741595 -0.48536 1.72412 187.29 108.957 47.4348
0.759 -0.481848 1.81593 204.839 125.57 64.3979
0.779578 -0.483985 1.91396 198.827 122.077 63.2115
0.826195 -0.48811 2.00429 176.889 109 48.2222
0.821333 -0.498353 3.29951 101.803 77.7615 56.9771
0.804551 -0.506874 3.30976 100.479 76.5152 57.3515
0.808507 -0.419763 3.29914 103.849 80.5884 61.502
0.841196 -0.421262 3.30879 101.643 81.3791 67.7912
0.816092 -0.337993 3.29623 97.7837 74.6379 56.6426
0.824871 -0.363536 3.31007 104.591 79.5909 62.6136
0.815435 -0.274736 3.27372 103.755 63.0657 37.8662
0.77204 -0.255325 3.7434 139.533 93.5667 58.3667
0.750532 -0.234306 3.87327 66.8 43.8 26
0.766482 -0.228766 3.98045 65.0556 45.7222 23.6111
0.857305 -0.161358 3.82334 98.1667 69.6667 54
0.740906 -0.167125 3.9487 69.1111 47.0556 30.7222
0.776246 -0.180578 3.97911 66.3727 45.6364 28.0909
0.786001 -0.0638883 3.81843 71.5 46.5 43
0.750474 -0.0951512 3.94028 69.9524 47.7381 37.0476
0.771228 -0.0973319 3.98318 65.0482 45.7831 33.0602
0.787491 -0.0456594 3.80837 72.125 49.3125 47.3125
0.785068 -0.0351278 3.88854 71.8571 53.1429 45.5
0.796299 -0.0102411 3.97315 75.4046 57.6183 44.3282
0.769761 0.0666068 3.95705 78.0725 61.5507 46.7536
0.825503 0.0601716 3.96896 74.4834 61.2609 43.9437
0.854288 0.152007 3.95936 74.0625 57.6875 45.5625
0.815446 0.141624 3.96987 76.3432 60.3089 47.746
0.825442 0.233818 3.95719 90.9668 64.2938 47.7962
0.812459 0.210156 3.96673 94.5376 68.415 54.1225
0.801535 0.313437 3.72098 102 74.5581 57
0.819759 0.277952 3.95063 82.2914 57.3709 48.6093
0.795018 0.27832 3.96298 84.0769 61.3269 51.8462
0.800677 0.381993 3.7058 127.033 102.846 85.1868
0.73836 0.381735 3.96151 149.25 137.5 108.25
0.811554 0.433951 3.74698 128.444 104.111 85.6667
0.810444 0.479443 3.9495 116.65 92.3618 83.6667
0.83365 0.5761 3.54131 160.412 135.306 115.718
0.789591 0.573721 3.58184 122.5 98.3333 86.6667
0.819846 0.541747 3.9052 101.128 79.8182 76.7378
0.816053 0.62163 3.54453 184.264 148.872 130.231
0.817287 0.598404 3.88405 112.493 85.8732 80.5141
0.81864 0.702042 3.54102 194.207 155.239 141.548
0.816703 0.782217 3.53768 204.73 163.606 147.374
0.816854 0.861143 3.53586 216.672 171.415 156.075
0.818619 0.939974 3.52839 230.197 182.422 167.367
0.818375 1.02184 3.52601 241.741 194.421 181.102
0.815883 1.10343 3.52596 244.974 213.143 195.616
0.816297 1.18233 3.52143 244.057 241.083 213.892
0.815651 1.26137 3.51522 242.072 248.076 239.349
0.802382 1.30702 3.51714 242 248 240
0.941783 -1.10911 3.35862 78 50.0588 22.8235
0.948957 -1.05816 3.33887 84.4136 52.1168 20.0243
0.952489 -0.98261 3.34014 82.7877 55.6826 22.7192
0.949007 -0.903252 3.32768 88.9017 58.2039 26.2948
0.929848 -0.820766 3.32279 121.27 77.707 44.1719
0.999247 -0.724062 3.30325 98.7027 67.8649 39.027
0.974763 -0.738807 3.32025 93.9531 68.5938 43.6246
0.925878 -0.650921 3.30493 98.7407 69.7037 43.7778
0.986868 -0.66149 3.31669 94.9501 71.5888 48.232
0.971629 -0.573131 3.30555 99.2558 74.9767 48.7442
0.982373 -0.580369 3.31396 98.7253 73.3778 50.8225
0.976598 -0.491729 3.30274 102.304 77.5311 54.0733
0.988595 -0.504634 3.31111 100.764 77.4157 53.5416
0.985697 -0.417979 3.29891 105.644 78.5957 57.0216
0.942219 -0.444823 3.30884 102.875 79.9107 56.4821
0.979591 -0.340753 3.29182 96.429 72.2993 53.9186
1.05784 -0.304421 3.30898 85.8 50.2 38.8
0.980936 -0.273704 3.28208 107.163 67.7024 41.3488
1.02896 -0.243811 3.3315 184.244 128.533 90.0148
0.988623 -0.253819 3.92337 119.919 79.8226 49.4516
0.976065 -0.243245 4.00598 96.5714 66.1857 41.8143
1.04508 -0.209174 3.35743 243.537 192.768 140.915
1.05165 -0.203632 3.45834 244.103 207.793 147.069
1.00167 -0.212755 3.95531 86.1875 53.4375 42.625
0.994293 -0.17528 3.99385 102.855 74.3399 52.5116
0.934315 -0.0672417 3.95279 109.667 80 60.3333
1.00035 -0.101139 3.98702 103.218 76.8571 57.8207
0.933459 -0.0236632 3.95508 94.9677 73.8064 62.7742
1.00212 -0.0168998 3.97902 84.25 68.6938 57.7978
0.942237 0.0741472 3.95882 71.7742 59.5484 48.0968
0.985874 0.0587445 3.97173 66.8402 61.0944 50.1913
0.982916 0.162206 3.95862 68.85 55.35 48.2
0.982117 0.138434 3.97102 68.6162 55.3177 49.0832
0.977266 0.230337 3.95175 67.9846 50.4846 44.9538
0.986596 0.216771 3.96793 66.6413 54.3495 46.1489
1.06212 0.336061 3.72411 67 48 36
1.01558 0.295017 3.9533 64.6596 53.1489 43.7872
0.945391 0.270556 3.96814 61.9074 48.9259 42.8148
0.987319 0.387929 3.7868 66.7826 50.8696 45.2174
0.996851 0.364433 3.94626 60.1212 49.0909 36.1515
0.940499 0.423919 3.8233 68.75 53.25 43.75
0.986615 0.477704 3.9425 90.0538 69.0466 64.3656
0.988803 0.57509 3.5488 151.76 128.73 107.58
0.985411 0.542963 3.90121 101.212 80.2977 77.605
0.980745 0.62164 3.54499 176.137 143.102 124.018
0.980205 0.591788 3.87506 106.516 82.1099 75.2418
0.983972 0.70164 3.54504 184.994 149.455 132.26
0.986232 0.781846 3.54314 192.959 156.094 140.579
0.981135 0.86093 3.53364 205.463 163.559 147.938
0.984774 0.941685 3.53213 215.497 173.324 158.37
0.983243 1.0222 3.53097 230.282 184.871 166.784
0.984806 1.10275 3.52541 244 200.124 180.877
0.982282 1.18302 3.5238 244.78 227.04 202.42
0.976725 1.26037 3.52572 242.897 247.169 231.362
1.09667 -0.754259 3.30348 91.7429 66.8571 33.8
1.14828 -0.736072 3.32304 91.9422 66.7271 37.7913
1.14839 -0.659981 3.31969 93.5564 68.4382 45.168
1.12647 -0.56136 3.30318 96.8941 71.8471 44.2353
1.15014 -0.583233 3.31636 95.7976 71.484 46.8113
1.139 -0.499853 3.3 99.1797 74.6738 52.9199
1.16588 -0.498327 3.30962 98.5747 75.552 47.7738
1.14742 -0.419658 3.3006 101.243 78.1076 52.5826
1.15508 -0.420474 3.31113 101.17 78.0849 53.8019
1.14475 -0.341116 3.29437 96.821 71.1005 47.2433
1.15251 -0.330434 3.30905 90.8737 67.1895 49.9158
1.13457 -0.269915 3.28041 132.048 82.0865 48.668
1.12131 -0.238818 3.36177 217.161 151.644 105.746
1.21059 -0.228461 3.45047 218.571 156 110.143
1.1229 -0.22766 3.95142 210.25 157.5 104.75
1.13957 -0.224206 3.9634 208.2 153.2 96.6
1.08379 -0.21634 3.29581 240.417 169.333 123.583
1.12574 -0.201283 3.38957 190.603 137.286 105.46
1.12111 -0.165963 3.48711 138.776 93.4795 62.0183
1.13483 -0.188151 3.76774 186.316 134.895 103.421
1.12457 -0.210168 3.95954 139.6 105.6 68
1.13223 -0.172188 3.97765 143.86 101.668 76.644
1.12029 -0.101374 3.49516 137.294 93.7486 67.62
1.07794 -0.0967652 3.57842 182.125 135.375 108.5
1.11999 -0.0996356 3.98747 129.782 95.557 69.8797
1.12672 -0.0236196 3.49335 118.975 78.4947 55.3719
1.18399 0.0186127 3.62103 98.8333 62.9167 29.9167
1.13526 -0.016403 3.98238 127.741 94.9929 70.1306
1.17282 0.0406383 3.63879 102.803 62.5902 40.2951
1.19654 0.0624773 3.95156 106.108 60.8243 48.8243
1.128 0.0610978 3.98033 85.9398 50.9456 38.7765
1.20971 0.105958 3.95436 91.3333 47.8 34.5333
1.14641 0.141163 3.9754 69.4723 52.6509 49.3039
1.07505 0.248364 3.94876 57.6957 55.1304 46.8261
1.15308 0.220202 3.97165 65.6722 54.1816 48.6221
1.07408 0.336471 3.70626 65.8889 49 42.8889
1.08685 0.275091 3.95143 59.3667 51.7 44.7
1.16801 0.276725 3.97134 59.969 48.3256 47.2868
1.07384 0.367656 3.69383 65.9583 53.4583 37.4583
1.08043 0.363173 3.70708 66.8889 51.6667 40.037
1.1353 0.473452 3.9194 95.7082 77.5016 67.318
1.22514 0.452528 3.9631 97.9333 75.2 58.2667
1.153 0.574836 3.54902 142.566 115.204 98.2124
1.15615 0.564613 3.56798 114.5 97.5 67
1.14756 0.541711 3.91047 98.1092 76.081 68.7694
1.14883 0.621741 3.55069 161.918 130.275 113.902
1.14387 0.594801 3.89282 100.305 77.6107 71.1298
1.14826 0.700749 3.54543 168.702 137.02 119.022
1.1482 0.781607 3.53922 176.131 144.289 127.044
1.14878 0.861998 3.53822 187.048 150.659 132.547
1.15046 0.94265 3.53104 197.982 158.985 142.461
1.14544 1.02228 3.52393 209.587 169.718 153.212
1.14455 1.10425 3.52799 229.281 181.083 166.546
1.14657 1.18187 3.5252 242.317 197.177 178.733
1.14543 1.25271 3.52312 245.055 222.439 194.387
1.26931 -0.740001 3.30126 93.4167 65.25 27.5
1.31704 -0.736211 3.32975 85.3863 59.5854 31.7355
1.25937 -0.688983 3.29577 94.6207 65.069 35.3103
1.31665 -0.659329 3.32047 87.4431 61.4931 33.1889
1.32513 -0.559235 3.30504 91.25 66.55 44
1.31051 -0.58131 3.3169 90.4569 66.447 43.5799
1.31836 -0.495324 3.29943 97.1639 71.3525 42.6066
1.31025 -0.502563 3.3156 98.098 70.9451 48.9569
1.32509 -0.417005 3.29743 94.0191 68.7714 40.1867
1.29518 -0.427138 3.30974 97.3195 73.8872 45.3271
1.32305 -0.342157 3.29199 87.7373 64.0823 38.943
1.29573 -0.332969 3.31089 91.4083 67.2308 41.3373
1.3076 -0.277061 3.28029 102.393 57.6331 29.6982
1.30649 -0.268867 3.3493 130.147 81.4926 44.1691
1.35636 -0.241095 3.49646 122.404 80.5152 52.1212
1.29487 -0.231732 3.60919 181.316 129.368 95.0526
1.3887 -0.181968 3.50048 90.5068 59.0135 40.1959
1.32296 -0.179709 3.65849 145.504 106.656 76.8594
1.33131 -0.174746 3.70982 140.186 94.5932 63.2373
1.38517 -0.0977729 3.50003 98.3889 66.8395 46.5494
1.32342 -0.0997422 3.65574 140.83 101.635 71.9941
1.32811 -0.102905 3.70804 133.692 93.8077 58.5385
1.38781 -0.0229377 3.50361 104.731 74.4086 49.9839
1.31279 -0.0197617 3.64354 148.157 107.979 77.9083
1.32187 -0.0120308 3.72172 135.03 95.7197 66.3106
1.39133 0.0418628 3.5126 120 88.4828 61.1724
1.29578 0.0588856 3.64371 151.565 110.584 79.7608
1.30541 0.0623742 3.75323 135.035 96.75 62.4826
1.29677 0.0963029 3.94455 99 57.5 35
1.2585 0.0959058 3.97211 103.5 51.5 32
1.28164 0.137513 3.64208 103.005 74.7594 53.9519
1.28063 0.142463 3.77615 93.6403 64.5036 41
1.28557 0.146542 3.90293 96.2326 60.8488 42.0581
1.26477 0.142483 3.97966 93.8824 58.2353 41.6898
1.28367 0.181703 3.62437 105.5 80.25 57
1.29577 0.189968 3.75115 97.5882 69.0294 45.5588
1.30433 0.204013 3.92538 90.0909 60.2208 30.8182
1.30205 0.230653 3.97439 78.6895 55.7778 40.9601
1.37015 0.316563 3.80224 133.872 99.8255 59.7114
1.33526 0.310746 3.89417 99.3476 75.3476 52.0427
1.31371 0.278237 3.97211 66.7158 52.1895 37.1684
1.359 0.36241 3.78113 136.171 101.664 67.5214
1.33876 0.383459 3.91191 115.747 88.3362 62.3537
1.33136 0.395599 3.97126 107.793 85.2241 68.1034
1.32092 0.459135 3.95118 96.0239 75.9323 60.8685
1.32007 0.471309 3.96401 94.3691 72.7854 58.3648
1.32402 0.572223 3.55707 109.887 85.7391 67.1478
1.30849 0.570179 3.56978 110.045 83.7727 63.5
1.3166 0.544686 3.91542 89.1663 68.9522 52.9106
1.31121 0.515532 3.96399 91.1932 69.5114 60.0682
1.31827 0.622213 3.55346 119.792 93.5262 73.22
1.27871 0.591506 3.56998 133.091 102.045 80.6818
1.32719 0.597091 3.92975 84.4759 64.6207 53.4414
1.31307 0.702691 3.5448 127.647 98.3988 82.4292
1.37702 0.675382 3.57214 109.778 83.2778 63.3889
1.31393 0.780574 3.53795 133.689 103.599 89.9779
1.31446 0.861008 3.54185 142.363 110.151 94.2009
1.31524 0.940883 3.53701 150.131 116.313 99.3458
1.31485 1.01986 3.5327 159.199 124.456 107.593
1.31283 1.10386 3.53967 173.55 135.079 122.626
1.31708 1.18254 3.52838 189.648 146.712 131.222
1.30939 1.24528 3.51713 217.392 163.005 145.427
1.41309 -0.756129 3.2933 56.6389 30.6111 10.2222
1.41117 -0.72787 3.31653 58.1827 36.4904 17.0288
1.41392 -0.659879 3.32113 60.8917 35.3312 10.1975
1.41164 -0.582388 3.32431 76.5594 49.9161 24.2937
1.40466 -0.472946 3.29109 103.609 68.2609 28.8261
1.41046 -0.51313 3.31841 102.172 66.1379 39.6782
1.40308 -0.419626 3.29835 76.0889 51.5556 32.3111
1.41025 -0.418829 3.31127 69.2692 46.7692 35.0769
1.40348 -0.354903 3.29611 71.4091 48.5455 14.0455
1.41368 -0.30611 3.3162 71.75 51.75 2.25
1.39934 -0.279689 3.28826 78.0769 50.0769 20.9231
1.41361 -0.297339 3.31623 73 53 15
1.40671 -0.240482 3.4881 89.375 57.1607 45.1071
1.4234 -0.186311 3.43545 81.25 57.75 37.5
1.42175 -0.172624 3.4751 93.313 66.0826 46.0609
1.40617 -0.183524 3.67442 119.174 83.3478 53
1.41202 -0.171603 3.70051 118.545 86.4545 57.6364
1.43376 -0.0794283 3.43208 120.667 91 61.881
1.42302 -0.102808 3.47422 104.143 77.1521 53.1336
1.40446 -0.100805 3.6716 117.3 83.5 61.1
1.40843 -0.0727634 3.709 128.231 93.6923 60.1538
1.42912 -0.0222821 3.41435 100.063 75.6984 54.2381
1.41524 -0.0179341 3.46102 94.7049 72.071 48.224
1.40744 -0.0252013 3.6412 113.182 81.5455 52.2727
1.4149 -0.0399911 3.70974 134.364 89.4242 55.6667
1.41885 0.0527758 3.48483 109.328 78.4848 58.5404
1.41565 0.0854674 3.65316 149.917 111.167 71.9167
1.40853 0.0777589 3.78384 176.027 132.147 97.2933
1.43654 0.155377 3.42226 94.85 73.45 61.75
1.42774 0.138738 3.50276 110.641 81.904 64.1364
1.42232 0.123586 3.6216 136.294 99.4118 67.2745
1.42757 0.139296 3.77021 149.799 116.648 78.0943
1.41906 0.159538 3.86091 138.938 110.954 72.1538
1.41449 0.255192 3.42237 105.857 77.5714 72.2857
1.42238 0.222496 3.51426 114.473 83.3407 68.6264
1.41086 0.254211 3.67987 148.875 109.875 67.125
1.43004 0.220827 3.77884 153.411 116.329 73.6712
1.43035 0.219141 3.88865 146.49 111.207 72.2
1.42017 0.238405 3.96941 119.122 85.6757 56.8243
1.4151 0.288505 3.41868 123.5 99.5455 88.8636
1.42246 0.319813 3.51012 125.03 93.9701 80.8507
1.42186 0.312686 3.64324 138.907 103.454 69.3519
1.4186 0.309106 3.75191 152.716 116.774 66.2842
1.4331 0.268869 3.88476 151.074 116.556 75.1111
1.4136 0.27052 3.97495 108.8 80.7 58.6333
1.42883 0.381888 3.47141 122.148 94.7778 87.1852
1.41909 0.372112 3.65105 138.844 104.312 74.875
1.41652 0.363858 3.74927 159.987 117.846 83.6795
1.40254 0.410457 3.85726 147.333 112 72.6667
1.41759 0.426909 3.54707 121.222 96.7778 78.1111
1.41577 0.459265 3.62228 130.075 95.6493 70.0448
1.43003 0.450256 3.75257 153.792 113.319 79.5417
1.42628 0.466178 3.91569 142.212 108.956 71.0796
1.40138 0.475162 3.96125 108.4 81.2 59
1.40419 0.57 3.54922 95.1875 72.4375 58.5
1.41323 0.511988 3.62347 121.188 87.1875 58.4375
1.42277 0.527218 3.77525 139 104.468 76.0426
1.41866 0.535204 3.89021 129.34 98.33 63.9901
1.40968 0.624024 3.55245 98.1548 76.2976 64.5833
1.40963 0.591018 3.9189 78.6087 60.1304 46.2609
1.40517 0.699733 3.54511 107.578 80.1111 65.6444
1.40714 0.790053 3.53941 111.553 88.7872 73.7021
1.40781 0.868075 3.54507 118.233 95.6556 87.5889
1.4049 0.938592 3.53746 123.397 97.1176 92.7059
1.43374 0.947556 3.57951 120 96 88
1.40658 1.02097 3.54272 131.115 104.135 102.231
1.42281 1.04619 3.57963 128.591 103.773 110.091
1.40844 1.09507 3.54108 139.735 108.327 104.469
1.40523 1.18695 3.53814 152.8 121.45 110.95
1.40854 1.24557 3.53604 162.236 127.382 119.818
1.61862 1.0473 3.90682 125.5 91.6667 81.6667
1.76278 0.895445 4.24333 104.714 81.1429 60
1.75577 0.903279 4.24127 100.5 78.5 56
2.71879 1.85767 6.57505 120.667 100.667 84.6667
2.72464 1.86365 6.57637 122 102 86
