-2.49607 -0.573169 3.1526 16.32 15.0533 3.26667
-2.50159 -0.599428 3.1803 9.25 7 1.5
-2.49795 -0.510891 3.13724 17.6466 15.6024 4.09237
-2.47906 -0.435263 3.11969 15.417 17.0579 3.71042
-2.48167 -0.373717 3.11622 17.038 18.8641 2.58696
-2.48295 -0.275784 3.10592 22.3408 17.1676 4.19553
-2.4908 -0.213262 3.11472 26.303 17.146 11.9725
-2.48213 -0.138738 3.11017 24.365 19.654 3.88973
-2.48683 -0.0590253 3.10465 29.1034 21.0766 7.19923
-2.49072 0.0137651 3.1028 28.7967 22.8951 9.14754
-2.48881 0.0840592 3.09715 28.2941 23.5588 7.61765
-2.46813 0.159558 3.09172 30.2389 22.8543 3.40081
-2.47765 0.236839 3.08843 31.3158 24.2763 7.39912
-2.46637 0.309612 3.08018 33.0978 26.2663 7.09783
-2.46075 0.389196 3.07641 31.1061 26.7095 11.6592
-2.46354 0.453442 3.0771 34.7673 27.4901 5.4901
-2.466 0.534047 3.07544 33.1634 28.1307 12.8824
-2.47119 0.600926 3.08555 37.5417 28.4167 10.0083
-2.45656 0.681739 3.06644 33.1645 31.5132 12.0329
-2.46055 0.758865 3.06589 40.7857 32.2959 13.0306
-2.46276 0.825338 3.05247 42.9091 33.5455 10.8442
-2.45059 0.931429 3.05639 43.6 34.1111 20.3778
-2.45001 0.981898 3.04186 45.0385 33.1538 21.0769
-2.44887 1.0527 3.05496 43.9375 38.125 21.625
-2.44283 1.14894 3.10118 51.6667 32.6667 14
-2.25506 -0.895529 3.18918 110 87.5 43.5
-2.27358 -0.744198 3.14129 53.6923 28.6923 10.8462
-2.29518 -0.72373 3.19855 70.2806 42.5357 23.0153
-2.30439 -0.663473 3.19574 78.6162 52.5035 27.3662
-2.32547 -0.572291 3.17861 71.9677 54.8387 34.8387
-2.28977 -0.589605 3.18655 78.3266 55.9919 31.3266
-2.32875 -0.545815 3.17858 72.5 53.5 38.5
-2.29611 -0.511194 3.18698 82.6889 58.5704 36.5074
-2.31486 -0.419784 3.17486 81.7778 59.7407 33.7407
-2.29652 -0.442371 3.18729 86.6195 60.7832 39.3894
-2.29807 -0.362427 3.17686 86.633 62.5691 40.8936
-2.26039 -0.355985 3.18024 93.0476 65.8333 48.619
-2.3069 -0.285831 3.16774 85.9787 63.4298 43.7532
-2.26267 -0.305779 3.18106 97.3704 65.5556 49.4815
-2.29365 -0.214934 3.16884 93.8811 69.7459 47.5533
-2.3019 -0.141649 3.16436 91.2651 66.7871 45.1968
-2.29043 -0.0645223 3.15941 98.81 72.7919 52.2127
-2.2901 0.0120136 3.16075 104.105 75.7595 51.346
-2.31293 0.084529 3.14209 89.1016 67.7724 49.0447
-2.31632 0.160704 3.13874 92.8164 69.0781 45.4336
-2.32896 0.235639 3.13365 86.2217 63.413 41.9783
-2.31727 0.30942 3.13139 92.7237 69.5263 50.4035
-2.33056 0.381436 3.12604 86.7302 64.5556 46.4484
-2.33643 0.459137 3.11547 83.5701 64.0226 34.8416
-2.3093 0.538464 3.11051 91.2073 72.3354 51.2012
-2.33337 0.601433 3.093 81.8297 62.9506 40.1154
-2.31036 0.680846 3.11633 96.7239 77.6074 48.1963
-2.32448 0.759254 3.10682 91.1275 70.1678 43.8993
-2.32941 0.834985 3.08366 88.3709 66.3642 49.6291
-2.30772 0.905324 3.09093 98.1111 75.5 51.3056
-2.26236 0.971283 3.10877 114.121 94.0606 69.2424
-2.30392 1.06481 3.0959 99.1077 80.6154 65.5846
-2.37021 1.14773 2.95304 41.3667 36.3667 15.6333
-2.28774 1.119 3.09774 107.596 85.8085 70.6383
-2.37497 1.17135 2.96567 33.3333 31.6667 21
-2.29867 1.19794 3.084 95.913 79.7391 59.9565
-2.25725 1.256 3.05888 103.667 82.5556 65.6667
-2.16973 -0.881314 3.12227 109.875 89.9375 54.75
-2.24025 -0.889412 3.18903 112.231 89.8462 44.3077
-2.1825 -0.777893 3.08957 89.5 47 2
-2.13823 -0.77779 3.29481 74.2 53.6 36.1
-2.1586 -0.799268 3.49191 49.3548 33.2581 6.25806
-2.15131 -0.824245 3.52348 38.3103 19.8276 3.24138
-2.19443 -0.752725 3.1021 81.3533 44.4733 13.36
-2.17193 -0.727255 3.24 106.972 77.0206 52.2057
-2.15074 -0.734787 3.40642 57.6182 39.6182 8.89091
-2.15859 -0.72195 3.52913 32.6058 22.3846 2.07692
-2.17112 -0.660943 3.22738 118.256 88.6631 58.8054
-2.14593 -0.660364 3.41615 49.4018 32.0046 8.12329
-2.15078 -0.662908 3.52973 35.1778 20.2222 4.11111
-2.08788 -0.564036 2.64228 16.25 15.4167 3.30556
-2.17291 -0.587597 3.22687 119.863 89.9349 64.8815
-2.14026 -0.584307 3.40888 47.7478 34.6609 13.5522
-2.14762 -0.587305 3.52769 31.2273 22.3295 8.22727
-2.08421 -0.536143 2.62772 18.4211 11.8421 5.47368
-2.17046 -0.510792 3.22394 122.308 92.292 66.8248
-2.14693 -0.515565 3.41885 47.3463 35.3247 14.0952
-2.14779 -0.51188 3.532 32.5752 21.8761 6.14159
-2.17082 -0.437718 3.22677 123.522 92.3264 66.432
-2.14121 -0.435987 3.42384 47.5522 34.4826 11.3565
-2.14028 -0.439527 3.51985 30.9672 26.459 3.59016
-2.17107 -0.362361 3.21785 129.182 97.1445 69.1737
-2.14255 -0.361926 3.42502 50.2868 35.9547 11.1774
-2.13272 -0.356666 3.51982 37.2258 21.6935 3.24194
-2.24959 -0.264929 3.17861 96.7143 72.4286 55.9286
-2.16844 -0.287374 3.21821 133.273 100.372 71.4033
-2.14126 -0.288503 3.41478 59.696 41.9251 18.4141
-2.13567 -0.288241 3.52189 46.1212 33.3232 15.5859
-2.17408 -0.213055 3.17825 147.015 114.132 85.1618
-2.16443 -0.213149 3.21845 129.681 99.1182 74.4145
-2.13773 -0.214104 3.41537 50.2189 40.8607 25.0597
-2.13989 -0.212382 3.51406 38.8837 28.1977 8.02326
-2.20438 -0.130914 3.17681 145.199 112.369 81.7872
-2.15351 -0.141791 3.2233 129.141 99.3321 71.9229
-2.13459 -0.136966 3.41836 50.0363 37.9378 24.7047
-2.14467 -0.142562 3.52484 38.0649 26.4545 6.58442
-2.22379 -0.0573059 3.17169 126.527 93.1264 68.5165
-2.14551 -0.0671583 3.22549 138.75 108.619 76.3432
-2.13122 -0.0629239 3.41717 53.5398 39.6903 14.1504
-2.13499 -0.061044 3.51613 41.7544 28.3333 10.1404
-2.18664 0.0111292 3.17315 153.547 116.508 94.3947
-2.12214 0.00905205 3.25871 111.21 87.0664 63.7063
-2.1284 0.0120859 3.41715 55.019 36.2938 19.5403
-2.1264 0.0122654 3.5127 41.9595 29.7568 13.8919
-2.18899 0.0854483 3.16999 153.242 117.949 91.4488
-2.11736 0.0862952 3.24923 115.333 87.805 60.4858
-2.12694 0.0860048 3.42121 54.7915 39.2213 19.366
-2.12809 0.0747859 3.51455 43.9118 30.8529 11.7059
-2.18376 0.15978 3.1642 151.366 119.443 91.2752
-2.11475 0.159338 3.25412 110.136 85.2992 52.8902
-2.12292 0.160109 3.41932 56.024 39.04 23.256
-2.1244 0.159828 3.5129 46.4333 31.1 15.7667
-2.17982 0.234716 3.15729 154.482 120.925 94.4345
-2.1118 0.23494 3.25486 107.246 82.0964 61.7143
-2.12127 0.236162 3.42296 53.7974 40.2974 20.3448
-2.13398 0.212364 3.5221 45.037 33.2593 14.0741
-2.17775 0.307827 3.15575 157.772 122.751 97.5443
-2.11181 0.310147 3.25593 108.516 80.3345 57.3449
-2.11916 0.31186 3.43076 55.1417 38.7206 21.9474
-2.11713 0.285873 3.501 47.0625 32.75 15.5
-2.1741 0.383844 3.15405 157.602 124.435 96.2581
-2.10585 0.383856 3.25125 103.979 78.2946 60.0249
-2.11587 0.3823 3.41449 58.3113 41.8366 20.8755
-2.12368 0.397521 3.51195 53.75 35.7857 10.0714
-2.17126 0.45974 3.14878 160.703 124.258 96.6832
-2.10229 0.458594 3.25252 99.0532 76.5361 57.4791
-2.11172 0.458957 3.4181 55.1928 40.8755 17.4498
-2.12027 0.425967 3.51329 55 35 25
-2.16969 0.53486 3.14316 159.545 125.621 98.5804
-2.09919 0.532636 3.24479 102.456 77.8571 57.834
-2.1065 0.532927 3.4101 57.6546 40.3414 22.0683
-2.10845 0.518463 3.5064 48.375 35.5 17.375
-2.16928 0.60805 3.14176 161.143 125.189 101.296
-2.09641 0.609591 3.25241 96.2168 74.958 56.1678
-2.10781 0.606199 3.42582 56.083 41.9419 22.8963
-2.16418 0.682907 3.13943 157.995 126.103 97.7517
-2.09405 0.682817 3.25465 96.7321 71.9359 45.7962
-2.10585 0.683669 3.42177 54.8097 43.2267 24.4291
-2.10423 0.654333 3.50141 49 38.4 19.4
-2.16241 0.757377 3.13802 161.852 125.466 99.1015
-2.0923 0.761507 3.2681 86.6029 66.5539 46.6422
-2.09794 0.756472 3.41276 56.5769 42.1624 24.265
-2.15656 0.83198 3.13175 159.885 125.256 102.651
-2.08784 0.829117 3.26386 86.1731 66.4038 49.4462
-2.0957 0.830379 3.41139 56.6324 43.9069 27.1716
-2.15954 0.906666 3.12704 159.043 124.735 102.364
-2.08717 0.903574 3.26239 86.9119 65.3789 50.8458
-2.09048 0.90779 3.39918 58.507 44.8498 23.939
-2.16056 0.980966 3.12214 157.281 125.377 103.64
-2.08251 0.980582 3.26621 83.0948 66.1466 42.8836
-2.09054 0.980122 3.42041 58.9628 44.5691 26.2979
-2.1588 1.05737 3.11844 159.848 127.779 107.36
-2.08141 1.04684 3.26637 85.4725 67.8132 50.7363
-2.08422 1.05611 3.40067 61.6519 46.4494 30.519
-2.16597 1.13095 3.11261 159.916 126.428 106.567
-2.08381 1.12893 3.28537 87.0323 67.5591 46.9032
-2.09335 1.13538 3.41133 68.9358 48.7569 28.8853
-2.20212 1.2374 3.00359 101 82.6667 73.6667
-2.16984 1.20545 3.10775 156.473 125.462 104.01
-2.08063 1.19366 3.27641 93.9529 70.9765 53.2706
-2.08745 1.20148 3.40299 66.6114 51.0674 30.3886
-2.15123 1.25441 2.99435 133.945 103.808 83.9178
-2.16474 1.25714 3.08016 152.303 120.591 98.1858
-2.08182 1.28144 3.28104 95.1225 75.5612 52.9694
-2.08681 1.27374 3.4124 74.6503 57.3313 42.2822
-2.07923 1.34768 3.29189 93.8056 70.8333 51.8333
-2.08941 1.36722 3.40773 82.4257 63.5644 46.1188
-2.08861 1.40231 3.37708 83.8868 62.283 54.7547
-1.9326 -0.774046 3.00441 72.1667 21 6
-1.92922 -0.71708 2.82933 79.5789 41.7895 11.6316
-1.92177 -0.739432 2.98795 65.6432 32.169 8.74648
-2.06917 -0.563494 2.63439 17.2 15.6 3.2
-2.06497 -0.543799 2.63348 18.6667 13.4167 9.5
-2.02129 -0.517374 3.41243 27.5833 22.4167 1.5
-2.04241 -0.293046 3.44678 43.6875 25.4375 3.9375
-2.04099 -0.277516 3.52133 51.8636 37.1136 14.9773
-2.06109 -0.241987 3.52945 38.6667 23.6667 14.6667
-2.02153 0.639539 3.38946 51.7333 37.3333 23.8
-2.04339 0.66619 3.41537 52.7857 36.2857 28.7143
-2.07166 0.742731 3.17305 118.167 89.8889 70.9444
-2.07107 0.736042 3.18729 106.769 80.6923 57.6154
-2.07501 0.740211 3.46517 44 37 15.5
-2.07425 0.844658 3.1498 140.231 109.769 91.3846
-2.07294 0.918951 3.16152 128.258 101.29 81.871
-2.07242 0.919797 3.21061 95.2083 74.375 51.6667
-2.06926 0.991896 3.13982 142.15 116.583 86.4333
-2.07291 0.99401 3.25123 82.4694 67.3878 43.8163
-2.07314 0.979069 3.35652 62.25 45.75 25.3333
-2.06465 1.05884 3.15299 130.236 102.339 80.5827
-2.06814 1.05522 3.25426 83.6138 65.2 47.7655
-2.07291 1.05176 3.40085 60.45 45.55 27.65
-2.06521 1.12575 3.14003 142.736 115.719 94.0165
-2.06733 1.127 3.22915 100.354 77.5938 58.8021
-2.00381 1.14625 3.36925 65.2368 51 31.9737
-2.06393 1.2031 3.13549 143.842 116.554 99.337
-2.06684 1.21223 3.24421 98.8963 76.7259 58.0741
-2.07138 1.18433 3.43955 65.4444 49.7778 32
-2.06533 1.25977 3.00118 192.303 157.152 143.212
-2.0612 1.27374 3.10399 155.775 127.821 106.633
-2.06754 1.28299 3.24444 100.7 79.2333 62.775
-2.06779 1.29079 3.38968 76.4353 61.0235 45.6118
-2.06456 1.32237 3.17052 125 99.3333 80.3333
-2.06698 1.34073 3.24645 99.625 78.7411 56.8214
-2.06769 1.35489 3.40773 78.5319 66.5106 44.9149
-2.06927 1.40872 3.40824 82.1538 65.0769 49.6154
-1.72312 -0.929897 2.19577 67.8974 55.5128 47.8462
-1.72477 -0.95225 2.30677 70.785 51.4486 38.9626
-1.72972 -0.985358 2.38876 66.3947 43 27.0789
-1.72274 -0.939949 2.82571 99.5333 58.0667 24.2667
-1.72939 -0.958147 2.88715 85.7143 52.8429 21.6429
-1.73884 -0.880254 2.14533 72.3712 52.3523 35.8712
-1.72155 -0.891529 2.30501 78.5639 61.6466 36.782
-1.71892 -0.876598 2.81631 110.506 68.9398 36.988
-1.71877 -0.886533 2.90698 56.9744 33.1795 14.2051
-1.72819 -0.818594 2.14767 78.4961 59.1992 31.8555
-1.72632 -0.822599 2.28972 85.1913 67.113 38.8609
-1.71816 -0.781656 2.42494 91 67.3333 39.3333
-1.72516 -0.810906 2.82977 112.89 65.5677 33.7548
-1.72205 -0.815329 2.9011 59.3913 33.5 11.0797
-1.7769 -0.799257 3.43008 24.6667 15.5556 7.11111
-1.7288 -0.742747 2.14051 77.9349 61.8817 35.6864
-1.72246 -0.729049 2.27694 94.2593 68.7037 37
-1.72698 -0.718112 2.39576 107.375 79.5 65.375
-1.86037 -0.700418 2.69346 81.3333 51.3333 8.33333
-1.7549 -0.741332 2.8044 104.511 63.1809 23.9681
-1.78917 -0.743516 2.94005 70.8893 36.6 14.3179
-1.82169 -0.73522 3.032 33.45 19.825 4.45
-1.85823 -0.688444 2.68636 86.5385 47.5385 16.9231
-1.88334 -0.698554 2.74163 83 48.5 23
-1.75124 -0.657138 3.42657 28.4 18.6 2.66667
-1.79657 -0.261052 3.4158 54.5263 42.8947 21.8947
-1.80043 -0.246588 3.40559 43 27.3333 24
-1.72384 0.126394 3.37247 45.25 33 13.5
-1.70199 -0.998535 2.38887 36.5 23 16
-1.71116 -0.932861 2.2016 61.625 54.8125 49.9375
-1.70687 -0.951581 2.30683 72.7895 51.2807 40.193
-1.70072 -0.954788 2.43828 80.4068 55.6441 32.9322
-1.70108 -0.929598 2.77709 99.6897 60.4828 29.931
-1.7084 -0.944821 2.89568 44.0536 25.6607 15.8571
-1.71388 -0.863261 2.15975 86.4286 62.4286 39.1429
-1.70783 -0.891285 2.33488 77.5867 61.9 34.1667
-1.68463 -0.877692 2.47688 84.7333 66.037 45.6815
-1.66535 -0.882815 2.63309 90.6084 56.8012 30.253
-1.70764 -0.891749 2.80332 102.08 60.8571 30.3486
-1.70786 -0.884574 2.90362 41.2677 25.1417 10.6299
-1.70812 -0.801793 2.15712 79.3701 62.1299 41.2792
-1.69027 -0.803075 2.31751 85.3691 66.9664 41.5134
-1.68956 -0.825558 2.45276 88.7077 67.1615 44.5154
-1.66326 -0.815612 2.64828 112.302 65.9914 32.1121
-1.70084 -0.831572 2.81434 98.0571 56.2571 28.9429
-1.70753 -0.797164 2.90191 32.4167 19.9583 4.02083
-1.6994 -0.736026 2.15049 81.7972 60.3952 37.7182
-1.69971 -0.743137 2.30754 86.2864 64.5634 36.0939
-1.68239 -0.737602 2.46234 89.483 64.9659 41.8182
-1.66772 -0.743146 2.61884 105.689 68.1389 39.9167
-1.70336 -0.731316 2.73122 117.167 70.3333 30.25
-1.7101 -0.760135 2.91296 24.9697 14.4848 4.36364
-1.55992 -0.752438 3.44282 39.2222 23.6111 12.5
-1.64932 -0.512383 3.39506 33.3488 23 4.27907
-1.60376 0.0423984 3.35541 47 36 11.8889
-1.5874 0.0517205 3.34395 47.3333 32.5 13.6667
-1.65765 0.402823 3.36549 54.3333 40.2857 19.381
-1.59657 0.427522 3.34791 53.2143 44.7857 22.8571
-1.39127 -1.17615 3.46759 41.6916 29.3925 13.1402
-1.38713 -1.11542 3.44029 64.729 49.4673 34.2056
-1.40113 -1.03262 3.34793 73.578 54.1284 38.2431
-1.39102 -0.941795 3.33773 75.4945 56.8242 36.5275
-1.40936 -0.970683 3.34635 71.4082 55.483 36.3469
-1.41131 -0.866395 2.15003 88.7289 61.3352 39.0092
-1.4218 -0.848314 2.24648 77 29.5 27.5
-1.41887 -0.87219 2.46986 65.5479 51.5205 20.3288
-1.40685 -0.88135 3.33686 76.1546 56.1959 37.4433
-1.40637 -0.886023 3.34975 75.2188 55.8 38.5875
-1.42602 -0.835894 2.15914 84.4349 40.414 22.2023
-1.4064 -0.82755 2.24703 104.817 69.8047 50.0488
-1.48 -0.844787 2.39079 91.9 68.8 33.1
-1.39278 -0.808318 3.33156 77.0824 58.6529 36.0765
-1.40572 -0.834902 3.34169 74.8387 58.0645 35.8064
-1.39543 -0.737111 3.32747 79.3122 59.278 45.2244
-1.36163 -0.743209 3.34023 79.1429 59.7143 46.2857
-1.40014 -0.662167 3.3249 78.073 62.7983 39.6567
-1.45665 -0.640435 3.33987 74.3529 58.8235 35.3529
-1.39317 -0.586504 3.32297 82.205 64.71 46.49
-1.44558 -0.61862 3.33973 83.3333 62.3333 41.3333
-1.39025 -0.511119 3.31504 84.64 64.97 51.785
-1.38958 -0.43756 3.3147 83.8438 67.0885 49.7396
-1.38609 -0.363013 3.29869 85.5175 67.5804 52.4825
-1.38908 -0.288223 3.29794 80.0698 62.2093 40.1279
-1.38753 -0.227632 3.28891 81.7835 45.3505 26.2474
-1.45135 -0.179927 3.35821 56.5 36.5 6.5
-1.36253 -0.183956 3.62816 69.4 46 31.4
-1.45131 -0.172136 3.35823 53 34.5 9
-1.36746 -0.148061 3.61476 61.6786 42.7857 25.1071
-1.40531 -0.0381992 3.47427 66.8333 47.75 38.0833
-1.41295 -0.0558758 3.49998 75.2727 57.0909 39.0909
-1.40482 -0.0543464 3.92116 50.8438 43 34.2604
-1.37404 -0.0463307 3.99109 56.0667 43.9778 33.7556
-1.38118 0.0107847 3.45238 70.3793 48.4138 23.7931
-1.40643 0.0227349 3.81323 51.2308 45.1538 33.2308
-1.41751 0.0153774 3.93038 47.2432 41.5541 32.1622
-1.38341 0.00621763 3.98666 49.8018 42.4595 34.6937
-1.37585 0.0739282 3.4563 69.1379 49.8966 31.6207
-1.40899 0.0905343 3.75027 63.25 50.25 40.375
-1.41856 0.0859664 3.94574 44.6034 42.6437 32.023
-1.37195 0.0848164 3.98266 51.9853 48.4118 34.6765
-1.36688 0.169928 3.40351 84.15 46.325 34.325
-1.37799 0.173049 3.62133 63.6383 45.5319 34.1702
-1.37744 0.168522 3.73188 49.7717 43.163 26.163
-1.38781 0.160792 3.9166 42.9123 42.9474 27.8158
-1.36704 0.164237 3.98216 54.0976 48.1463 36.3902
-1.36589 0.226861 3.43722 92.9444 39.6296 25.8889
-1.37187 0.230055 3.5841 68.8868 45.4717 26.6415
-1.37049 0.223676 3.71489 43.6125 42.3 26.95
-1.38899 0.235036 3.93839 41.5342 42.8758 30.1242
-1.36223 0.250147 3.98121 45.2727 44.0909 33.7273
-1.38396 0.330933 3.59248 59.2273 45.0455 29.3636
-1.39245 0.310096 3.92892 44.1154 41.7821 31.6218
-1.36864 0.294254 3.97984 41.6552 41.3448 34.5517
-1.38227 0.375903 3.567 58.8818 42.4091 27.3909
-1.3922 0.41128 3.74285 43.8235 37.9412 23.4118
-1.37087 0.353467 3.95187 41 35.4444 27.3333
-1.37818 0.426795 3.54115 68 54.3333 39
-1.38802 0.425007 3.69374 56.4 46 29
-1.37718 0.474128 3.95937 83 73.5571 58.1
-1.3929 0.551809 3.58862 79.5833 62.5417 40.625
-1.39223 0.532956 3.92394 88.2019 74.8075 66.338
-1.38168 0.60932 3.60015 78.8 60.2615 45.3077
-1.39679 0.617802 3.74243 69.4048 50.2143 41
-1.38198 0.603913 3.88146 74.2564 62.2564 50.6731
-1.36678 0.684731 3.55675 120.935 101.326 82.9565
-1.36789 0.648135 3.87684 72.5714 60.4286 46.8571
-1.3642 0.756502 3.55275 126.972 103.75 83.9167
-1.36562 0.83385 3.54936 128.875 107.625 89.175
-1.36474 0.904065 3.54516 131.413 106.63 95.8043
-1.35584 0.946221 3.5401 139 106 101
-1.35978 1.05277 3.54349 138.846 110.538 99.9231
-1.50772 1.10902 3.35704 82.375 62.625 62
-1.36168 1.13426 3.53802 137.394 111.242 101.182
-1.36346 1.1846 3.54251 137 109.4 102.4
-1.35823 1.29949 3.5472 142.75 112.75 103.75
-1.35849 1.34381 3.53375 145 112.333 101.556
-1.35606 1.40182 3.55728 142.667 118.667 107
-1.25337 -1.23132 3.46707 42.7059 33.6176 14.8235
-1.28053 -1.17756 3.46822 40.2866 31.9522 19.2
-1.26532 -1.1166 3.44464 68.6 51.9547 35.5736
-1.23562 -1.02634 3.33871 77.3333 56 41.1667
-1.2638 -1.03205 3.35183 75.3779 56.5853 37.2327
-1.26567 -0.931686 3.33579 76 57.7407 43.8704
-1.26381 -0.963777 3.34494 75.5648 57.3264 39.1019
-1.32376 -0.873518 2.19075 76.5524 47.9084 25.178
-1.30938 -0.860359 2.2608 45.9225 31.6761 12.3239
-1.26497 -0.887537 3.33342 76.5761 59.177 44.8889
-1.26629 -0.883561 3.34295 77.5447 59.4358 39.6732
-1.33066 -0.842334 2.20244 95 41.75 15.2188
-1.33482 -0.82934 2.26446 85.8341 60.8253 35.083
-1.28515 -0.803555 3.33244 79.0746 60.3017 44.1729
-1.23237 -0.822967 3.3418 79.2431 60.0718 45.337
-1.26229 -0.73683 3.32874 79.4386 63.0148 44.4386
-1.34572 -0.744907 3.3412 77.4375 60.4375 46.875
-1.26157 -0.661823 3.32411 80.6616 65.4956 46.4847
-1.3058 -0.667013 3.3404 79.0278 64.1389 47.1111
-1.26556 -0.587338 3.32139 84.5692 66.6107 51.6561
-1.26605 -0.511596 3.31664 85.9108 67.4212 54.9398
-1.26415 -0.436641 3.31201 88.3799 68.8912 53.154
-1.26857 -0.362169 3.3019 86.2407 70.7778 54.9918
-1.26551 -0.28926 3.29781 78.3973 62.726 46.8748
-1.26782 -0.22814 3.28345 83.3371 47.5843 26.2734
-1.33542 -0.190131 3.59813 59.6957 40.3478 24
-1.30495 -0.205455 3.73919 51.1667 28.8333 31.6667
-1.3465 -0.155675 3.63088 53.8571 39.5357 22.9643
-1.31423 -0.140235 3.75788 70.3953 47.2093 35.6977
-1.32255 -0.161198 3.84632 74.125 53.1875 31.8125
-1.23676 -0.158594 4.04048 66.3077 66.3846 62.5385
-1.25661 -0.0544763 3.99585 59.0593 52.1186 37.8856
-1.35145 0.0198566 3.4358 90 61.25 33.25
-1.26572 0.00931007 3.99399 54.0914 52.7434 40.6903
-1.26736 0.0858942 3.98968 73.9572 66.9706 49.3717
-1.35262 0.181217 3.42965 89.7143 39.9524 26.1429
-1.26567 0.161396 3.98426 70.4798 65.9913 45.5462
-1.35298 0.204733 3.44558 90.6667 39 22.5
-1.27964 0.242547 3.97671 67.5135 59.527 41.8108
-1.26063 0.232323 3.98177 65.2601 60.6081 43.9853
-1.267 0.312946 3.97262 46.9219 42.8906 34.0156
-1.26707 0.307892 3.98391 45.3098 44.9293 36.0875
-1.28531 0.381647 3.97161 41.5 35.1364 30.7273
-1.25023 0.374791 3.98629 51.4259 44.1481 37.4074
-1.26948 0.462567 3.97207 73.89 65.2533 51.9967
-1.213 0.445876 3.98059 75.7209 65.5349 57.9302
-1.26699 0.535196 3.96528 88.4643 79.4148 68.4918
-1.27167 0.629268 3.56309 106.434 86.697 72.5253
-1.26577 0.604073 3.91024 79.3469 68.7778 55.3171
-1.26466 0.683287 3.555 131.896 112.993 95.2605
-1.31327 0.654622 3.92325 74.9756 63.8537 49.7073
-1.27029 0.759049 3.55601 136.17 116.628 100.978
-1.26408 0.830443 3.54559 139.76 118.005 103.217
-1.26718 0.906956 3.55034 142.222 121.293 107.268
-1.26766 0.981418 3.54176 145.742 121.763 108.273
-1.26217 1.05688 3.5408 149.032 122.751 112.007
-1.26409 1.13211 3.53554 149.307 123.759 114.374
-1.26326 1.20553 3.5317 151.736 123.253 112.078
-1.26185 1.28194 3.53709 154.176 124.545 111.727
-1.26498 1.35308 3.5319 155.378 125.01 113.782
-1.25156 1.4018 3.53516 156.947 128.684 116.171
-1.24946 1.59706 3.91259 176.236 139.838 128.892
-1.0796 -1.17747 3.47062 44.1153 33.9946 20.807
-1.08474 -1.11577 3.44345 73.1535 54.5851 37.751
-1.03815 -1.00871 3.33801 77.7273 62.9091 41.9394
-1.08672 -1.03471 3.35407 78.5588 60.0368 42.3358
-1.10186 -0.985377 3.33839 76.4651 61.2093 40.5581
-1.08312 -0.958061 3.34804 78.359 61.5152 45.8788
-1.06468 -0.866415 3.3368 80.2878 64.295 44.1942
-1.0939 -0.893228 3.3435 79.657 62.8459 44.3866
-1.09575 -0.805496 3.3345 82.4167 63.375 42.3173
-1.0659 -0.822406 3.34504 82.7337 63.8402 44.2012
-1.0862 -0.738077 3.32804 83.6761 64.7723 47.9883
-1.08072 -0.722592 3.34144 85.0667 66.8 44.1
-1.0843 -0.660247 3.32515 85.3758 66.9937 53.7996
-1.09169 -0.690491 3.34077 84.9 65.6 53.25
-1.08703 -0.586038 3.32218 86.3429 70.0939 53.2306
-1.08613 -0.512358 3.32096 87.1996 72.1138 57.3433
-1.08779 -0.437418 3.31389 88.839 73.6559 57.2716
-1.086 -0.362943 3.30874 89.069 74.3717 58.6207
-1.08635 -0.288485 3.30031 79.0258 63.7698 45.7976
-1.08327 -0.230918 3.28097 85.7546 54.8513 25.4833
-1.15593 -0.194688 3.57942 50.0714 41.5357 20.8571
-1.11566 -0.203224 3.77882 64.125 55.0625 38.2917
-1.10982 -0.21181 3.92403 74.5352 61.0282 39.0563
-1.0773 -0.201409 3.99721 75.7373 61.1695 36.6186
-1.14177 -0.147611 3.55727 62.3333 50.8667 38.7
-1.10981 -0.15152 3.75779 68.2 70.6333 58.3833
-1.11511 -0.150115 3.90744 90.3864 80.8182 56.3182
-1.08681 -0.132386 4.00318 88.0728 74.106 49.5099
-1.14018 -0.0920632 3.545 75.8462 58.6154 44.4615
-1.09253 -0.0617653 3.99993 73.7477 62.6261 42.0456
-1.08571 0.0105894 3.99444 65.7722 61.1306 46.3361
-1.08723 0.0859136 3.98477 68.1271 65.1989 50.1519
-1.00662 0.159158 3.97782 67.6111 60.3333 39.4444
-1.08845 0.15997 3.98119 69.5091 66.2939 49.8364
-1.02641 0.240676 3.97443 58.686 56.2791 45.2674
-1.10161 0.23166 3.982 72.6654 65.5551 50.4669
-1.06426 0.316698 3.97297 51.4389 47.6154 36.2398
-1.13117 0.29646 3.98072 49.5354 49.7008 42.9528
-1.10065 0.363611 3.97198 53.0196 46.4314 31.2157
-1.13424 0.387599 3.98546 47.4375 43.4125 30.85
-1.09332 0.465537 3.96537 66.5496 60.4574 50.5
-1.16569 0.443134 3.97895 69.4615 55.8462 56.8462
-1.08501 0.534578 3.96382 91.1844 79.9721 65.3687
-1.08664 0.630461 3.56182 121.452 105.292 90.4881
-1.08626 0.604774 3.90611 84.1005 70.4534 56.7108
-1.08555 0.682633 3.55622 139.029 121.306 102.676
-1.12438 0.653379 3.90487 83.84 70.96 54.56
-1.08514 0.757488 3.55155 142.031 124.159 108.813
-1.08603 0.832226 3.55128 145.985 125.177 112.467
-1.08667 0.906698 3.54882 149.078 126.763 115.735
-1.08605 0.982206 3.54743 152.503 128.982 118.675
-1.08811 1.05757 3.54187 155.718 131.606 119.507
-1.08735 1.13121 3.53752 159.343 133.067 122.681
-1.08657 1.20659 3.53828 164.882 133.708 121.837
-1.08547 1.28039 3.5381 168.384 135.44 125.169
-1.08771 1.35405 3.53337 169.152 139.258 129.068
-1.09471 1.40007 3.53092 172.233 139.017 126.567
-1.08982 1.59814 3.92413 195.866 150.309 136.772
-1.05006 1.61654 3.94093 225 157 144
-0.930516 -1.23118 3.44067 56 39.75 18.3333
-0.931439 -1.17683 3.46803 44.644 35.124 20.604
-0.908598 -1.11433 3.43466 71.6709 54.7131 42.0422
-0.92366 -1.01694 3.3377 80.44 63.5 42.4867
-0.888693 -1.04131 3.35406 78.5097 62.6688 43.6007
-0.941378 -0.970863 3.33707 78.92 65.9429 45.6686
-0.885773 -0.954908 3.34919 81.3988 65.2551 44.129
-0.89157 -0.860232 3.33291 83.9683 66.2857 47.4444
-0.91158 -0.889904 3.34467 83.9137 66.1271 45.8106
-0.908599 -0.811478 3.33431 85.4154 66.6835 50.9495
-0.884019 -0.798827 3.34063 85.5283 65.0943 53.9245
-0.919215 -0.729892 3.32965 87.0861 68.4106 48.1325
-0.884117 -0.74392 3.3411 85.9694 68.7959 51.8776
-0.906314 -0.661159 3.32918 87.8813 71.0121 53.7404
-0.906201 -0.587181 3.3222 87.3287 73.6654 53.9075
-0.90458 -0.511704 3.31589 88.1218 75.4047 59.4303
-0.907518 -0.438319 3.31803 88.9196 77.8706 60.6706
-0.90539 -0.362736 3.30961 89.4283 79.2326 61.1124
-0.905186 -0.288231 3.30096 80.036 66.782 50.688
-0.903354 -0.232162 3.28656 95.1787 63.8555 36.3574
-0.845219 -0.201391 3.39954 58.8333 45.6667 37.3333
-0.816069 -0.133609 3.98936 102.333 73.3333 47.6667
-0.822187 -0.037249 3.97656 91.5 68 45.1667
-0.932093 -0.0523892 3.99168 65.4462 52.4308 37.1692
-0.826154 0.0198537 3.97685 96.8261 70.5217 38.4348
-0.922724 0.0133092 3.98859 66.3014 57.5035 41.4787
-0.83066 0.0565464 3.97752 100.091 70.3636 41.7273
-0.909513 0.0876488 3.98709 82.1048 71.1886 52.4222
-0.823837 0.165674 3.97768 99.6667 90 66.5
-0.905282 0.159598 3.98278 94.0595 84.9717 62.8499
-0.986814 0.260209 3.9732 67.3333 62.1111 49.3333
-0.904526 0.233942 3.9827 89.4661 79.0989 59.7232
-0.907571 0.315869 3.97585 76.0637 63.2697 44.5768
-0.899094 0.285915 3.97945 84.9318 72.7614 52.7273
-0.862195 0.357475 3.95889 64.5417 54.0833 42.125
-0.973465 0.350496 3.99732 61.75 52.25 28
-0.882729 0.472447 3.96705 76.2 66.9636 44.0061
-0.928988 0.478159 3.97885 76.1667 69.1667 44.3333
-0.904294 0.534777 3.964 87.9223 80.8371 60.3609
-0.90859 0.626692 3.56255 128.137 113.806 95.8246
-0.907617 0.604314 3.90102 86.4986 74.841 59.3288
-0.904672 0.682334 3.56036 145.891 127.279 110.569
-0.973133 0.653289 3.89565 97 72.5 68.5
-0.904417 0.756994 3.55228 148.033 130.269 114.601
-0.906767 0.8318 3.55173 153.275 132.088 118.757
-0.904749 0.906833 3.54781 158.335 134.996 120.753
-0.905746 0.983643 3.54499 163.537 136.38 124.762
-0.903544 1.05483 3.53638 167.037 139.561 129.182
-0.906767 1.13207 3.54158 171.578 142.08 129.789
-0.904362 1.20464 3.53589 178.158 145.397 133.666
-0.906629 1.28096 3.53731 182.851 148.413 138.211
-0.90715 1.35514 3.53112 187.718 152.428 142.816
-0.919856 1.39697 3.5376 190.649 153.514 140.189
-0.8972 1.59066 3.91439 221 171.294 151.992
-0.683787 -1.20975 3.41803 37.5 31.75 12.5
-0.748594 -1.0819 3.36139 78.1837 62.2041 44.5102
-0.776404 -1.02162 3.33449 82.9817 66.5688 44.945
-0.705466 -1.03848 3.34941 82.8632 66.2342 48.4053
-0.756611 -0.971819 3.33609 84.5487 67.9469 49.4956
-0.717261 -0.95701 3.34865 84.5586 68.1147 53.8803
-0.696594 -0.863728 3.33446 88.6907 71.1134 47.9794
-0.734967 -0.890727 3.34482 86.7775 69.699 51.8141
-0.751803 -0.808253 3.33486 86.7927 71.3598 52.1189
-0.683843 -0.814311 3.34247 87.8308 73.2051 53.1795
-0.726405 -0.735069 3.33311 82.7987 69.4089 52.2966
-0.719171 -0.764128 3.34314 86.4706 71.7059 49.4706
-0.72982 -0.662209 3.32562 88.2049 74.7746 55.1926
-0.649285 -0.643013 3.3402 93.4545 80.6061 63.303
-0.725294 -0.586243 3.32037 90.3865 77.7546 55.9959
-0.648589 -0.619846 3.34199 92.75 79.75 57.75
-0.726206 -0.513308 3.31909 85.6276 74.1758 58.0491
-0.725595 -0.436806 3.31277 93.1829 82.9162 61.2171
-0.726747 -0.361448 3.30756 92.0134 82.5851 65.7036
-0.722377 -0.288218 3.29984 82.664 71.7372 55.9111
-0.732094 -0.229906 3.284 95.9398 67.408 41.6221
-0.783427 -0.189375 3.37146 111.171 94.1429 64.1429
-0.767057 -0.207069 3.93765 107.547 83.1744 54.1163
-0.717977 -0.205225 4.02473 123.556 98.5364 63.9603
-0.783455 -0.13897 3.38553 140.693 117.705 84.6364
-0.776777 -0.14387 3.94542 105.9 85.45 52.77
-0.706127 -0.135854 4.00705 110.768 93.464 60.6
-0.786971 -0.0929485 3.38737 132.133 114.267 82.4667
-0.778852 -0.0630621 3.95151 82.6696 72.6875 52.2232
-0.700639 -0.0649046 3.99406 96.065 87.3293 56.5406
-0.777063 0.0113146 3.94477 84.6444 73.4296 49.163
-0.697621 0.00978383 3.99854 97.0588 86.6824 57.0471
-0.775425 0.0735292 3.94201 88.6966 76.5393 49.809
-0.707838 0.0889381 3.98941 102.498 94.2399 58.0849
-0.80932 0.174193 3.97774 97.1818 87.6364 63.4545
-0.722953 0.15967 3.98252 101.127 91.3272 60.343
-0.742246 0.266222 3.9774 100.455 87.2727 63.8182
-0.724592 0.233991 3.98197 100.358 87.8653 59.0745
-0.751868 0.313059 3.97217 87.771 73.271 51.1729
-0.689164 0.296125 3.98145 94.3901 82.5177 59.0284
-0.790257 0.366237 3.95408 65.1569 53.2353 37.3529
-0.786906 0.46566 3.97021 66.2547 55.3208 40.0849
-0.746519 0.542424 3.95729 73.5448 65.056 54.7687
-0.725353 0.626878 3.56766 139.207 125.656 107.012
-0.725134 0.60208 3.89175 85.1199 76.9046 64.6076
-0.726013 0.683328 3.56301 151.833 134.91 119.248
-0.786318 0.646139 3.89387 90 78.5 78
-0.727314 0.756356 3.55465 155.866 137.32 121.127
-0.7264 0.832701 3.55758 161.486 139.46 123.644
-0.725945 0.906636 3.55167 168.553 142.115 128.212
-0.726391 0.98208 3.55057 173.594 146.65 130.933
-0.723558 1.05673 3.54767 179.289 150.716 134.664
-0.725264 1.13164 3.54578 186.173 154.579 140.056
-0.725854 1.20559 3.54202 193.971 159.468 146.51
-0.727132 1.28075 3.54165 202.194 164.021 151.17
-0.728058 1.35486 3.53758 211.534 168.468 155.477
-0.680564 1.42972 3.59003 232.768 185.952 174.088
-0.686711 1.47486 3.63181 241.947 227.158 213.605
-0.808514 1.58697 3.91111 230 184.5 158.625
-0.533874 -1.07639 3.35577 80.9649 66.5088 45.6491
-0.545634 -1.03472 3.3542 83.3056 69.6409 47.746
-0.546913 -0.959305 3.34949 86.816 72.008 48.254
-0.609078 -0.860046 3.33333 88.587 72.5 49.3478
-0.539305 -0.886965 3.34503 88.4665 74.0929 55.4752
-0.58017 -0.811554 3.33588 88.188 74.0113 57.1842
-0.51022 -0.81033 3.34161 88.4454 76.3739 58.7899
-0.55744 -0.731286 3.33465 83.7803 72.0366 56.0986
-0.523416 -0.747726 3.34084 85.7692 74.6036 58.1953
-0.541487 -0.659768 3.33158 91.0806 80.0781 56.1058
-0.57263 -0.666719 3.34139 90.6435 80.1826 57.1391
-0.545443 -0.586166 3.32512 92 81.0571 59.9764
-0.548231 -0.512505 3.32369 86.8257 77.5172 57.6782
-0.545509 -0.436973 3.31446 93.2593 85.9648 68.8018
-0.542624 -0.36266 3.31016 92.3117 85.6405 67.5946
-0.546272 -0.288681 3.3 83.4799 72.6922 53.738
-0.547621 -0.231148 3.28856 114.651 83.5352 47.3204
-0.527669 -0.191997 3.37234 132.361 104.306 69.6111
-0.499687 -0.192054 3.94823 103.013 82.7564 54.8462
-0.511085 -0.197683 3.98492 105.25 83.75 48.5
-0.523473 -0.171337 3.37527 111.125 85.25 58.25
-0.502088 -0.147242 3.94709 102.069 84.239 58.6289
-0.570499 -0.124355 3.99003 99.3277 86.3559 60.1808
-0.546765 -0.0651246 3.99691 101.961 90.75 62.2972
-0.54638 0.00966316 3.99589 90.0256 79.1487 56.8
-0.543929 0.0852751 3.99103 100.447 91.2493 67.9512
-0.546203 0.15976 3.9872 104.36 96.6273 68.8242
-0.607268 0.255928 3.97685 100 92.303 71.7576
-0.535958 0.233343 3.98213 98.513 91.0663 69.4006
-0.566256 0.342841 3.64378 81.5 63.25 52.5
-0.555262 0.338212 3.70468 86.1429 68.8163 55.0204
-0.543835 0.314468 3.96123 88.8907 77.9508 58.5902
-0.541755 0.301045 3.98234 88.6395 78.5872 58.8023
-0.593463 0.381078 3.64237 91.4651 72 56.314
-0.537362 0.380566 3.69038 91.2418 71.817 56.2288
-0.482047 0.367555 3.93736 76.2692 67.8846 50.8205
-0.50099 0.4412 3.70478 73.5714 65.1429 49.2857
-0.472439 0.46732 3.96926 79.5833 75.5833 58.4167
-0.51871 0.545398 3.94379 87.626 84.748 69.2559
-0.541573 0.620173 3.57245 143.587 129.143 113.537
-0.572639 0.615953 3.7504 90.2174 80.9565 77.0435
-0.549262 0.598281 3.88282 85.72 80.8133 69.16
-0.545981 0.682513 3.56254 156.78 141.778 125.436
-0.547711 0.757464 3.55899 162.874 144.013 128.674
-0.546556 0.831539 3.55238 170.06 147 130.771
-0.545483 0.906315 3.54851 174.95 151.671 137.906
-0.544858 0.982435 3.54968 183.116 155.782 141.552
-0.545211 1.05715 3.54667 192.608 160.142 147.586
-0.546146 1.13132 3.54603 200.066 167.232 154.901
-0.544074 1.20644 3.54602 211.364 174.651 161.416
-0.550535 1.28081 3.54259 221.614 181.009 168.612
-0.542542 1.3532 3.54328 236.412 189.945 177.246
-0.611706 1.43079 3.5921 238.973 199.653 186.107
-0.618823 1.47568 3.63244 242.111 249.444 238.444
-0.597822 1.48727 3.66211 242.25 249.75 238.25
-0.531913 1.57788 3.92481 243.08 240.839 226.898
-0.287273 -1.35238 3.31419 121.25 88.125 57.25
-0.310993 -1.22989 3.42466 60.2051 44.5385 27.3846
-0.340452 -1.18157 3.44379 52.7718 42.5315 28.7748
-0.361594 -1.10647 3.40844 81.1082 63.2771 48.4156
-0.36838 -1.0468 3.33898 86.5 69.75 48.75
-0.365787 -1.03441 3.35193 86.3327 69.1623 51.426
-0.366236 -0.960586 3.34891 86.5969 72.2553 52.5854
-0.386909 -0.895143 3.33894 89.0909 73.0909 62.1818
-0.365666 -0.884499 3.34509 88.9444 74.2222 55.3295
-0.371858 -0.777079 3.33735 89.8 77.8 61.5
-0.363799 -0.811442 3.34679 89.5373 76.2294 61.0941
-0.365509 -0.728706 3.33352 90.7539 76.9005 58.8115
-0.368049 -0.740165 3.34265 90.7969 77.5312 59.5344
-0.368739 -0.658642 3.33114 90.8051 79.5339 60.0445
-0.363461 -0.684669 3.34091 92.6111 79.4815 64.5926
-0.368779 -0.586876 3.32917 90.9472 82.9057 63.8245
-0.365549 -0.512075 3.32332 92.934 83.2321 68.3113
-0.366044 -0.437999 3.31907 92.862 85.5917 67.5047
-0.364422 -0.363704 3.31398 94.0168 87.3619 66.3918
-0.36621 -0.288447 3.29954 84.8658 74.8585 54.8364
-0.371044 -0.233692 3.28749 118.054 87.7542 57.8333
-0.454734 -0.190047 3.96105 121.333 107.333 81.3333
-0.364394 -0.20372 4.00536 124.54 100.003 68.44
-0.451528 -0.150219 3.95177 119.611 110.222 83.3333
-0.365652 -0.13717 4.00761 123.741 112.901 86.0994
-0.366052 -0.062878 3.99996 98.4341 91.2739 64.0233
-0.366823 0.0116492 3.99713 96.0303 85.2397 62.1653
-0.365594 0.0863984 3.9939 103.51 92.1769 67.6692
-0.423488 0.177143 3.97548 95.2364 88.8909 65.3818
-0.353787 0.157499 3.98568 101.649 92.3639 67.5902
-0.408711 0.236673 3.96529 92.8227 83.8014 64.0567
-0.337823 0.233113 3.98287 96.5221 90.1606 67.1004
-0.286421 0.33793 3.71606 124.167 110.833 84.6667
-0.383271 0.30203 3.96102 91.4636 78.3179 59.3642
-0.355271 0.30305 3.98371 89.6429 79.3929 63.2357
-0.28583 0.383087 3.70017 132.857 121.857 104.929
-0.439401 0.385047 3.97564 73.481 70.7468 54.3418
-0.416138 0.397708 3.97972 93.5217 88.5217 69.4783
-0.279009 0.449937 3.70491 141.111 125.111 104.667
-0.425061 0.463608 3.96388 88.7287 84.2403 67.4574
-0.408145 0.425772 3.98112 101.4 98.2 79.8
-0.370612 0.539736 3.94867 100.704 94.5955 83.4623
-0.363269 0.621319 3.56779 153.451 141.552 123.188
-0.368303 0.608228 3.74528 100.929 89.1429 80.7857
-0.368719 0.599278 3.88591 93.4593 87.3746 72.3583
-0.366772 0.683755 3.56244 163.16 148.911 131.534
-0.365302 0.75771 3.55954 171.559 152.674 136.974
-0.367302 0.83262 3.55703 178.187 157.259 142.6
-0.365621 0.907367 3.55217 186.662 163.139 146.483
-0.366325 0.981864 3.55187 197.039 168.384 153.461
-0.364801 1.05666 3.54909 206.99 175.651 161.967
-0.365169 1.13032 3.53881 220.119 183.29 169.335
-0.36476 1.20485 3.5396 234.902 191.676 178.075
-0.36428 1.27994 3.54287 243.588 204.17 190.096
-0.367036 1.35268 3.54419 244.251 222.401 202.411
-0.397424 1.3961 3.557 244.5 225.5 208
-0.374607 1.57658 3.92673 242.098 249.672 240.139
-0.178881 -1.31593 3.30494 120.101 86.8876 60.3146
-0.156764 -1.34829 3.34341 122.684 87.5789 68.0526
-0.174816 -1.28726 3.2942 116.106 83.2128 53.5957
-0.181951 -1.2329 3.44262 57.6382 40.4868 20.4737
-0.138334 -1.20128 3.21833 94.5455 67.2727 41.4545
-0.188804 -1.18109 3.46421 58.548 46.5015 27.5728
-0.186467 -1.10679 3.41326 81.9472 66.3239 50.8451
-0.184399 -1.03344 3.36639 87.7348 71.9034 52.7481
-0.18531 -0.958456 3.35907 87.1543 75.004 54.501
-0.185452 -0.885048 3.35322 91.1779 76.4971 57.205
-0.222653 -0.781646 3.3316 93.4667 80.1667 60.3667
-0.182654 -0.813468 3.35168 92.027 78.8274 59.3742
-0.216928 -0.729479 3.3324 91.907 81.0698 61.99
-0.147885 -0.743191 3.34417 92.3733 81.3548 60.129
-0.186367 -0.660882 3.33343 93.3354 82.4479 64.5358
-0.223627 -0.667487 3.34003 93.0526 81.5789 62.7632
-0.187735 -0.587106 3.32921 94.575 84.5788 64.4991
-0.185737 -0.512771 3.32297 95.0415 87.6132 67.8057
-0.18649 -0.438144 3.31831 95.5556 89.5389 71.187
-0.186005 -0.36328 3.31456 95.6537 89.863 71.8667
-0.186293 -0.287564 3.29973 88.9051 76.6259 60.9088
-0.186704 -0.236778 3.28971 129.462 98.1026 64.2821
-0.18489 -0.205009 4.01301 143.69 123.186 90.9281
-0.187941 -0.137485 4.00379 144.947 131.189 102.864
-0.187519 -0.0630119 4.00007 111.538 100.628 74.1385
-0.148955 0.0314551 3.96901 117.136 101.636 70.7273
-0.18952 0.00996915 3.99604 110.314 94.1568 64.9911
-0.162434 0.0822929 3.96772 112.01 103.183 77.5962
-0.19506 0.0864235 3.99167 108.65 98.6049 75.1538
-0.210292 0.161038 3.97323 105.078 99.7333 74.5222
-0.178217 0.160141 3.98659 106.35 100.807 73.6107
-0.193082 0.237826 3.96187 102.142 97.5276 79.2441
-0.181332 0.232044 3.98478 103.356 96.0514 73.4585
-0.250928 0.331251 3.72707 115.543 103.957 75.913
-0.190449 0.312006 3.96278 92.3134 83.3641 61.8802
-0.154469 0.289552 3.9825 87.9727 79.8182 61.1
-0.259262 0.386996 3.69402 148.118 133.894 103.247
-0.131715 0.371798 3.97063 77.3053 80.1789 66.5263
-0.142933 0.403364 3.98328 80.6604 80.8868 65.0377
-0.255256 0.446526 3.7093 151.6 137.217 108.767
-0.137034 0.460351 3.96946 98.1588 96.3176 77.3118
-0.170185 0.423695 3.98729 83 84 75
-0.184753 0.536858 3.94771 110.417 105.878 91.6075
-0.18596 0.614223 3.56519 159.65 149.209 129.489
-0.191929 0.595466 3.8906 104.332 96.624 84.024
-0.183914 0.681773 3.557 172.596 157.096 138.633
-0.184382 0.758562 3.55755 180.006 161.815 144.6
-0.186196 0.833318 3.55748 189.326 167.107 149.025
-0.186341 0.908367 3.55228 198.625 174.467 156.738
-0.185968 0.981818 3.54829 211.421 181.342 166.122
-0.185068 1.05634 3.55038 224.535 190.288 176.212
-0.187114 1.13184 3.54912 237.827 200.833 185.161
-0.18842 1.20601 3.5456 244.243 215.057 199.687
-0.186493 1.27987 3.53792 243.772 235.616 215.799
-0.192215 1.34715 3.53613 242.803 248.764 231.899
-0.12404 1.53808 3.92387 242 250 241
-0.169385 1.56699 3.92689 242 250 241
-0.031585 -1.32313 3.31733 120.705 88.1282 62.2756
-0.052281 -1.35792 3.34796 124.667 90.8333 60.8333
-0.0789604 -1.28765 3.29343 116.222 84.1852 50.2222
-0.000907022 -1.23669 3.43734 55.8843 43.8241 19.0231
-0.00210897 -1.18151 3.46792 58.6223 46.0054 29.3288
-0.0646527 -1.18875 3.49888 67 57 22
-0.00821303 -1.10168 3.40147 84.4396 68.7179 50.7985
-0.00676069 -1.03283 3.36871 89.4305 72.4362 52.3714
-0.00593419 -0.959692 3.36341 90.1739 76.3196 53.5891
-0.00519201 -0.886007 3.35213 93.1499 77.7306 55.5863
-0.00375249 -0.810603 3.34605 95.2098 78.3081 62.7316
-0.0436539 -0.72254 3.3368 93.75 81.6845 64.9345
0.00968133 -0.740817 3.34187 94.6382 82.3282 62.876
-0.00738119 -0.659324 3.33226 95.9842 84.0099 65.7366
-0.00520737 -0.693281 3.34043 94.7895 84.0526 64.5789
-0.00564978 -0.587379 3.32843 96.17 86.6435 67.7952
0.0333319 -0.601888 3.33917 95.5 86 68.5
-0.00622925 -0.511793 3.31999 97.5694 88.7459 70.6937
-0.00620003 -0.43756 3.32077 98.9225 91.2937 71.0919
-0.00609062 -0.362506 3.31327 97.1423 92.1838 72.9838
-0.00592744 -0.287259 3.29764 88.4631 78.227 60.5243
0.0556821 -0.261328 4.03247 183.333 146 92.6667
-0.00917513 -0.237912 3.28983 137.534 106 67.8652
-0.00635532 -0.208817 4.01095 136.538 118.437 88.1181
-0.00668337 -0.137802 4.00619 126.427 114.962 86.8414
-0.0083799 -0.0410293 3.9753 99.614 88.5614 63.3684
-0.00613539 -0.0670788 3.99694 107.916 94.4827 69.1416
-0.0469833 0.0105877 3.96947 114.352 97.2286 69.5143
0.0100306 0.0106403 3.9882 107.09 94.4944 70.6592
-0.00540997 0.0618916 3.97328 118.789 105.509 85.3509
-0.00594743 0.0882921 3.9914 118.367 108.65 82.3902
-0.0135367 0.188835 3.97603 110.207 94.0345 71.6552
-0.00492044 0.159228 3.98786 116.409 103.334 81.3476
-0.0361967 0.236929 3.97418 100.455 87.8483 67.7135
0.023269 0.232975 3.98401 111.515 98.8247 76.8351
-0.0225285 0.307399 3.96264 95.3677 85.3498 69.1121
0.0245846 0.290914 3.98103 100.806 85.6735 68.602
0.0665737 0.417849 3.78378 117.6 112.4 97.2
-0.0339725 0.387056 3.94461 98.7817 92.8646 78.179
0.0117104 0.38308 3.98705 109.293 98.9138 83.8621
0.0684771 0.431565 3.7739 125.632 118.263 98.4211
-0.0132505 0.459797 3.95868 116.328 111.084 93.9096
-0.00735674 0.535867 3.9442 118.018 112.242 98.2417
-0.00131645 0.614702 3.56698 170.486 156.727 139.105
-0.00727108 0.595406 3.89486 114.127 105.179 94.7817
-0.00509819 0.683905 3.56669 182.556 164.975 146.939
-0.00450438 0.757923 3.5567 190.936 171.35 150.711
-0.00571255 0.832263 3.55449 199.517 178.25 157.811
-0.00845158 0.907719 3.55219 211.94 185.255 165.483
-0.00805072 0.983341 3.55251 227.653 195.325 177.62
-0.00727369 1.05539 3.54515 241.215 205.855 191.197
-0.00451501 1.13138 3.54399 244.441 223.482 206.443
-0.0100139 1.20583 3.54577 243.436 243.932 226.833
-0.00627424 1.27958 3.54481 242.107 249.916 240.082
-0.00537898 1.34819 3.54301 242 250 241
-0.0648918 1.54044 3.90684 242 250 241
-0.017479 1.56565 3.92148 242 250 241
0.13154 -1.23891 3.45684 50.2903 35.5 20.4032
0.137833 -1.17807 3.47123 57.3927 45.1053 29.7449
0.106985 -1.21063 3.50773 42.05 25.75 23.7
0.164609 -1.09688 3.38572 87.126 67.437 50.0079
0.173619 -1.03542 3.36229 89.3034 70.9847 53.2252
0.172933 -0.960053 3.3547 92.0862 73.0954 51.4697
0.176206 -0.885615 3.35152 92.3372 76.387 55.8084
0.232108 -0.809475 3.33716 93.7039 79.1711 56.2368
0.150563 -0.810551 3.34763 92.8819 78.4829 61.979
0.22072 -0.727244 3.33606 94.8971 78.7257 58.6114
0.15066 -0.740361 3.34401 93.931 80.8879 62.273
0.183234 -0.659697 3.33475 95.8163 84.3929 65.7525
0.153476 -0.669165 3.34342 97.0956 85.6324 65.9265
0.173435 -0.587732 3.335 97.8451 86.2108 66.0728
0.260687 -0.600593 3.33957 100 87 71.75
0.262011 -0.482148 1.57307 68.6 46.2 32.2
0.260637 -0.479007 1.58576 63 45 33
0.173249 -0.511824 3.3263 98.0892 88.5762 72.3587
0.260605 -0.535955 3.33969 91 86.5 63
0.256258 -0.435667 1.53874 86.0451 59.9248 30.0677
0.254693 -0.422335 1.58542 154.222 108.778 68
0.173391 -0.436756 3.32009 102.189 92.7542 75.2736
0.174696 -0.362658 3.31639 100.958 93.2764 77.62
0.173825 -0.287177 3.30163 93.8033 78.7486 62.4335
0.164335 -0.240616 3.29092 143.512 109.488 76.3386
0.14805 -0.202324 4.00923 141.541 119.718 89.2967
0.210712 -0.104689 3.97301 87.6 75 60.4
0.173584 -0.13878 4.00078 103.891 92.766 71.0223
0.197062 -0.0653405 3.96892 100.894 89.0813 65.4878
0.157622 -0.0640751 3.98886 98.708 86.288 63.768
0.203478 0.00880829 3.96517 101.65 91.1148 68.0273
0.144583 0.0139605 3.98708 103.339 94.1038 72.8142
0.250999 0.0654107 3.96812 94.2222 85.4444 62.1667
0.168435 0.0856767 3.99077 109.152 100.141 80.4199
0.189168 0.191404 3.97687 113.25 100.4 78.95
0.173303 0.15866 3.98614 119.397 106.043 85.6919
0.183323 0.213617 3.97557 111.185 99.3333 76.463
0.174798 0.238821 3.98205 109.828 96.0031 75
0.170379 0.31731 3.95787 109.541 95.1805 76.6098
0.174442 0.293024 3.98267 107.951 93.75 73.5278
0.114301 0.403295 3.75734 122.305 112.878 94.9024
0.186689 0.377307 3.93055 103.393 93.9235 83.9286
0.229035 0.381974 3.98636 100.897 90.9487 79.9231
0.113478 0.432575 3.75942 126.909 117.818 101.318
0.183757 0.469038 3.95477 122.876 116.072 99.468
0.250058 0.440758 3.97969 111.806 105.645 85.3871
0.173004 0.53572 3.94199 121.917 114.577 100.08
0.17304 0.61184 3.56832 177.132 160.785 141.584
0.171117 0.592089 3.89356 121.155 111.266 98.1717
0.176377 0.683073 3.56501 188.587 168.656 152.27
0.172792 0.757599 3.56169 199.3 174.444 157.07
0.172778 0.832544 3.55774 209.688 182.674 165.548
0.172287 0.907654 3.55473 223.353 191.159 172.823
0.171032 0.98151 3.55122 238.822 201.657 186.056
0.173717 1.056 3.55017 244.579 215.662 199.555
0.171092 1.1295 3.54516 244.121 237.96 216.769
0.174945 1.20532 3.54425 242.196 249.848 239.549
0.170282 1.28095 3.54317 242 250 241
0.173488 1.346 3.54521 242 250 241
0.204366 1.53849 3.92708 242 250 241
0.175436 1.56015 3.92988 242 250 241
0.363116 -1.08751 3.36572 87.1024 67.278 49.2439
0.354138 -1.03491 3.35854 90.3294 70.9349 49.9152
0.352952 -0.960186 3.35055 91.8437 73.9868 57.548
0.331575 -0.868362 3.33166 95.4667 77.6857 52.5429
0.358787 -0.889049 3.34721 94.3057 75.7417 55.5948
0.326682 -0.806169 3.33597 93.7949 78.1154 61.7564
0.36026 -0.811749 3.34588 94.8389 78.0962 57.9519
0.408872 -0.715846 1.83018 76.8972 46.8556 22.8
0.332387 -0.727593 3.33431 94.7632 80.1353 65.3722
0.374818 -0.742819 3.34273 91.0778 76.5407 60.2185
0.289411 -0.626973 1.58103 68.087 43.7826 27.087
0.314478 -0.642092 1.63259 67.4255 45.5745 23.617
0.392843 -0.662158 1.82832 64.2267 39.1264 14.738
0.352381 -0.659753 3.3345 102.989 88.4141 69.4466
0.378165 -0.68845 3.34653 105.926 92.3333 69.6667
0.286068 -0.595627 1.58077 63.6456 39.8481 18.6266
0.296401 -0.582542 1.60296 63.2218 37.677 12.8794
0.381047 -0.590355 1.83564 75.8319 49.5321 27.1109
0.360467 -0.584625 3.32941 99.908 87.464 69.036
0.287022 -0.600154 3.34164 100.182 87.8364 69.2364
0.276998 -0.515506 1.5772 66.6301 41.9553 21.3049
0.298982 -0.510634 1.66478 77.8864 49 26.9545
0.370417 -0.514957 1.84284 85.2005 58.9818 35.6492
0.417116 -0.482988 1.90376 79 63.4706 33.5
0.353838 -0.510769 3.32611 102.055 90.223 72.7916
0.269249 -0.543402 3.33985 95.5 88.875 64.875
0.269885 -0.449165 1.55249 75.9462 49.7419 26.6021
0.291646 -0.436347 1.70656 126.135 89.2135 55.2809
0.352173 -0.439465 1.82791 123.618 84.1199 57.738
0.424499 -0.439317 1.9147 118.833 85.8182 59.601
0.352196 -0.436661 3.32166 109.134 95.5361 78.3303
0.352998 -0.361894 3.31579 107.477 95.5284 79.222
0.352943 -0.28752 3.30346 96.0144 77.155 63.3622
0.385298 -0.253357 3.80857 99.5909 94 82.8636
0.319595 -0.256675 3.90737 105.5 98 82.75
0.300987 -0.253972 4.00927 109.667 102.667 77
0.344992 -0.245068 3.29277 151.55 113.55 81.2333
0.392184 -0.242918 3.80975 104.733 96.2222 79.8444
0.390999 -0.221355 3.87792 126.732 106.477 71.8054
0.338657 -0.202313 4.00413 129.078 109.699 78.9297
0.351986 -0.138659 4.00749 95.4931 81.2259 56.7493
0.350551 -0.0642409 3.99757 94.8355 80.1671 56.0283
0.316952 0.0302243 3.96478 97.3095 88.5952 65.4762
0.362737 0.00772696 3.99155 100.495 87.9808 66.6645
0.342543 0.084481 3.96311 105.58 97.1233 78.5753
0.370454 0.0866706 3.9935 109.383 102.031 84.3951
0.415246 0.149661 3.97092 96.8205 84.1282 72.141
0.333878 0.162413 3.98854 106.284 96.6226 77.6936
0.353622 0.235969 3.98455 101.655 92.2084 72.7395
0.350212 0.332691 3.7998 99.6 87.1143 83.8286
0.348761 0.315166 3.92256 108.688 90.172 76.4731
0.349368 0.288191 3.98385 94.3504 84.2847 70.7299
0.360122 0.373054 3.80868 105.309 93.5532 86.6383
0.305423 0.383667 3.91445 115.758 95.5354 83.2525
0.421322 0.386581 3.98151 117.529 103.647 87.2941
0.367633 0.422976 3.81179 115.667 110.667 99.6667
0.356887 0.470482 3.97115 122.598 114.425 104.257
0.325707 0.458408 3.97966 114.966 110.655 98.9885
0.354679 0.53575 3.93826 124.004 116.131 104.144
0.351982 0.611673 3.56709 183.964 166.139 148.23
0.35603 0.589239 3.89409 124.697 112.12 99.7029
0.353391 0.683537 3.56339 197.222 173.838 156.466
0.353163 0.75802 3.5608 208.589 180.324 162.734
0.354541 0.833058 3.56091 222.234 188.436 172.485
0.352771 0.906796 3.55559 236.429 198.012 181.476
0.353303 0.982716 3.5561 244.422 210.286 194.15
0.351967 1.05687 3.54854 244.368 230.719 210.099
0.354377 1.13077 3.54586 242.959 248.831 231.506
0.351944 1.20607 3.54321 241.994 249.994 240.994
0.354219 1.28044 3.53859 242 250 241
0.346049 1.34476 3.54781 242 250 241
0.437965 1.53301 3.93911 242 250 241
0.355705 1.55545 3.92761 242 250 241
0.512775 -1.18411 3.56428 81.6667 60.3333 41.6667
0.495826 -1.08886 3.35793 85.9864 65.3878 41.7823
0.494521 -1.03698 3.358 88.4765 66.255 46.302
0.48987 -0.960193 3.35234 88.5951 69.0563 41.5246
0.495193 -0.866186 3.33661 95.4167 72.1667 58.9722
0.484594 -0.891872 3.34897 113.095 84.7684 63.0368
0.602323 -0.782447 1.9809 71.1667 36.1154 15.3462
0.462875 -0.808387 3.33754 95.8283 77.1616 66.5455
0.500109 -0.806636 3.34105 108.396 83.8255 62.604
0.444325 -0.72168 1.85304 88.7857 56.3571 33.1429
0.605367 -0.73681 1.97622 68.2175 33.3501 8.28912
0.519306 -0.730169 3.33612 96.3679 80.9326 62.7254
0.525435 -0.733991 3.34245 91.8231 76.2996 58.9711
0.622892 -0.6244 1.649 84 44 14
0.444456 -0.689387 1.85908 70.125 47.5 22.375
0.606 -0.662133 1.97116 73.2693 37.3037 12.9513
0.536265 -0.659927 3.33486 103.123 87.7439 68.1009
0.492908 -0.672185 3.33938 102.5 90.3889 68.2222
0.605437 -0.556288 1.41467 67.5 41.25 11.25
0.616311 -0.583518 1.52783 78.1676 34.9318 5.65057
0.618467 -0.588619 1.66358 78.3093 38.6749 11.5869
0.616376 -0.586531 1.82552 80.2976 42.1293 14.9439
0.60615 -0.588422 1.95537 82.0705 43.1514 21.389
0.53483 -0.585628 3.32998 102.505 85.5774 64.776
0.516222 -0.621621 3.33927 101 86 68
0.597431 -0.505038 1.35703 147.149 90.0447 46.3465
0.594422 -0.504234 1.4972 145.879 89.2887 47.8522
0.593612 -0.501395 1.64796 155.52 94.7935 52.1654
0.594393 -0.499014 1.8133 166.711 104.735 62.6588
0.589182 -0.496553 1.94287 166.362 104.432 58.2486
0.532523 -0.510628 3.32329 104.021 88.877 72.8521
0.488203 -0.444379 1.94485 111.121 77.0909 62.3636
0.532581 -0.436206 3.32146 109.791 94.9171 78.027
0.532928 -0.362519 3.3213 108.387 94.5735 78.6452
0.532149 -0.287522 3.30345 101.476 78.8192 57.8174
0.476648 -0.252769 3.77692 100 90.6 76.4
0.487585 -0.252177 3.85285 98.6 88.8 74.2
0.529932 -0.244822 3.29081 180.233 146.233 119.302
0.518288 -0.237502 3.7804 103.205 89.2308 71.5641
0.531013 -0.218034 3.90401 112.822 95.2237 75.4276
0.537005 -0.196761 4.00774 116.844 96.7467 78.8117
0.580174 -0.13668 3.9209 126.278 110.185 83.9074
0.518394 -0.140227 4.00733 112.283 95.3837 73.1085
0.566671 -0.035792 3.97694 104.455 82.6364 71.8182
0.52162 -0.0634921 4.00201 108.708 94.5574 76.0754
0.54911 0.021516 3.96081 102.994 87.1043 66.7239
0.521204 0.00437138 3.99181 109.133 92.6489 72.4756
0.527871 0.0812009 3.94741 107.929 95.5338 77.0096
0.552087 0.113707 3.98966 112.379 99.7586 80.2414
0.453727 0.139136 3.9726 114.1 103.6 79.8
0.537135 0.160108 3.99552 109.32 96.0081 72.4059
0.58376 0.264134 3.97466 105.074 96.2222 77.2963
0.529902 0.233352 3.98865 113.888 99.3896 78.0926
0.507559 0.323294 3.71212 141.159 122.568 109.682
0.519948 0.296057 3.93721 102.923 91.551 79.4184
0.479579 0.279183 3.98342 101.789 92.7368 76.0526
0.502409 0.352774 3.69331 164.75 145.5 127
0.51456 0.396862 3.96063 132.449 118.816 105.673
0.453321 0.394514 3.98266 133.348 121.043 101.522
0.516237 0.46158 3.97326 136.8 121.153 107.129
0.567292 0.459149 3.97907 129.949 113.717 102.576
0.576599 0.568502 3.5758 146.778 127.778 119.722
0.533808 0.536827 3.93535 127.707 115.121 104.341
0.548571 0.513929 3.97844 133.029 121.343 104.943
0.534663 0.610431 3.57207 186.678 164.676 146.776
0.523234 0.592397 3.90011 127.062 114.995 101.629
0.53294 0.682525 3.56755 200.043 172.612 152.788
0.534307 0.757019 3.56191 211.462 180.384 161.396
0.534203 0.831575 3.56073 222.365 187.728 172.487
0.532234 0.905711 3.55649 236.296 196.38 179.969
0.534459 0.981259 3.55531 244.709 208.539 195.01
0.534384 1.05796 3.55229 244.498 232.833 211.803
0.534945 1.13119 3.54406 242.786 249.279 234.795
0.533517 1.20599 3.54636 242 250 241
0.532431 1.2812 3.54293 242 250 241
0.528578 1.34371 3.54923 242 250 241
0.503215 1.53691 3.93189 242 250 241
0.519593 1.55346 3.93491 242 250 241
0.795092 -1.08603 3.35744 85.9231 60.5385 36.0769
0.706332 -1.02955 3.33605 87.4091 57.0227 30.9091
0.791752 -1.03514 3.3558 85.6607 63.9464 43.125
0.692222 -0.95285 3.33762 88.8182 64.0909 40.5455
0.748841 -0.95996 3.344 89.7035 64.8837 43.8721
0.713894 -0.88915 3.33604 89.9655 66.3103 47.931
0.751818 -0.882188 3.3463 89.2081 67.4698 42.4228
0.64853 -0.778971 1.96938 58.0972 27.5 6.34722
0.688828 -0.836181 3.33679 87.7143 62.3571 32.0714
0.778987 -0.815348 3.3444 94.855 70.542 44.458
0.651363 -0.735748 1.96615 56.4313 27.374 8.22901
0.698704 -0.707743 3.33836 98.7742 81.9032 65.3226
0.740415 -0.727785 3.34296 98.775 78.075 57.425
0.626815 -0.625617 1.67154 82.5455 39.7273 13.6364
0.640678 -0.640344 1.86142 74.9091 42.0909 12
0.643818 -0.670034 1.95533 65.1551 30.3934 4.99723
0.699153 -0.654061 3.33276 103.495 85.5541 63.1108
0.750455 -0.677 3.34203 103.015 84.0444 65.2
0.624746 -0.596332 1.54985 78.8936 32.2766 3.53191
0.624915 -0.599427 1.66824 79.0179 37.9554 11.0268
0.624523 -0.605439 1.79782 79.5882 41.6863 7.03922
0.624987 -0.622639 1.93112 78.6667 46 10
0.713087 -0.586861 3.32931 102.042 84.1018 65.6158
0.706916 -0.49677 1.34634 185.557 113.812 56.9713
0.713401 -0.491951 1.49672 191.431 122.285 66.1663
0.716462 -0.490317 1.66673 188.002 118.956 65.2012
0.712224 -0.485042 1.81289 210.685 134.779 80.4609
0.67662 -0.481455 1.93162 212.077 134.531 80.1993
0.714453 -0.51123 3.32844 104.734 87.0864 71.1623
0.79716 -0.470817 1.71984 202.294 132.441 85.9706
0.783508 -0.472457 1.76626 207.212 132.455 79.5455
0.668732 -0.473674 1.94032 178.6 112.2 76.5
0.712548 -0.436386 3.32402 109.925 92.5592 75.0164
0.74541 -0.419262 3.33949 114.833 93.6667 68.1667
0.712054 -0.362106 3.31817 109.04 91.8732 75.9783
0.711595 -0.288533 3.30456 109.244 80.5386 57.7316
0.746166 -0.261631 3.77666 96.4175 71.0777 60.8932
0.73743 -0.244573 3.28241 172.167 121.833 72.3333
0.746859 -0.239839 3.78374 81.7969 60.4219 51.8125
0.696477 -0.207389 3.92003 83.0965 75.3282 54.6371
0.783533 -0.204796 4.00416 82.6364 56.7273 40.5152
0.694755 -0.142834 3.91338 90.1569 81.5608 57.4471
0.740581 -0.133886 3.99742 88.812 74.6767 51.3835
0.711183 -0.0641118 3.90379 103.047 89.8188 70.5168
0.701967 -0.064997 3.9993 109.311 95.1693 77.6102
0.713503 0.00220854 3.97198 102.632 90.6912 72.4853
0.712397 0.0124057 3.99778 89.9908 80.3884 65.5963
0.64732 0.0546189 3.97129 85 73.4 69.2
0.727882 0.0886265 3.99686 87.5186 78.1894 65.5248
0.71002 0.159497 3.99447 110.087 92.6684 67.1234
0.675347 0.261287 3.97652 92 80.4375 66.1875
0.714765 0.233305 3.99133 97.0337 83.3186 62.7358
0.800393 0.335754 3.72169 144.75 125 108
0.667387 0.311036 3.97025 96.3929 83.869 77.1548
0.71391 0.301863 3.98987 89.6885 75.8743 68.847
0.797749 0.367021 3.72003 156.615 141.462 131.077
0.664387 0.391917 3.97033 91 83.9043 76.6702
0.711741 0.379319 3.98351 92.3209 82.3657 74.291
0.696197 0.469959 3.97477 120.758 104.814 94.3851
0.711598 0.451787 3.98065 115.621 101.909 91.798
0.730927 0.566783 3.56274 149.167 131.833 122.778
0.713607 0.533556 3.93669 121.93 109.598 99.1703
0.798506 0.500047 3.97815 116 104.5 93.5
0.713641 0.609993 3.56953 189.082 161.57 145.272
0.719614 0.586357 3.89691 123.509 107.681 96.6503
0.713343 0.682867 3.56829 203.292 170.409 154.208
0.712353 0.756827 3.56122 212.974 177.684 161.651
0.712734 0.831416 3.55879 224.383 184.767 167.917
0.713508 0.906709 3.55882 237.053 193.234 179.093
0.714325 0.981819 3.55506 244.938 207.205 193.485
0.712516 1.05661 3.55425 244.547 228.783 210.494
0.714921 1.13051 3.54736 243.159 248.267 231.558
0.710665 1.20452 3.54441 242 250 241
0.714663 1.28131 3.54592 242 250 241
0.715988 1.33701 3.54191 242 250 241
0.723358 1.53436 3.93953 242 250 241
0.704466 1.55092 3.93993 242 250 241
0.891004 -1.22605 3.53366 35.1667 24.3333 5
0.887785 -1.2073 3.53847 42.4444 33.5556 20.7778
0.899241 -1.09738 3.36881 86.8955 61.5904 37.8814
0.893023 -1.03544 3.36084 89.2282 64.9481 44.9054
0.892042 -0.959345 3.35141 91.7905 67.4299 47.9235
0.888999 -0.886371 3.35079 93.5712 68.2296 47.0911
0.933051 -0.783822 3.33586 106.143 76.7619 55
0.86931 -0.811721 3.34752 95.481 72.357 52.7342
0.926545 -0.734894 3.33526 99.8923 76.9538 54.1692
0.887758 -0.73776 3.34714 97.4196 75.0692 57.5132
0.900398 -0.662397 3.33111 101.255 78.5119 59.9447
0.817358 -0.653642 3.34157 97.2076 76.8679 58.4528
0.934078 -0.550442 1.66214 184.333 118.333 64
0.895132 -0.58804 3.33329 100.112 82.0528 60.7495
0.883212 -0.586194 3.34082 100.75 83.625 59.9286
0.83157 -0.499146 1.38057 188.823 110.985 48.6167
0.861511 -0.499566 1.50804 188.797 114.053 56.7708
0.898676 -0.49801 1.67026 171.718 105.613 55.5137
0.90369 -0.487633 1.82327 195.521 124.411 66.2888
0.903013 -0.487473 1.94353 189.813 118.367 55.0311
0.893524 -0.511321 3.32817 102.504 85.2661 66.7948
0.946943 -0.441242 1.71288 151.157 99.8846 60.4318
0.942307 -0.452172 1.75934 169.077 110.75 75.3846
0.89221 -0.435748 3.32278 106.897 86.1204 73.2142
0.964018 -0.387551 1.70884 106.093 71.6484 44.6758
0.892163 -0.361646 3.31793 102.615 86.3234 70.0844
0.891843 -0.291421 3.30422 102.179 72.0676 48.9225
0.811472 -0.263669 3.77335 146.059 100.765 70.2941
0.971746 -0.274122 3.8885 162.737 116.211 68.6316
0.977933 -0.256932 4.00967 90 59 42.2
0.805154 -0.245491 3.78012 79 45 43
0.88128 -0.231046 3.94876 71.125 52.4167 41.0833
0.921957 -0.206756 4.01615 89.3977 67.8864 51.25
0.809233 -0.151862 3.92418 62 48.6667 37.3333
0.934528 -0.136062 4.02481 99.5632 76.5057 62.954
0.818747 -0.048235 3.92985 67.5625 58.0625 39.7188
0.912986 -0.0606445 3.99549 89.5213 68.5213 55.1809
0.837022 -0.0152481 3.95926 75.5 59.6667 56.2083
0.89616 0.0163618 3.99866 79.8408 72.6727 59.5616
0.892198 0.0869397 3.99351 79.5112 68.6005 55.4938
0.892014 0.160219 3.99086 83.5107 74.043 54.6237
0.865919 0.250021 3.97684 109.386 85.9318 50.5455
0.887764 0.231504 3.98672 93.2062 76.2154 58.1938
0.82909 0.319415 3.73808 144.667 118.317 98.7667
0.871303 0.28176 3.97373 95.4857 75.3429 56.0571
0.895714 0.279967 3.98731 83.65 66.575 57.225
0.8204 0.378334 3.72331 175.362 153.435 133.551
0.905259 0.470523 3.9579 115.458 102.701 90.9028
0.867579 0.478835 3.97905 116.333 100.962 87.4744
0.893364 0.565285 3.56851 145.848 124.091 110.394
0.892977 0.53649 3.9214 104.926 91.9048 81.8405
0.885902 0.507553 3.979 98.55 84.1333 77.05
0.892268 0.608773 3.57467 187.372 156.3 140.184
0.879321 0.581687 3.89417 114.917 97.2018 83.055
0.89374 0.683396 3.57013 199.387 165.845 149.008
0.894462 0.757473 3.56555 210.077 172.142 157.326
0.894106 0.831965 3.56132 221.278 179.725 165.022
0.893746 0.907792 3.56084 233.024 189.208 174.046
0.893725 0.981767 3.55821 243.849 202.022 186.431
0.892164 1.05774 3.55727 244.872 218.836 199.595
0.895393 1.13131 3.54789 244.193 241.347 219.337
0.892613 1.20563 3.54832 242.224 249.928 239.536
0.89209 1.28092 3.54633 242 250 241
0.893632 1.33537 3.54344 242 250 241
0.939547 1.53069 3.92758 242 250 241
0.891127 1.54759 3.93558 242 250 241
0.995812 -1.16383 3.46423 78.3333 48 25.4
0.987526 -1.09594 3.36715 90.9091 54.5455 30.6364
0.990631 -1.02499 3.3721 90.7 59.1 31.4333
0.986717 -0.956671 3.35082 91.8333 59.6111 34.8889
0.990012 -0.905882 3.35458 97.1667 56.6667 24.3333
1.10965 -0.77823 3.35285 101.263 74.0526 51.4211
1.01501 -0.762515 3.33123 97.5833 75.8889 56.6389
1.07637 -0.734501 3.34597 98.4981 74.5057 51.4489
1.08049 -0.652551 3.33364 100.697 79.1742 54.4888
1.07198 -0.66569 3.34279 99.4433 78.1701 57.3505
1.07075 -0.585294 3.3323 102.005 81.8962 55.4808
1.09295 -0.592378 3.34167 102.122 82.0719 60.036
0.99558 -0.497117 1.68196 160.563 95.046 44.4713
1.02035 -0.488152 1.84708 187.303 117.677 58.8903
1.00695 -0.491789 1.93346 185.476 117.774 59.369
1.01445 -0.50087 2.06296 139.167 84.8333 41.8333
1.07222 -0.511519 3.32693 105.27 83.2737 65.1537
1.12188 -0.549295 3.34149 105 84 57
0.989339 -0.460019 1.7171 167.125 106.5 46.75
1.00165 -0.47355 1.89087 180.4 110.2 54.2
1.07478 -0.437374 3.32175 107.404 85.2474 69.0139
1.07308 -0.362887 3.3174 102.618 81.9579 64.266
1.14341 -0.329154 3.34028 93.5 68 53.5
1.07184 -0.286652 3.30841 121.346 85.3309 60.3016
1.12384 -0.294351 3.34763 98.25 75.0714 52.2143
0.99008 -0.267035 3.86583 147.308 107.154 63.6154
1.07501 -0.23861 3.32298 208.284 171.009 123.917
1.08744 -0.216782 3.40842 220.41 189.977 143.977
1.12853 -0.179536 3.51183 189.593 140.593 112.148
1.00574 -0.22808 3.92974 92.1167 64.9333 47.3833
1.06189 -0.197775 4.00627 102.626 75.4718 60.1692
1.14439 -0.124821 3.49809 192.357 144.643 107.964
1.13102 -0.139273 3.52093 193.244 147.091 114.006
1.07084 -0.136458 4.00456 107.272 84.2597 65.6699
1.14904 -0.0890202 3.49851 185.444 148.111 110.111
1.13538 -0.0631096 3.51213 189.865 148.84 118.804
1.07461 -0.0634981 4.00594 100.422 79.9947 61.0348
1.14554 0.000967676 3.55953 162.988 124.213 99.85
1.07372 0.0101084 3.99992 75.9032 73.4094 64.7767
1.07454 0.0864318 4.0017 73.3077 64.2184 58.8462
1.0752 0.160261 3.99657 73.8117 65.0637 55.0292
1.12706 0.268861 3.96944 66.75 64.125 56.125
1.07678 0.233861 3.99384 66.5178 62.5699 52.7726
1.09631 0.327221 3.73578 70 55.9167 46.9444
1.12449 0.287367 3.96486 78.8421 67.8947 62.5263
1.05353 0.315149 4.00031 80.3793 66.0172 56.7069
1.10965 0.372712 3.73496 73.1714 59.0143 55.7857
0.997573 0.403774 3.87499 69.8125 58.2812 55.0938
1.01684 0.35666 3.99768 65.7778 55.3333 56.8889
1.07346 0.462926 3.9302 87.3815 77.2948 76.526
1.0803 0.476312 3.98041 93.5126 82.4034 78.8403
1.0798 0.564319 3.57263 145.952 123.476 107
1.07574 0.535481 3.93124 105.215 88.7311 79.7642
1.08724 0.504579 3.98078 102.786 87.6429 86.5
1.07285 0.608911 3.57082 179.703 150.326 132.252
1.07204 0.584039 3.91967 109.331 92.4322 78.8559
1.07358 0.683318 3.56771 191.361 157.587 140.304
1.07159 0.757365 3.56439 200.02 163.691 147.933
1.07392 0.832008 3.56384 211.193 170.779 156.604
1.07258 0.906756 3.56333 221.054 181.27 163.831
1.07113 0.98161 3.55152 234.449 192.166 173.876
1.07338 1.05758 3.55626 244.014 203.502 187.162
1.07424 1.13176 3.551 244.825 222.603 205.237
1.07835 1.20741 3.55103 243.586 246.119 224.755
1.07172 1.2807 3.54669 242.047 249.996 240.744
1.07812 1.33003 3.5416 242 250 241
1.08956 1.52856 3.9347 242 250 241
0.997548 1.54321 3.93198 242 250 241
1.24771 -0.777553 3.35454 99.5714 70.1667 51.4048
1.30735 -0.730359 3.33402 98.1333 72.1111 52.5667
1.24582 -0.737594 3.35239 97.354 71.67 50.678
1.2742 -0.663229 3.33327 98.918 74.6967 50.9795
1.24058 -0.659678 3.3441 98.6997 75.1862 53.5646
1.24953 -0.586144 3.33118 103.19 77.4441 60.2682
1.26864 -0.58789 3.34325 102.103 77.5493 61.5869
1.18177 -0.513977 1.94136 191.111 117 49.1111
1.25383 -0.510691 3.3298 104.613 81.5674 61.444
1.25815 -0.537956 3.34176 102.059 81.5882 59.5294
1.30589 -0.448562 2.36296 44.1368 27.8462 10.1197
1.26916 -0.450361 2.40267 44.5143 31.4857 14.5429
1.25404 -0.440093 3.32823 107.986 83.252 65.0508
1.26584 -0.420593 3.3412 108.623 83.8197 64.2951
1.25407 -0.361691 3.32004 101.569 79.7657 61.365
1.28479 -0.394099 3.33936 110.25 85.5 66.75
1.25278 -0.293107 3.3056 110.641 67.7898 47.3469
1.28163 -0.260594 3.40846 223.265 156.327 113.939
1.30385 -0.256923 3.61549 222.154 154.692 117.769
1.18919 -0.216895 3.43325 209.281 157.741 126.252
1.28946 -0.228556 3.61176 146.339 96.8036 78.5714
1.32935 -0.199134 3.70162 104.726 66.6129 42.2581
1.17611 -0.196483 4.01077 88.4359 58.6923 56.7179
1.20189 -0.138029 3.53218 153.059 110.333 78.902
1.32681 -0.136872 3.70587 105.459 66.2397 42.726
1.18179 -0.137519 4.0053 106.481 77.6049 60.4074
1.24808 -0.0604961 3.57226 131.858 96.6418 70.1269
1.31736 -0.0632901 3.7007 107.49 69 42.8333
1.18149 -0.056834 3.99654 96.1857 71.4714 63.0571
1.25254 0.0127411 3.62842 123.062 87.4306 66.5069
1.30791 0.0121078 3.73593 105.956 65.9286 45.4011
1.20817 0.0328287 3.96646 84.1304 48 51.4783
1.19134 0.00608136 3.9956 85.754 65.1746 59.1587
1.28302 0.0903224 3.65169 107.074 68 52.3333
1.29397 0.0768059 3.71881 114.484 71.0141 51.1221
1.3001 0.0996382 3.87734 90.8427 57.8202 40.1461
1.2214 0.0942691 4.00219 80.509 54.7072 56.9279
1.3189 0.145721 3.65035 83.9792 65.125 47.9792
1.31068 0.160156 3.71885 110.359 74.9612 47.4466
1.31586 0.15633 3.86759 103.13 65.6435 43.0261
1.25065 0.162343 4.00247 70.9018 63.3256 56.3204
1.33538 0.199883 3.95366 100.667 63.3333 47.6667
1.25333 0.234567 3.99577 68.4282 58.9149 52.7739
1.33748 0.314067 3.802 112.125 93.875 76
1.34079 0.340939 3.82273 111.5 97 71.5
1.2557 0.278279 3.99216 68.7397 55.6027 49.0137
1.33391 0.381057 3.9853 88.1778 69.8444 59.0889
1.25719 0.461814 3.9684 100.617 85.0748 79.0187
1.27372 0.468711 3.98206 101.006 84.8814 80.4068
1.26177 0.562869 3.57533 141.753 119.282 103.094
1.25123 0.540077 3.93094 102.489 84.7 74.9167
1.28238 0.507644 3.98283 103.965 90.0349 82.0814
1.25411 0.607852 3.57405 168.14 137.893 123.343
1.2372 0.585117 3.93192 107.228 83.9505 79.3663
1.25511 0.683157 3.57374 177.4 144.24 128.935
1.25669 0.756982 3.56581 183.492 150.244 134.586
1.25263 0.831197 3.56103 193.681 157.534 143.718
1.2544 0.907394 3.56109 203.45 166.087 152.033
1.25056 0.981825 3.55808 214.28 175.952 161.799
1.25496 1.05826 3.56053 227.793 185.37 171.508
1.25271 1.13013 3.54695 240.558 196.622 183.202
1.2521 1.20643 3.53916 244.998 219.286 196.421
1.25127 1.28245 3.54264 243.466 245.049 227.337
1.25365 1.32995 3.54754 242.037 249.969 240.801
1.24956 1.52292 3.93184 242 250 241
1.39359 -0.780254 3.33216 93.4186 62.6279 45.5581
1.39461 -0.781861 3.35132 93.625 65.375 44.625
1.39169 -0.739738 3.33469 88.2581 62.6728 44.1797
1.41172 -0.733772 3.3507 92.5 65.1543 37.1481
1.39692 -0.658287 3.33269 93.5112 68.0032 47.9105
1.40857 -0.670411 3.34627 88.18 64.52 44.56
1.39573 -0.589826 3.33363 98.6171 72.8439 51.2677
1.41002 -0.583145 3.3437 96.8534 74.8103 53.3621
1.39664 -0.51159 3.33093 104.316 77.1145 55.3939
1.37465 -0.456203 2.34456 43.1282 28.0769 11.9487
1.40159 -0.437758 3.3286 103.209 77.6667 60.5917
1.39721 -0.361553 3.31764 101.008 77.6309 56.9136
1.3981 -0.289637 3.3021 114.098 72.5601 41.6899
1.38714 -0.259973 3.45188 140.207 96.0435 66.3261
1.44146 -0.255927 3.49955 78 55.75 38.75
1.42943 -0.213987 3.48973 96.6968 67.1355 45.0065
1.41001 -0.202224 3.55001 141.773 103.509 79.3818
1.38172 -0.205513 3.69169 134.932 98.1351 71.7027
1.4742 -0.136918 3.44393 103.644 77.8418 57.2429
1.41587 -0.14247 3.54481 123.719 90.0131 61.4739
1.39742 -0.142335 3.68652 152.067 114.633 83.3222
1.44488 -0.0663469 3.48359 109.883 78.1402 53.1402
1.38854 -0.0580803 3.59361 138.512 99.5504 76.7907
1.41297 -0.0742236 3.69056 168.8 123.044 101.3
1.4461 0.00649462 3.48525 125.747 94.5422 67.7831
1.40758 0.0181954 3.53403 162.61 122.573 88.1463
1.41263 0.0122353 3.71713 166.667 126.5 99.3333
1.45291 0.0851392 3.47254 127.144 93.6082 72.1856
1.44396 0.0816356 3.57262 180.372 140.634 94.7382
1.44384 0.0962096 3.73268 144.826 111.459 79.6422
1.44297 0.0896231 3.85644 116.218 85.1264 65.7356
1.4544 0.158022 3.48439 127.306 91.129 67.8387
1.45492 0.160121 3.568 174.145 131.022 95.058
1.44771 0.151222 3.74705 132.61 104.22 73.7712
1.45529 0.151477 3.88646 98.0455 71.5606 49.3788
1.47872 0.244909 3.42017 112.937 85.4324 69.5946
1.44865 0.233617 3.54052 168.796 128.111 84.5278
1.45538 0.243949 3.76282 134.152 101.121 70.4545
1.44164 0.246256 3.92091 75.4952 57.4476 45.819
1.39505 0.236821 3.99121 70.5105 56.9579 50.7842
1.46512 0.303785 3.4456 117.958 93.4366 83.338
1.45025 0.312041 3.5776 169.83 132.46 92.2159
1.41667 0.312621 3.76926 124.003 94.8373 73.4169
1.37914 0.317248 3.90216 102.737 84.4737 67.1316
1.36303 0.303683 3.99965 88.8718 69.2179 59.5641
1.45271 0.37493 3.47877 126.333 88.1176 70
1.45102 0.386545 3.57608 181.333 136.6 92.8833
1.44038 0.377952 3.7492 133.587 102.184 75.6547
1.39894 0.386583 3.87697 115.922 91.9944 69.3687
1.35924 0.387132 3.98265 101.776 78.2836 64.7164
1.45212 0.45549 3.6043 176.228 135.347 93.4731
1.45803 0.455023 3.73383 146.219 114.188 81.5781
1.45791 0.458183 3.91181 102.359 78.4909 62.1636
1.38944 0.461554 3.9844 100.295 81.41 70.47
1.4003 0.553393 3.58235 114.547 90.6328 77.5547
1.45426 0.523667 3.74973 113.051 88.3671 70.924
1.41926 0.53357 3.91041 93.8169 73.9932 64.0034
1.39301 0.509998 3.98098 95.3444 79.9444 75.0667
1.39676 0.608063 3.57697 139.242 109.713 95.2218
1.39095 0.582551 3.93679 96.3492 76.0159 67.0317
1.50275 0.692434 3.35212 110.725 85.275 71.2
1.39558 0.682467 3.57019 143.646 113.557 102.485
1.39847 0.756583 3.56739 150.353 117.328 100.959
1.39683 0.832663 3.56545 157.181 123.405 109.418
1.39839 0.908006 3.55653 163.142 128.543 116.855
1.39687 0.982047 3.55854 173.658 136.661 124.156
1.39232 1.05545 3.55396 186.554 147.362 132.229
1.40044 1.1326 3.55479 195.288 156.673 139.598
1.39922 1.20273 3.5556 214.117 169.305 150.601
1.39624 1.28224 3.54856 238.624 201.134 187.373
1.39064 1.33276 3.54961 242.9 247.5 236.017
1.38753 1.52174 3.94245 242 250 241
1.67724 -0.419431 3.35137 95.2234 77.0319 54.4574
1.66657 -0.36157 3.35083 97.5509 88.5132 67.8415
1.66857 -0.289383 3.35306 93.1417 85.1208 71.2
1.66848 -0.211969 3.35792 95.7927 83.9268 65.1301
1.60901 -0.15719 3.36382 99.497 89.9231 68.5562
1.62217 0.00892572 3.44531 65.1905 41.3333 27.5238
1.66183 -0.00348507 3.50618 85.5 58 45.5
1.54307 0.25651 3.35283 110.029 88.1014 78.7681
1.54397 0.284172 3.37954 141.017 121.259 104
1.69623 0.475457 3.37692 94.8824 67.9412 47.2353
1.53372 0.702915 3.37082 110.176 83.7059 74.4706
1.53338 0.720859 3.3616 115 81.5 77
1.76758 -0.411066 3.35145 85.6087 76.1826 48.8522
1.77507 -0.362061 3.35094 80.5 76.261 58.6104
1.77583 -0.288913 3.35385 82.9019 77.6119 56.7974
1.77479 -0.212646 3.35276 90.6158 81.8772 63.1545
1.76293 -0.158846 3.34933 95.1598 92.3969 70.2732
1.70604 0.465593 3.38542 95.8333 66.6667 47.6667
2.04827 0.0188122 3.46389 102.273 69.7273 50.3636
2.03244 0.0435324 3.53885 131.833 91.3333 65.6667
2.06023 0.219419 3.4319 108.167 75.3333 51.8333
2.15667 -0.80558 3.57227 63.0093 36.2315 11.7407
2.15556 -0.751273 3.56949 57.9091 35.4318 8.70455
2.17355 -0.629172 3.60695 81.2 47.6667 27.4667
2.22006 -0.648972 3.66437 82 50.1667 30
2.1704 -0.591516 3.60266 79.1579 50.1053 27.8947
2.15471 -0.523855 3.57322 80.9672 52.0164 32.1475
2.15984 -0.429722 3.57381 83.5 55.0909 26.2727
2.14318 -0.370373 3.55793 85.2727 57.7636 33.2182
2.14502 -0.286907 3.56113 87.7447 57.1064 37.5532
2.0818 -0.167265 3.49521 91.2667 66.6 34.2
2.07186 -0.0437678 3.4396 88.4444 60.5556 36.3333
2.09412 0.0657842 3.494 104.692 72 54.4615
2.10839 0.0601778 3.50364 104.333 70.8333 52.6667
2.08645 0.193042 3.4705 104.333 71 54.3333
2.07913 0.207427 3.45915 104.222 74.8333 49.3889
4.57363 0.750485 7.65094 115.6 87.6 48.6
4.58014 0.763537 7.65146 116 88 48
