-4.25715 -0.402065 5.61123 33 22.5 19
-4.26143 -0.393428 5.61109 32 21 20
-4.25289 -0.393453 5.6114 28 25 14
-2.32476 -0.713051 3.23058 74.16 49.12 20.64
-2.31833 -0.663931 3.22298 75.5946 49.4865 22.8919
-2.31424 -0.55547 3.20266 74.2857 51.7143 25
-2.31787 -0.600232 3.21573 78.3226 50.6774 28.2903
-2.31817 -0.50923 3.19856 79.0294 52.9118 25.2353
-2.31361 -0.441081 3.19993 79.5455 59.0909 33.8182
-2.31373 -0.360585 3.20476 82.6667 59.9167 34.6667
-2.31785 -0.370992 3.21337 86 61.5833 42.75
-2.31491 -0.312426 3.20177 83.4286 62.1429 27.7143
-2.32509 -0.301812 3.21889 86 63.25 34.375
-2.23546 -0.884882 3.19653 105.213 83.1915 52.2979
-2.23197 -0.892814 3.22165 108.5 82.5 48
-2.17262 -0.775458 3.09727 81.5 44.7 6.9
-2.20338 -0.774187 3.10781 73.5 34.6667 0
-2.14886 -0.790737 3.37495 73 41 17
-2.15646 -0.774632 3.5996 26.75 19.75 6
-2.16605 -0.759663 3.09754 70.2632 40.8421 11.4211
-2.21119 -0.753732 3.16938 66.7712 34.4444 8.19608
-2.22919 -0.723166 3.22961 95.3545 60.6058 32.4259
-2.15252 -0.765055 3.59988 24.75 22.25 11.25
-2.22756 -0.657817 3.22491 97.5235 67.5665 46.6544
-2.15051 -0.660054 3.5262 41.2 21 12.4
-2.15179 -0.661412 3.55209 35.25 18.9375 6
-2.29212 -0.559962 3.20567 76.6667 55.1429 22.619
-2.22503 -0.58685 3.22389 98.7747 71.7074 45.1347
-2.29632 -0.510908 3.20557 81.2821 53.735 31.8718
-2.2192 -0.509269 3.22084 102.916 72.8538 48.4803
-2.29331 -0.430972 3.20533 81.4825 61.114 33.614
-2.21593 -0.437846 3.21726 106.528 79.1357 51.6583
-2.26231 -0.353094 3.20538 86.933 65.799 35.2268
-2.20732 -0.367745 3.21432 114.851 86.0729 61.1945
-2.25702 -0.284452 3.2025 91.2464 68.1333 42.4435
-2.18034 -0.289256 3.21301 134.762 102.404 78.0363
-2.23388 -0.210205 3.20157 105.494 78.7265 57.9316
-2.1678 -0.236048 3.21224 152 120.375 99
-2.22721 -0.136203 3.19569 111.577 83.0907 60.6969
-2.226 -0.062213 3.19398 110.593 87.0324 65.1073
-2.2237 0.011226 3.18871 113.473 89.5497 64.1724
-2.2217 0.0850827 3.18712 119.205 89.2766 69.3176
-2.22124 0.160161 3.18042 116.3 89.4133 67.345
-2.21602 0.235837 3.1784 118.663 93.0742 70.382
-2.21434 0.308662 3.17 119.86 92.2466 67.2489
-2.21409 0.382631 3.16807 120.643 91.4537 68.9251
-2.20922 0.458699 3.16178 120.858 92.9609 70.3912
-2.21197 0.532196 3.15835 120.541 93.7407 69.5956
-2.20897 0.607429 3.1583 121.196 94.0819 69.5186
-2.20903 0.681827 3.15659 123.806 95.643 72.4634
-2.20569 0.755575 3.15283 125.947 94.4962 75.7632
-2.20537 0.830092 3.14896 123.713 93.785 77.3325
-2.20616 0.90586 3.14543 121.354 96.1571 79.3117
-2.19785 0.978275 3.13973 123.964 96.7917 75.2917
-2.1987 1.05327 3.141 125.737 97.6477 75.5556
-2.20205 1.12647 3.14074 123.497 96.608 77.2585
-2.198 1.20368 3.13423 120.421 95.2174 75.2663
-2.19482 1.25782 3.08379 110.629 80.8857 52.0286
-2.19327 1.25007 3.12096 119.702 89.5962 70.9615
-2.12666 -0.77686 3.07118 91.4 44.6 17.6
-2.13744 -0.779782 3.36638 76.7353 47.6176 23.5882
-2.13496 -0.80149 3.50868 47.5435 33.1087 6.86957
-2.13643 -0.810517 3.55607 31.2414 18.7241 3.72414
-2.11694 -0.758573 3.083 92.9211 50.5395 20.8289
-2.13586 -0.752697 3.13107 97.6667 59.3333 27.6667
-2.12639 -0.726922 3.26194 130.631 99.1553 62.432
-2.12831 -0.734805 3.37874 78.4035 50.4094 22.2749
-2.12123 -0.725276 3.48613 40.5781 23.9297 9.82812
-2.1298 -0.726236 3.55995 28.8442 19.039 7.07792
-2.1255 -0.659651 3.25888 134.569 103.661 77.2097
-2.12225 -0.660363 3.3687 74.1105 52.3923 27.8122
-2.13407 -0.657624 3.47869 45.8455 27.1707 9.73171
-2.1323 -0.65994 3.56005 33 19.8824 4.53922
-2.12413 -0.584624 3.25179 138.803 107.562 77.3476
-2.12443 -0.582671 3.36993 75.1294 55.4876 31.1095
-2.12886 -0.587908 3.47908 41.6014 29.1159 11.8116
-2.12537 -0.582298 3.54927 29.5281 22.2921 5.31461
-2.12672 -0.5096 3.25334 141.679 109.782 79.2099
-2.12544 -0.509864 3.37209 77.385 54.7754 30.6524
-2.12262 -0.513654 3.4787 43.5 28.8855 10.6687
-2.12878 -0.512109 3.55593 32.2391 23.163 10.6848
-2.12669 -0.435413 3.25532 141.064 111.727 83.5618
-2.1149 -0.436424 3.36497 70.7838 54.0432 27.7784
-2.12715 -0.435489 3.48652 42.0059 29.1176 17.8059
-2.12598 -0.434952 3.55948 33.9667 22.7167 3.96667
-2.11984 -0.360125 3.24687 144.667 114.326 82.5938
-2.11472 -0.359758 3.36016 74.3576 56.1273 25.0545
-2.12619 -0.362512 3.48328 45.0604 33.8407 9.71978
-2.11923 -0.361005 3.55226 34.4211 26.5439 2.96491
-2.11996 -0.285959 3.24762 147.612 115.963 87.4415
-2.11024 -0.285945 3.3733 74.7418 55.1209 26.4286
-2.11961 -0.288379 3.48348 52.8994 35.3687 21.6704
-2.08598 -0.284928 3.57068 51.4862 32.5688 16.156
-2.1353 -0.18834 3.20768 166.571 132.548 109.595
-2.11435 -0.213619 3.24683 148.096 113.611 91.975
-2.11333 -0.213925 3.36908 77.5529 57.7882 32.8353
-2.11963 -0.213422 3.48193 48.5988 33.4551 17.9461
-2.12457 -0.211911 3.55685 42.5128 26.3846 7.10256
-2.12126 -0.136038 3.20359 168.755 131.454 103.963
-2.1075 -0.137764 3.26819 138.684 108.135 79.5205
-2.11294 -0.138213 3.37595 78.0695 53.3048 36.3102
-2.11847 -0.135724 3.49307 46.284 31.8827 14.9753
-2.12696 -0.165251 3.55231 41 28.8333 10
-2.12439 -0.0599253 3.20327 170.149 135.292 106.199
-2.10222 -0.0640588 3.26215 134.612 106.646 78.7961
-2.10658 -0.0650439 3.36956 79.2885 55.0192 30.0577
-2.11917 -0.0650343 3.48978 46.7744 36.311 13.5183
-2.11431 -0.0586425 3.53834 38.5556 33.4444 7.77778
-2.12056 0.0119793 3.19714 172.76 137.164 106.175
-2.10149 0.0107518 3.26722 132.872 103.694 74.3288
-2.10699 0.0104248 3.37816 75.3101 55.1329 32.5
-2.11011 0.00861125 3.48866 50.9519 33.3262 13.9144
-2.10822 0.0229434 3.55334 45.3333 30.5 4.83333
-2.12571 0.0821346 3.19967 175.212 139.315 112.432
-2.10465 0.0869856 3.25857 141.876 112.853 84.6129
-2.10509 0.0873533 3.37677 77.37 55.945 35.245
-2.10223 0.0838677 3.48021 50.8592 32.1127 19.4437
-2.11692 0.0922706 3.54714 45.6923 30.8462 18.9615
-2.11848 0.162176 3.19133 177.098 140.351 109.824
-2.10111 0.160491 3.26479 134.312 109.543 80.402
-2.10562 0.158933 3.37735 78.0538 55.4355 35.2527
-2.11053 0.161653 3.4918 50.236 34.6584 22.8323
-2.10769 0.1463 3.54692 45.913 32.4783 19.7391
-2.11597 0.236002 3.18931 176.651 142.995 112.061
-2.09818 0.234799 3.26649 130.655 106.97 79.8571
-2.10382 0.234301 3.38334 72.5135 56.1892 39.5297
-2.10606 0.235578 3.49583 47.6488 37.9464 13.1845
-2.11418 0.30853 3.18697 180.769 142.967 110.45
-2.09177 0.309815 3.26157 130.144 101.406 74.0535
-2.09669 0.310965 3.37745 71.8927 54.2146 39.2976
-2.10013 0.305877 3.48567 48.2585 37.8571 16.4898
-2.11586 0.385701 3.1783 183.202 145.361 114.541
-2.09336 0.383587 3.25616 136.831 106.543 80.3059
-2.09498 0.382632 3.37396 74.345 55.905 34.675
-2.09971 0.384892 3.48365 54.2558 38.1318 14.2868
-2.10574 0.460055 3.17691 181.333 145.629 112.684
-2.08328 0.457303 3.26644 118.236 94.9537 65
-2.09113 0.452557 3.37031 74.8099 55.8099 36.9091
-2.09921 0.45859 3.47876 57.232 37.5249 13.2818
-2.1055 0.532021 3.17251 183.352 147.052 115.76
-2.08202 0.533847 3.25978 123.649 97.7951 74.8
-2.09272 0.535636 3.3632 81 60.3883 34.6117
-2.09883 0.53147 3.46641 57.7243 42.1589 19.2383
-2.10381 0.607233 3.17154 184.326 146.332 117.142
-2.08049 0.605719 3.2567 122.46 98.0625 81.0625
-2.089 0.609872 3.36742 78.6011 56.8427 43.9494
-2.09478 0.606528 3.47464 54.4939 42.6829 21.6037
-2.09962 0.682603 3.17414 180.059 146.982 117.959
-2.07482 0.680887 3.26222 112.291 91.2308 66.7198
-2.08114 0.678467 3.36695 75.3918 56.0585 35.6959
-2.08634 0.680758 3.4709 55.3451 40.838 24.8944
-2.09568 0.754777 3.16649 182.695 146.035 115.534
-2.07214 0.758965 3.26662 111.91 85.381 61.7884
-2.08237 0.755759 3.3765 76.3222 56.0738 31.6174
-2.08479 0.755941 3.46622 56.1395 44.5736 24.3876
-2.09631 0.830461 3.16305 183.951 145.44 117.997
-2.06429 0.830295 3.25564 111.147 86.5584 63.0711
-2.08245 0.831829 3.37743 74.7095 58.3514 38.4392
-2.08196 0.829593 3.45947 57.3643 44.7643 28.0643
-2.08929 0.904778 3.16005 178.291 143.2 119.017
-2.06843 0.903459 3.26721 108.152 84.8848 59.9758
-2.07082 0.904961 3.3717 72.7302 55.8254 34.4127
-2.0764 0.906685 3.46713 58.1864 46 23.8051
-2.08989 0.97938 3.15569 178.861 142.212 115.839
-2.06105 0.975036 3.25649 110.994 85.0325 63.7662
-2.07727 0.980133 3.38301 72.0385 56.0913 43.101
-2.06812 0.98186 3.45969 59.4255 43.4787 31.9468
-2.08484 1.05313 3.15911 175.739 142.245 117.897
-2.05245 1.05456 3.25746 106.331 81.6354 51.3923
-2.07007 1.05608 3.38098 76.7684 56.8842 35.8842
-2.06463 1.05288 3.45348 62.6 46.5412 31.3882
-2.0886 1.12754 3.15232 177.154 146.078 121.541
-2.05139 1.13007 3.24629 114.526 92.5321 68.9038
-2.06327 1.12711 3.3659 78.7826 62.5404 42.6335
-2.07555 1.13042 3.47239 67 48.134 30.8454
-2.06204 1.2321 3.00339 169.667 126.556 89.3333
-2.08078 1.20203 3.14612 175.266 143.251 121.843
-2.05045 1.20777 3.25951 117.298 88.3421 65.9211
-2.07109 1.2121 3.38441 84.6789 62.844 40.8532
-2.0747 1.2003 3.46197 70.7239 50.3507 28.6716
-2.08408 1.25286 3.07655 170.707 131.491 105.103
-2.06786 1.26627 3.15368 161.915 134.3 108.377
-2.05269 1.27202 3.25653 118.674 90.5909 72.2803
-2.06129 1.27791 3.37791 85.4088 64.3867 42.0221
-2.06934 1.26385 3.46839 75.0714 57.2571 36.8714
-2.03537 1.31518 3.2028 128 112.5 59.5
-2.05693 1.3412 3.29242 112.276 82.3793 52.7586
-2.06437 1.35888 3.39141 84.7766 65.5426 38.3404
-2.06837 1.37076 3.44972 81.6875 60.4375 46.4375
-2.06161 1.39696 3.41368 79.2143 62.2857 38.2143
-2.07067 1.41043 3.48373 80.7358 61.8868 50.2642
-1.89197 -0.777968 3.0464 66.0909 29.6667 11.697
-1.87099 -0.708843 2.86061 93.76 49.44 24.96
-1.93234 -0.728091 2.92858 91.6 45.5 21.9333
-1.8856 -0.746667 3.02501 57.64 31.332 4.428
-1.88155 -0.687079 2.84521 135.571 98.5238 53.8095
-1.97228 -0.458961 3.35913 29.2857 21.7143 4.07143
-1.90264 -0.274223 3.55088 36.25 18 6.5
-1.93793 -0.0488487 3.41361 37.5 26 11.8333
-1.97156 -0.0654108 3.45863 40 26 4.25
-1.95295 0.250408 3.34924 45.4167 34.5 9.16667
-1.9389 0.328344 3.43918 48.697 31.9394 7.36364
-1.93727 1.01487 3.30849 63 46.25 27
-1.93722 1.01992 3.30849 63.5 45 27.75
-1.96647 1.0444 3.363 66.6667 48.5 29
-1.7158 -0.939436 2.30434 79.0294 59.4265 25.5294
-1.70121 -0.956914 2.37836 75.5667 50.7333 31.3222
-1.71058 -0.93613 2.4722 79.7143 62 34.8214
-1.70808 -0.92981 2.83806 100.941 58.6275 21.4314
-1.70942 -0.951088 2.92094 74.1333 45.6571 14.2762
-1.68928 -0.872035 2.21958 85.5357 62.2857 38.5714
-1.69225 -0.87942 2.2836 83.4976 62.4195 39.9707
-1.69069 -0.878359 2.38658 84.375 62.4886 37.2159
-1.68589 -0.893457 2.50287 85.8889 65.2963 36.0185
-1.6699 -0.861029 2.60645 79.2 59.8 34.56
-1.67879 -0.890856 2.72232 98.5962 55.2885 22.75
-1.70782 -0.881604 2.83839 112.626 67.9712 22.1481
-1.70222 -0.877591 2.91503 67.9595 40.4527 16.2162
-1.72267 -0.87521 3.00966 21.5 16.6667 9.25
-1.69005 -0.825277 2.21815 85.3333 60.6667 53.1667
-1.69686 -0.804876 2.28398 86.3127 66.6364 38.6982
-1.68993 -0.814111 2.38282 89.8906 63.9141 39.9688
-1.69859 -0.789973 2.47469 80.6286 65.1429 34.2857
-1.67016 -0.829632 2.59723 79.7949 63.5897 33.7949
-1.67115 -0.802227 2.71964 113.867 73.6667 20.9667
-1.7134 -0.814752 2.85856 112.519 67.3513 34.6108
-1.71017 -0.807065 2.92558 62.391 35.1603 14.1474
-1.68746 -0.743254 2.29735 89.1381 64.9456 35.1841
-1.68113 -0.740786 2.35595 91.4 60.24 38.48
-1.67384 -0.74098 2.49558 84.7534 62.1507 42.9452
-1.67606 -0.724965 2.56551 101.913 73.913 49.8261
-1.66896 -0.753914 2.68198 106.714 69.6429 35.6429
-1.72054 -0.754323 2.85032 118.604 71.125 36.2292
-1.72788 -0.748796 2.91984 81.4951 52.7379 17.9903
-1.80853 -0.748958 3.02567 59.8485 30.4848 4.63636
-1.66644 -0.617266 3.4344 27.3333 20.5 8.66667
-1.49843 -0.877091 2.16529 82 53.5 26.5
-1.6319 -0.886699 2.62994 95 59.8478 22.5
-1.65929 -0.889661 2.67398 89 52.5 18
-1.65802 -0.824588 2.4157 84.3 67.3 43.7
-1.65926 -0.772836 2.48754 87 69 41
-1.64498 -0.812857 2.62773 92.6933 60.2467 27.1533
-1.65107 -0.799609 2.68933 113.84 70.48 22.2
-1.6501 -0.742576 2.53709 80.7586 63.3793 41.1379
-1.62867 -0.768946 2.61675 110.333 69.6667 26
-1.65013 -0.747251 2.67432 118.633 74.3667 32.5667
-1.60265 -0.709327 3.40407 26.8182 18.3636 6.45455
-1.64551 -0.124748 3.40918 38.5 32.3333 16.1667
-1.63476 0.668647 3.40982 65.1667 50 31.3333
-1.34175 -1.22214 3.4691 34.5 26.5 5
-1.36713 -1.17357 3.48953 48.4071 36.7168 22.4956
-1.37856 -1.08336 3.38022 73.2041 51.9184 28.8776
-1.36936 -1.12644 3.47065 70.6866 50.6119 26.2388
-1.38246 -1.03258 3.36111 72.7256 51.8797 38.0301
-1.38159 -0.958297 3.35238 74.7906 54.1538 36.0427
-1.39907 -0.867965 2.1706 88.8239 57.3689 36.0971
-1.39277 -0.847639 2.25532 80.4286 25.2041 24.4898
-1.38799 -0.869517 2.41891 59.3333 47.3333 21.2
-1.34617 -0.884827 2.53834 35 27.1667 1.33333
-1.38641 -0.883514 3.35388 74.7168 55.7491 39.1971
-1.41248 -0.837263 2.17487 80.2345 31.0489 21.8274
-1.38929 -0.827869 2.2644 114.54 81.0826 61.1321
-1.42372 -0.83775 2.37308 66.5 43.875 25.875
-1.37706 -0.808062 3.34446 76.2222 57.9907 39.6667
-1.37785 -0.735321 3.34067 80.2957 59.8348 43.8696
-1.37727 -0.660358 3.3383 81.2367 61.3837 44.8694
-1.38024 -0.58402 3.33311 83.4935 63.1429 44.0952
-1.37392 -0.509384 3.32911 84.8811 65.674 47.9648
-1.37423 -0.437503 3.33226 86.441 65.9214 42.9782
-1.35988 -0.345822 3.31856 84.8413 67.4444 48.0952
-1.39391 -0.36978 3.33871 84.6968 64.9226 44.9742
-1.37434 -0.272297 3.31356 73.8372 44.6977 35.3023
-1.375 -0.290641 3.324 76.6973 59.3946 43.1243
-1.36871 -0.233622 3.30666 84.1605 47.8765 21.8765
-1.3473 -0.194101 3.62391 81.1389 59.1667 31.6389
-1.33751 -0.180504 3.65251 52.5 40.5 21
-1.34462 -0.180263 3.82662 61.5 39 19.5
-1.34819 -0.158349 3.62981 66.3636 40.7727 25.1364
-1.3581 -0.125221 3.69776 46.9091 30.4545 17.8182
-1.34841 -0.124352 3.8293 69.3636 44.9091 22.4545
-1.39271 -0.0516179 3.43744 91.125 64.5 33.25
-1.39285 -0.0384129 3.80002 70.0909 51.5455 36.6364
-1.39488 -0.0579983 3.94402 44.5 42.4839 22.0968
-1.36703 -0.0509593 3.99928 45.5176 42.5412 19.4353
-1.40709 0.0401657 3.50697 93.75 74.25 37
-1.39891 0.00875444 3.80633 70.7105 55.5526 37.1053
-1.41231 0.00597466 3.93501 47.7705 45.4098 33.9016
-1.37705 0.0119435 4.00234 43.4383 43.9877 27.537
-1.35966 0.116833 3.37999 66.1667 44.6667 35.1667
-1.37146 0.0851444 3.45622 74.5581 56.7209 35.6977
-1.36517 0.118648 3.67439 65.625 45.625 37.875
-1.40721 0.0754107 3.93545 48.4118 42.451 31.1176
-1.37389 0.0809282 4.00455 44.8758 43.7124 35.3007
-1.3639 0.123704 3.37959 66.6667 44 39.3333
-1.35516 0.17595 3.46101 87.6667 44.619 31.9048
-1.36563 0.169571 3.59038 77.625 40.9583 30.25
-1.3597 0.163593 3.69389 58.3238 46.4952 31.4762
-1.36278 0.162935 3.80714 45.4565 41.3261 33.8696
-1.37173 0.175479 3.91213 41.0263 39.1316 34.1579
-1.36105 0.158812 4.00009 47.3048 43.6 33.8667
-1.35012 0.230775 3.41336 89.6522 56.9783 36.087
-1.34858 0.243724 3.47561 95.3 44.5875 34.125
-1.3697 0.220999 3.61263 81.2292 42.5 31.4375
-1.35637 0.229046 3.694 53.0625 45.9911 29.5714
-1.36844 0.238537 3.8074 42.1538 39.4615 30.5385
-1.38502 0.236192 3.91185 40.5 40.15 29.3167
-1.36807 0.234051 3.99654 41.8064 41.2339 31.7984
-1.46254 0.307784 3.37517 57.4 41.9333 25.7333
-1.36737 0.290187 3.46848 106.688 80 50.75
-1.37494 0.335254 3.55064 77.1667 57.5 30.1667
-1.37479 0.332214 3.65659 53.2857 42.2381 27.0952
-1.38101 0.316335 3.82038 46.9167 41.8333 24.1667
-1.39515 0.300609 3.93386 47.957 43.7957 28.9247
-1.35875 0.30557 3.98966 42.7172 42.5051 27.9495
-1.37176 0.388863 3.52082 97.6667 71.6667 49.3333
-1.37355 0.384318 3.5716 78.9512 59.6098 33.1463
-1.37056 0.376433 3.68556 48 36.1765 23.9559
-1.36783 0.392259 3.76713 41.5 31.5 21
-1.3625 0.351251 3.99241 43.6667 42.6667 20.3333
-1.37634 0.477418 3.80623 78.3333 62.4167 39.6667
-1.36784 0.472579 3.95003 87.6812 73.058 67.3913
-1.34508 0.467619 3.97653 88.0556 70.6667 71.0556
-1.36702 0.543967 3.59886 79.9804 63.3137 46.3725
-1.37089 0.555068 3.7027 71.875 58.125 45.6875
-1.37146 0.551941 3.81539 75.0976 61.8049 51.6098
-1.3835 0.528701 3.93007 87.0122 73.9512 56.6463
-1.35843 0.536505 3.98095 90.7692 78.989 65.0879
-1.35336 0.619013 3.5972 93.2239 73.0597 48.5373
-1.37569 0.584431 3.81205 69.9032 53.2258 43.6774
-1.36043 0.602366 3.91044 73.6129 59.0484 47.6129
-1.35119 0.576625 3.9792 88.3333 71.1111 58.6667
-1.34809 0.680645 3.57185 121.621 97.5172 82.4483
-1.35645 0.648975 3.91805 79.6667 59.3333 45.6667
-1.34648 0.759858 3.56774 124.918 100.327 88.6735
-1.34693 0.830731 3.57229 127.782 102.2 88.6727
-1.34794 0.901493 3.5764 126.74 104.62 93.14
-1.34619 0.971961 3.5715 129.429 105.976 93.0238
-1.34019 1.04957 3.55882 132.696 108.261 93.3478
-1.34346 1.13149 3.55282 134.225 109.375 93.625
-1.34169 1.20468 3.55683 137.125 109.042 97.2083
-1.33754 1.31291 3.52778 141 105 99
-1.34233 1.27667 3.56184 138.091 107.273 104.045
-1.33752 1.32365 3.5278 137.667 106.667 101
-1.351 1.37072 3.55985 138.676 109.471 96.2353
-1.36048 1.392 3.55996 136.25 110.25 94.625
-1.28519 -1.23139 3.48552 38.85 26.45 4.6
-1.32009 -1.22248 3.54043 27.75 21.5 10
-1.24693 -1.17353 3.49162 51.2765 39.0985 21.9318
-1.31237 -1.21166 3.54177 30.8571 25.8571 14.8571
-1.2468 -1.07978 3.39099 77.1231 56.5846 29.8769
-1.25703 -1.1245 3.47094 74.7469 53.7099 33.4259
-1.25157 -1.03047 3.36066 74.993 56.1291 39.0822
-1.25299 -0.957213 3.35184 76.5965 55.541 39.357
-1.31518 -0.876533 2.20875 80.261 47.695 28.7067
-1.29987 -0.861526 2.26445 58.5677 38.1659 17.524
-1.31291 -0.856072 2.34447 25.625 18.625 0.25
-1.25439 -0.883159 3.35167 77.3369 58.7013 43.7034
-1.32228 -0.842898 2.21368 94.2258 45.3548 29.871
-1.32331 -0.835172 2.28678 93.6106 62.5664 30.7168
-1.25548 -0.808159 3.34713 78.3607 61.4817 41.6689
-1.25357 -0.733283 3.34304 81.0938 62.4307 43.9957
-1.25602 -0.6598 3.34287 83.3839 63.6362 49.8661
-1.25561 -0.583686 3.33309 85.0655 66.1586 47.8837
-1.25291 -0.510167 3.33286 87.4345 67.469 52.8736
-1.2543 -0.435404 3.32872 88.778 69.6352 53.7033
-1.24654 -0.349598 3.31497 88.1525 70.6907 51.3051
-1.26279 -0.375006 3.32322 88 70.0196 53.7157
-1.23324 -0.283258 3.30389 75.1806 55.0968 40.1
-1.29573 -0.298218 3.32265 80.1729 62.1278 43.9549
-1.25658 -0.23014 3.29589 87.7712 51.3729 25.5636
-1.27316 -0.207417 3.34795 82.8333 50.8889 30.6667
-1.30846 -0.212233 3.47763 82.1111 55.4444 38.1111
-1.33017 -0.204258 3.60452 69.8333 46.1667 32.6667
-1.32918 -0.183289 3.65306 52.5 38 18.25
-1.31093 -0.202997 3.82207 57.1667 40.6875 20.5
-1.32305 -0.152063 3.6263 52.7879 38.5758 19.697
-1.30525 -0.138678 3.77892 67.4353 43.8706 27.1059
-1.19102 -0.113826 4.00802 71.2857 69.0476 61.4286
-1.31427 -0.0930997 3.8059 63.2727 43.1818 16.9091
-1.24724 -0.0568847 4.01491 57.6926 52.2828 34.959
-1.25469 0.0109099 4.00888 54.9706 55.1882 39.1059
-1.25552 0.0877603 4.00568 74.869 67.1502 47.3898
-1.25275 0.160595 4.00381 70.0472 64.1635 48.5786
-1.33304 0.221128 3.42136 88.375 32.6875 25.125
-1.33131 0.246105 3.51632 84 52.3333 38.6667
-1.2528 0.233472 3.99848 61.2232 57.6422 43.1835
-1.25749 0.307472 3.99563 44.2812 42.984 30.9585
-1.25696 0.396914 3.98981 50.9245 43.434 25.3019
-1.25329 0.457889 3.9862 78.6696 65.2619 55.7024
-1.23911 0.564967 3.97026 91.2667 79.6 61.6667
-1.25714 0.530783 3.98513 92.4742 81.0032 68.8742
-1.25546 0.629138 3.58828 115.475 94.6721 77.8525
-1.2549 0.604125 3.93355 82.0779 66.0062 52.5576
-1.28119 0.574431 3.97978 88.6 74.6667 59.2667
-1.25456 0.681977 3.5769 132.976 110.095 97.9053
-1.2354 0.647344 3.93728 84.1538 63.0769 48.8462
-1.25441 0.756345 3.57059 137.193 113.744 102.454
-1.25379 0.83067 3.57024 139.878 117.736 103.964
-1.25559 0.905046 3.57326 142.275 119.395 103.773
-1.25349 0.979624 3.56831 144.764 120.436 107.845
-1.25923 1.05356 3.55986 145.597 121.294 107.547
-1.25684 1.13074 3.56042 148.614 122.455 107.562
-1.25105 1.20294 3.55301 149.59 121.743 113.293
-1.30884 1.31308 3.52927 144.5 111 102.875
-1.25763 1.27886 3.55444 150.753 120.332 112.966
-1.2999 1.33789 3.52991 146.71 113.968 100.887
-1.24387 1.35448 3.55583 154.57 123.713 112.576
-1.31094 1.39395 3.53013 143.667 115.667 97.6667
-1.23803 1.39991 3.55757 153.921 125.855 113.184
-1.24394 1.59323 3.93668 178.265 140.46 124.469
-1.31558 1.61286 3.95284 170 136 120
-1.04425 -1.24097 3.49418 41.2745 29.7059 14.0784
-1.07577 -1.17402 3.48609 54.4549 41.3264 21.0417
-1.08862 -1.08075 3.38294 75.5393 58.7865 44.1685
-1.09144 -1.12681 3.4677 72.9843 56.6142 45.9291
-1.08875 -1.02996 3.36337 77.5737 59.0369 44.8318
-1.09189 -0.956765 3.35842 80.2627 60.9562 44.8825
-1.09048 -0.882963 3.35046 80.9315 61.5822 45.8904
-1.09306 -0.809481 3.34714 80.4097 63.7797 46.3304
-1.09053 -0.734704 3.34199 83.1149 65.0721 46.2973
-1.09116 -0.658965 3.33429 84.1711 68.4123 48.886
-1.09081 -0.585157 3.33489 86.8467 69.9689 55.2156
-1.0902 -0.511013 3.33329 89.7422 69.5301 54.2952
-1.09436 -0.435601 3.32897 89.9573 72.656 54.1902
-1.13227 -0.338447 3.31049 89.5644 72.2871 52.4356
-1.07914 -0.36777 3.32569 91.2366 72.6592 54.4197
-1.10646 -0.284642 3.30574 74.6643 56.7365 39.2347
-1.07819 -0.293799 3.32561 77.9778 64.6278 48.5667
-1.09383 -0.233734 3.29958 89.9278 54.5 30.8889
-1.1009 -0.223064 3.4653 57.4444 37.3333 16
-1.1358 -0.195501 3.58032 52.3571 36.9286 23.9643
-1.1131 -0.207717 3.80093 65.6607 56.1161 42.875
-1.09209 -0.213094 3.94509 78.8 63.4222 41.3111
-1.05825 -0.206873 4.01574 77.1088 61.3129 41.9048
-1.11875 -0.140217 3.56271 66.2581 56.9032 42.5484
-1.12978 -0.16473 3.83029 62.7917 69.3333 68.625
-1.09728 -0.164 3.94064 87.1724 73.6552 56.7586
-1.08336 -0.131764 4.01236 83.2647 72.1302 53.6933
-1.09227 -0.0636193 4.01352 67.3841 61.0032 39.8286
-1.0918 0.0115009 4.00918 66.7413 63.093 47.375
-1.09195 0.0866852 4.00289 72.6113 70.1066 49.3072
-1.08874 0.159294 3.99777 71.4712 69.0064 54.4808
-1.09033 0.235098 3.99698 70.5101 64.0319 49.713
-1.09497 0.308452 3.9955 49.3056 47.4153 36.7542
-1.11897 0.382319 3.9869 55.9926 47.5809 38.9779
-1.09944 0.460896 3.98645 79.651 71.5336 58.4027
-1.08546 0.547071 3.96701 91.4124 79.0979 67.7165
-1.09495 0.519429 3.98078 88.1818 76.6558 68.539
-1.08784 0.626298 3.57652 127.699 107.177 87.3763
-1.07238 0.633153 3.8241 91.375 69 50.25
-1.09249 0.60235 3.91078 82.403 69.2151 57.8545
-1.09471 0.682692 3.57684 141.192 119.197 106.88
-1.07787 0.64684 3.85394 98.6667 67.3333 45.3333
-1.13334 0.646927 3.92271 88 69.6667 47.6667
-1.08995 0.755896 3.56762 144.678 122.511 109.076
-1.09149 0.830859 3.56634 146.239 124.389 113.036
-1.09241 0.905034 3.56291 151.198 126.327 113.423
-1.0911 0.979506 3.56391 153.694 128.685 116.736
-1.09116 1.05383 3.55869 156.169 130.548 117.74
-1.08934 1.12773 3.55255 159.111 132.496 120.528
-1.16116 1.23846 3.53737 159.333 127 119
-1.09453 1.20356 3.55871 162.504 133.286 124.113
-1.0762 1.28215 3.53237 169.182 134.37 130.539
-1.09832 1.27098 3.55673 165.018 134.731 127.305
-1.03545 1.34529 3.53258 173.981 139.57 132.075
-1.11721 1.35439 3.55526 167.567 135.348 127.478
-1.0702 1.39673 3.55695 172.111 138.389 125.5
-1.09133 1.58862 3.93797 192.671 151.093 135
-0.883058 -1.22561 3.42133 48.1111 35.6667 15.2222
-0.932195 -1.22789 3.46032 38.6981 30.8302 15.0943
-0.997275 -1.2037 2.95105 106.5 76.3571 45.0714
-0.929791 -1.18204 3.48903 49.0072 39.8537 22.3957
-0.923593 -1.08853 3.39096 79.8621 60.5431 47.7759
-0.936059 -1.13207 3.47475 75.7571 58.4 43.1571
-0.928746 -1.03103 3.36022 80.9101 62.068 45.6162
-0.931042 -0.957684 3.36217 84.2908 63.3781 45.9933
-0.929215 -0.883617 3.35629 84.2924 64.6696 49.0022
-0.930812 -0.808063 3.34886 84.4945 66.3614 51.2749
-0.930058 -0.734035 3.34297 86.3813 68.1438 51.0784
-0.929861 -0.659272 3.33807 86.6272 70.0614 54.2039
-0.928353 -0.585667 3.33501 88.3184 72.7607 57.6731
-0.927907 -0.510224 3.33528 91.3217 74.1283 59.9022
-0.952524 -0.452269 3.31928 91.0357 75.9286 60.1429
-0.927191 -0.434934 3.32867 90.8534 77.2482 61.2931
-0.958165 -0.350578 3.3176 90 75.4062 58.6875
-0.925853 -0.363448 3.32405 91.0197 77.8428 60.6339
-0.937099 -0.278825 3.30843 76.8949 58.8981 44.6943
-0.915293 -0.306392 3.32222 85.0426 72.0922 54.8723
-0.934459 -0.236819 3.2932 93.8681 61.2582 37.3517
-0.955553 -0.0547031 4.00957 61.0124 51.5217 38
-0.943952 0.0119817 4.00224 61.4599 56.3175 38.6715
-0.932878 0.0876449 3.99949 76 68.1711 54.6577
-0.927951 0.158894 4.00098 87.1906 75.95 57.5531
-0.929186 0.233777 3.99693 78.6686 69.284 54.432
-0.87263 0.330969 3.9514 69.7714 58.9143 45.0286
-0.934556 0.303414 3.99426 67.2281 58.4411 40.4943
-0.901996 0.351732 3.97049 48.3333 47 30.3333
-0.925425 0.347855 3.99306 64.6667 64.6667 32.3333
-0.929477 0.474812 3.98264 75.1069 66.0314 45.4025
-0.898954 0.558418 3.96515 93.375 82.3125 67.925
-0.937023 0.526187 3.98011 89.4765 80.2022 61.7581
-0.929601 0.624717 3.57664 133.521 114.576 97.3779
-0.934032 0.59989 3.91592 86.359 72.8718 60.3141
-0.929264 0.680508 3.57283 144.402 125.317 110.98
-0.931401 0.756254 3.57492 148.661 127.832 116.808
-0.930559 0.830543 3.56863 153.171 130.673 117.563
-0.929443 0.904184 3.5659 157.332 132.04 121.78
-0.929297 0.978828 3.56348 160.933 134.669 122.986
-0.930149 1.0552 3.56201 164.751 137.472 124.849
-0.929573 1.12928 3.55783 168.652 139.775 125.995
-0.928945 1.20386 3.55816 173.435 141.867 132.413
-0.992445 1.28919 3.53672 170.535 138.767 131.605
-0.925794 1.27693 3.55584 177.573 145.82 134.677
-0.979777 1.3275 3.53088 174.222 142.056 133.389
-0.928159 1.35437 3.5519 183.756 148.618 132.802
-0.931343 1.39343 3.55479 186.741 147.667 134.148
-0.926567 1.59082 3.94071 218.008 179.714 161.798
-0.823194 -1.18261 3.48705 37.3913 23.4058 8.27536
-0.771802 -1.08337 3.38019 81.4161 63.0146 41.7518
-0.814896 -1.13072 3.46473 76.9444 59.2222 35.0556
-0.766909 -1.03027 3.36169 82.6506 63.8184 49.0161
-0.765767 -0.95687 3.35648 84.196 67.0022 50.0308
-0.767632 -0.882363 3.35264 86.2904 68.1463 52.8755
-0.765412 -0.807837 3.34689 86.035 69.2363 55.4092
-0.767541 -0.734309 3.34542 84.4239 67.9522 54.8196
-0.767974 -0.659423 3.33926 89.3239 73.3456 57.587
-0.767366 -0.584399 3.33432 90.7706 74.9654 59.8658
-0.767408 -0.510892 3.33257 87.6739 74.2783 58.5696
-0.759912 -0.419416 3.31872 92.5769 83.0385 66.875
-0.765145 -0.440694 3.33026 92.8889 81.2439 66.607
-0.813131 -0.367181 3.31782 90.8288 80.1781 63.8151
-0.748544 -0.358327 3.32564 94.1935 80.4762 64.5655
-0.772666 -0.274455 3.30671 81.868 62.204 43.644
-0.762037 -0.302971 3.32198 84.6749 75.0887 59.8571
-0.742584 -0.250216 3.95782 143 95.7143 69.4286
-0.760587 -0.232952 3.30038 95.3014 65.1233 39.9178
-0.763699 -0.198641 3.37709 102.42 81.2174 58.8696
-0.756825 -0.211423 3.95251 99.3291 78.9367 52.6709
-0.718214 -0.209344 4.02536 112.453 92.6406 62.0547
-0.767559 -0.136336 3.39754 123.168 102.242 81.0842
-0.757897 -0.139035 3.94643 102.392 82.6622 53.5
-0.718239 -0.137603 4.01153 103.438 89.0992 58.4628
-0.776817 -0.0980451 3.40873 106 93 76.5
-0.772497 -0.0941113 3.45359 122.25 102.25 75.3333
-0.762884 -0.0638242 3.95308 88.1122 68.7245 39.9592
-0.747112 -0.0619427 4.00293 89.5143 72.6171 44.5657
-0.761008 0.0108781 3.94686 93.7308 69.0385 43.4327
-0.758592 0.012095 3.99661 91.5312 72.692 45.9018
-0.763359 0.0684079 3.94655 91.8077 72.4038 53.0192
-0.765823 0.0895078 3.9976 96.8848 83.7621 58.5651
-0.765179 0.160376 3.99872 97.071 86.2929 62.9083
-0.768785 0.235309 3.99696 98.0091 86.8359 57.9422
-0.839211 0.330098 3.95783 70.2727 59.8182 49.0909
-0.762646 0.305643 3.99154 82.8977 72.8581 50.9934
-0.772824 0.386693 3.94463 54.7755 47.7551 35.0816
-0.794101 0.429462 3.97341 66.8636 55.9091 41
-0.792455 0.465935 3.98099 74.5644 65.9571 46.1779
-0.74955 0.549998 3.95522 84.1611 74.9222 64.3389
-0.79276 0.519968 3.98448 85.2428 76.6358 62.6936
-0.763846 0.620509 3.57371 141.143 124.922 107.91
-0.766903 0.595739 3.90242 88.4151 76.4981 66.7811
-0.767685 0.681425 3.57709 152.993 132.019 120.069
-0.767488 0.756805 3.5742 155.007 134.681 123.836
-0.766721 0.831721 3.56914 160.893 137.152 125.355
-0.766528 0.9071 3.56632 164.914 141.002 128.36
-0.76666 0.980195 3.56525 170.536 142.949 131.608
-0.766069 1.05503 3.56599 175.508 146.97 134.169
-0.725236 1.11955 3.52881 183.025 152.225 136.775
-0.769577 1.12946 3.56372 181.32 149.778 135.697
-0.769315 1.20125 3.55792 187.47 153.993 142.175
-0.766278 1.27761 3.55898 196.45 158.133 146.01
-0.767798 1.35096 3.55513 202.412 162.882 152.426
-0.74358 1.40985 3.57699 213.627 168.337 160.229
-0.699068 1.47327 3.64505 239.2 223.6 204.267
-0.827908 1.58797 3.94053 229.114 180.771 168.114
-0.602495 -1.07886 3.36474 85.9524 65.2762 43.9905
-0.606587 -1.03262 3.36142 86.4593 67.4066 50.3956
-0.602709 -0.957237 3.35756 87.1597 69.7812 54.256
-0.604326 -0.882696 3.35294 87.8812 72.7691 53.6435
-0.604029 -0.808137 3.3485 87.7059 73.8004 57.6071
-0.603131 -0.732964 3.34777 83.5202 69.9936 53.9236
-0.606232 -0.657585 3.33856 92.6309 78.4571 60.397
-0.604524 -0.584578 3.33384 90.5915 79.5112 63.6585
-0.604711 -0.510787 3.33057 87.1971 74.54 63.0123
-0.663975 -0.399761 3.31957 96.6667 82.6667 65
-0.602841 -0.436047 3.33114 97.0482 85.2285 67.239
-0.643537 -0.353493 3.3183 92.8626 83.0385 64.1758
-0.581587 -0.364141 3.32523 93.4801 85.3278 65.7351
-0.603469 -0.28265 3.30742 83.6119 69.0299 48.7811
-0.604034 -0.314283 3.32166 83.5472 79.6981 64.2076
-0.59971 -0.237131 3.29781 112.369 78.1705 51.017
-0.531658 -0.205595 3.38678 139.333 112.4 80.5333
-0.638416 -0.193049 4.02849 113.143 89.3766 60.8701
-0.606079 -0.135299 4.01186 107.682 91.293 57.4331
-0.606678 -0.0641086 4.01166 100.438 90.4938 60.3519
-0.605634 0.0108509 4.00536 101.322 91.0399 60.3048
-0.605462 0.0857042 4.00457 110.586 98.7994 69.2901
-0.604837 0.160402 4.00028 107.778 97.4986 69.7692
-0.604022 0.234919 3.99452 102.975 94.1173 65.2901
-0.577261 0.338058 3.69281 80.84 59.52 45.76
-0.561366 0.331299 3.96916 81.8333 66.9167 49.5833
-0.603157 0.300327 3.99675 87.7605 77.6768 57.038
-0.560316 0.383332 3.67883 96.5918 73.3929 58.0051
-0.566216 0.439909 3.68374 97.4583 73.7083 57.1458
-0.576018 0.48869 3.7783 67 57.75 47
-0.583028 0.504152 3.81917 64.2 57.4 46.5333
-0.60185 0.551338 3.93131 76.0455 69.9343 55.3737
-0.574012 0.534704 3.98347 62.8 64.6 50.2
-0.601983 0.620863 3.5809 146.89 134.078 115.968
-0.606798 0.598381 3.90047 88.3978 78.9672 66.0219
-0.605622 0.68192 3.57439 156.106 138.742 125.541
-0.602795 0.754793 3.56929 161.191 140.676 123.467
-0.602702 0.830496 3.56869 166.533 144.427 128.944
-0.605479 0.905464 3.56413 173.699 147.677 134.831
-0.603246 0.980547 3.56834 180.498 152.254 138.128
-0.6032 1.05287 3.55555 187.441 156.444 142.04
-0.603144 1.13063 3.56197 196.144 160.613 148.338
-0.603175 1.20313 3.55854 204.727 166.814 154.127
-0.602766 1.27799 3.55407 214.507 172.328 159.215
-0.605319 1.35034 3.54997 225.308 179.97 165.897
-0.622792 1.42183 3.60347 235.581 189.353 176.051
-0.612242 1.45586 3.65513 243.692 204.577 192.5
-0.65531 1.47218 3.64256 242.208 245.708 233.042
-0.605442 1.47491 3.66157 242.352 243.556 233.426
-0.556067 1.57629 3.93784 242.833 237.91 225.885
-0.376877 -1.23496 3.48715 35 29.375 18.4583
-0.382352 -1.18041 3.48403 60.3293 41.622 19.9146
-0.43666 -1.08168 3.3699 84.2552 66.2828 50.1172
-0.380621 -1.13456 3.4666 83.2609 65.0435 44.9565
-0.444037 -1.0321 3.36711 87.0667 69.3267 50.8867
-0.443171 -0.957714 3.36422 88.8645 71.886 52.3892
-0.442282 -0.882153 3.35625 89.5143 73.8571 53.8132
-0.441826 -0.808337 3.35117 90.3092 76.0351 55.7237
-0.440012 -0.733656 3.34642 87.9471 75.3742 58.7632
-0.441794 -0.659059 3.34285 91.2076 80.5325 64.0713
-0.441602 -0.585286 3.33802 91.6109 82.7657 63.2364
-0.442927 -0.510238 3.33318 89.9059 80.1987 62.7176
-0.430198 -0.416684 3.31855 94.5556 87.4815 66.6667
-0.442043 -0.436405 3.32963 94.1753 86.3258 67.9483
-0.465975 -0.361761 3.31718 94.2742 86.1129 66.1452
-0.424525 -0.361587 3.32617 92.8237 84.723 68.0216
-0.442917 -0.281044 3.30655 83.1128 67.9543 49.6159
-0.442515 -0.303234 3.32244 83.0881 75.5094 57.6792
-0.445054 -0.233705 3.29906 129.995 97.0343 56.9412
-0.501613 -0.199152 3.36486 134.645 106.242 76.629
-0.469692 -0.194585 3.95613 102.968 84.4362 53.7979
-0.399535 -0.208982 4.01388 124.202 102.194 70.1855
-0.502774 -0.17082 3.39112 120.5 94.1667 54.6667
-0.518779 -0.167336 3.44083 124.667 93.3333 50.6667
-0.474344 -0.161597 3.9594 101.225 80.8873 54.1127
-0.434854 -0.132822 4.00603 107.986 98.0177 74.5901
-0.443252 -0.0640324 4.00672 98.1543 88.1049 63.8611
-0.442862 0.0106589 4.00409 90.1481 81.3561 59.584
-0.442924 0.0853328 4.00468 100.515 90.4043 68.3981
-0.442238 0.159765 3.99854 99.7236 90.9345 69.9345
-0.380386 0.256849 3.96494 87.2222 82.4815 61.1852
-0.445601 0.232367 3.9903 94.096 87.0894 68.1689
-0.381205 0.29981 3.96538 85.7826 79.5435 54.7609
-0.454598 0.307471 3.99195 87.989 79.8162 61.5551
-0.505732 0.388766 3.71949 99.9375 78.0625 58.9531
-0.461295 0.366214 3.79991 75.2963 64.7407 51.4074
-0.431886 0.380965 3.95533 74.3131 65.9394 52.0101
-0.417649 0.37851 3.98285 73.6418 64.194 52.2687
-0.484392 0.424292 3.74247 74.5 60.5 49.5
-0.420857 0.468164 3.9634 83.7561 76.8374 66.7561
-0.437474 0.455871 3.97876 84.2286 76.9286 60.2429
-0.448481 0.537874 3.94308 92.1239 87.1148 74.2115
-0.38307 0.522033 3.97901 99.4655 95.5172 83.431
-0.440937 0.615941 3.58704 149.684 136.917 121.196
-0.461434 0.600033 3.70105 97.1818 83.8182 67.2727
-0.469162 0.608119 3.83643 93.0769 85.7692 66.3846
-0.439478 0.594783 3.89509 92.6203 85.0127 69.5316
-0.442875 0.682335 3.57916 161.377 145.611 133.269
-0.441307 0.756632 3.57046 168.331 149.4 133.217
-0.441724 0.830732 3.56291 176.623 152.398 137.026
-0.440532 0.904852 3.56257 182.335 158.014 141.077
-0.443523 0.979766 3.56396 191.413 162.568 147.619
-0.439603 1.0536 3.55817 201.104 168.509 152.517
-0.441538 1.12878 3.55856 211.152 174.872 161.423
-0.440153 1.20308 3.55925 224.861 183.336 169.779
-0.440722 1.27833 3.55713 236.1 191.833 178.258
-0.441563 1.34608 3.55053 243.252 201.573 190.352
-0.442971 1.5742 3.94081 242.565 246.075 233.425
-0.223573 -1.35134 3.35364 117.579 89.8421 56.4737
-0.229659 -1.24279 3.4213 71.9355 48.1613 34.5484
-0.284773 -1.23215 3.46011 44.1657 34.6188 17.989
-0.274434 -1.17984 3.48002 61.6165 47.1761 31.1648
-0.273807 -1.0853 3.37881 87.5152 69.7273 50.8061
-0.279807 -1.13155 3.45734 83.5349 66.3023 46.2558
-0.279401 -1.03165 3.36623 89.3908 71.0273 53.7059
-0.280015 -0.956507 3.36259 91.0919 74.4316 54.9359
-0.28234 -0.882553 3.36047 90.7555 76.5859 59.1828
-0.278703 -0.808232 3.3525 91.0219 78.2566 61.1272
-0.280313 -0.733656 3.34518 92.4267 80.3254 63.0043
-0.276915 -0.659511 3.34015 94.5366 81.5668 65.7134
-0.278221 -0.584741 3.33783 94.6681 84.3382 67.3444
-0.280767 -0.510383 3.33098 94.3291 87.0149 69.2696
-0.276094 -0.407291 3.31529 94.0556 90.5 70.9444
-0.277981 -0.438451 3.32621 96.6902 88.7821 68.3333
-0.287076 -0.360899 3.31542 94.6382 88.5987 73.0592
-0.275873 -0.36324 3.32602 95.6494 88.25 70.4598
-0.278484 -0.279448 3.30439 87.3421 71.4263 52.7658
-0.279474 -0.312982 3.32339 88.1376 82.2018 63.1651
-0.231881 -0.256033 4.02482 161 129.5 79
-0.287423 -0.237101 3.29802 137.639 102.557 60.9557
-0.32487 -0.236231 3.97441 133.333 102.333 78
-0.276214 -0.208473 4.01418 125.922 104.004 76.1625
-0.27926 -0.138962 4.01706 124.173 113.907 87.7802
-0.280913 -0.0643576 4.01007 95.4373 86.9786 64.2416
-0.281176 0.010485 4.00346 96.5442 85.755 63.4615
-0.281 0.0849363 4.00191 104.009 94.0432 71.1481
-0.280605 0.159211 3.99662 104.276 93.1937 73.8006
-0.212751 0.244927 3.96282 94.8723 89.4043 65.4681
-0.289423 0.232857 3.99516 95.6944 89.9479 70.1076
-0.244661 0.326999 3.7129 122.703 112.662 81.5405
-0.232279 0.306529 3.77899 101.19 90.8571 72.4762
-0.262906 0.302398 3.95392 91.3485 81.9394 61.9242
-0.299036 0.28948 3.989 89.1353 81.5714 59.218
-0.252635 0.38086 3.70556 129.755 124.173 109.191
-0.250613 0.436386 3.71192 130.25 121.833 109.875
-0.254383 0.494782 3.96149 131.286 121.143 112.286
-0.298071 0.488486 3.99318 122.19 116.905 99.2857
-0.270369 0.54706 3.93808 101.13 95.2805 87.3902
-0.294941 0.51983 3.98292 110.575 103.052 95.0327
-0.27955 0.616549 3.57851 156.61 145.682 129.909
-0.282691 0.594715 3.90321 95.07 90.89 77.42
-0.28088 0.681362 3.57694 167.499 153.68 136.28
-0.281127 0.755953 3.57062 175.874 157.114 141.166
-0.278389 0.831115 3.56505 184.301 162.536 148.754
-0.280336 0.904827 3.56041 193.241 167.554 152.578
-0.279056 0.979253 3.56033 203.928 173.901 158.625
-0.279254 1.05442 3.55913 215.363 181.808 167.753
-0.279102 1.12779 3.55448 230.152 190.721 175.425
-0.281561 1.20453 3.55967 241.209 201.611 186.794
-0.278231 1.27602 3.55403 244.478 216.624 201.358
-0.289171 1.36107 3.52948 243.8 245.667 219
-0.279854 1.34473 3.55454 243.801 234.751 214.436
-0.291803 1.3916 3.53964 244 250 237.667
-0.266349 1.57507 3.93786 242 250 241
-0.0740108 -1.31732 3.31162 118.894 88.5319 54.266
-0.0928815 -1.34548 3.33846 123.679 89.9643 55.1607
-0.117505 -1.28533 3.30314 111 84.25 48.25
-0.169253 -1.23127 3.41633 56.6053 43.8421 24.0263
-0.101444 -1.23578 3.46627 45.6183 35.0591 20.1021
-0.122909 -1.1772 3.48173 65.934 51.6447 36.3994
-0.11182 -1.08728 3.38366 86.8972 71.3785 47.229
-0.119439 -1.13232 3.45469 84.6406 67.8906 45.8594
-0.11474 -1.03179 3.37658 88.7522 73.1987 54.6607
-0.116553 -0.957417 3.3676 92.5783 75.1717 55.95
-0.116749 -0.883628 3.36208 92.2021 77.6084 61.0211
-0.11625 -0.808334 3.35528 93.5125 80.4357 59.3112
-0.116448 -0.733998 3.35272 94.0502 82.8557 63.0377
-0.115573 -0.65909 3.34385 95.4342 83.6931 67.8288
-0.115578 -0.584106 3.3383 95.8049 86.3293 69.624
-0.115349 -0.510623 3.33241 96.9699 87.9204 73.3032
-0.161687 -0.405985 3.31903 95.3448 92.0345 73.8276
-0.112202 -0.439307 3.32768 97.9592 90.7446 70.5129
-0.147559 -0.367248 3.31845 95.9595 91.0405 70.1351
-0.100923 -0.360233 3.32511 96.6484 90.4524 75.1527
-0.119843 -0.281514 3.30377 89.8234 76.2458 58.2052
-0.0992937 -0.315243 3.32334 85.32 83.52 71.9333
-0.114212 -0.256144 4.0295 163.667 131.333 88.6667
-0.116945 -0.23839 3.29707 157.128 121.301 75.594
-0.116124 -0.210728 4.02102 147.003 129.13 100.151
-0.114767 -0.138914 4.01814 145.083 133.49 104.932
-0.116717 -0.0639112 4.01027 117.198 104.625 72.8078
-0.117114 0.0102982 4.00082 120.582 102.014 69.9918
-0.11692 0.0846736 3.99706 115.869 104.626 75.1869
-0.116645 0.158708 3.99182 110.741 101.554 78.2011
-0.192362 0.245995 3.96095 96.1111 87.0556 72.5
-0.111451 0.233616 3.99105 104.096 96.1054 76.8886
-0.196409 0.306185 3.75682 103.667 94.6667 78
-0.0864452 0.317157 3.93898 91.3286 85.95 65.4
-0.126693 0.298731 3.99227 91.051 82.9235 63.5816
-0.0768998 0.376609 3.95731 82.3333 83.8387 64.0968
-0.109427 0.390529 3.98706 82.5556 82.837 64.6074
-0.0918342 0.42416 3.97376 101.857 92.7143 77.1429
-0.0974469 0.460045 3.98277 106.036 100.55 86.6016
-0.111755 0.567278 3.56432 121.5 105.167 102.333
-0.114713 0.55222 3.92775 108.41 102.594 87.0472
-0.118617 0.515605 3.98285 117.161 110.976 97.4878
-0.113063 0.609543 3.57474 163.283 152.43 132.814
-0.119492 0.590715 3.90236 107.122 99.5249 90.8508
-0.117449 0.680782 3.57861 174.902 160.839 142.028
-0.1163 0.755398 3.57449 183.235 166.628 149.306
-0.118077 0.830633 3.57042 192.286 171.365 157.945
-0.116669 0.903834 3.56645 203.572 178.782 161.94
-0.116417 0.978042 3.56267 216.305 186.417 172.478
-0.11695 1.05347 3.56145 230.407 194.894 181.03
-0.115142 1.12879 3.55855 242.505 206.765 193.337
-0.115767 1.20347 3.55842 244.109 226.157 209.128
-0.117194 1.27815 3.55451 243.047 243.287 226.811
-0.121386 1.34287 3.55488 242.344 249.72 238.28
-0.120508 1.56588 3.93565 242 250 241
0.00658974 -1.32585 3.30978 121.45 91.425 54.0375
0.0460496 -1.33171 3.3307 118.607 90.8689 58.9672
0.0848058 -1.22934 3.3972 55.7436 41.1795 33.5897
0.0252463 -1.23917 3.46704 47.5202 35.5874 20
0.0765159 -1.20945 3.40285 39.4 26.95 11.55
0.0418603 -1.17981 3.48441 65.5702 53.0585 34.7076
0.0488624 -1.08961 3.38598 88.7087 71.6348 48.6304
0.0342789 -1.13134 3.44674 86.3269 70.4808 44.1538
0.0476653 -1.03159 3.37596 90.0066 73.6667 52.7395
0.04786 -0.957999 3.37212 92.8769 76.833 57.8396
0.0455576 -0.882344 3.36159 95.9412 77.5969 59.5861
0.0478863 -0.807783 3.35728 95.4904 81.2516 62.8678
0.0457877 -0.733331 3.35035 94.1567 83.7969 67.8057
0.0469599 -0.658923 3.34345 96.6126 85.5768 68.2442
0.0453159 -0.585034 3.33761 96.163 88.0837 72.0815
0.0467723 -0.51103 3.32745 98.2637 90.8713 72.0612
0.0458827 -0.436764 3.32673 99.5875 92.8958 75.6833
0.023511 -0.339295 3.31414 96.1058 91.0865 71.4327
0.0525868 -0.367796 3.32441 99.5172 92.7493 74.1662
0.0463825 -0.285347 3.30373 90.167 75.2294 59.0604
0.0671595 -0.322281 3.32309 93 89.1667 70
0.037702 -0.23935 3.29924 176.504 138.984 94.5935
0.0472544 -0.212526 4.01924 133.62 117.879 96.3802
0.0464318 -0.138884 4.01808 117.51 107.311 84.7436
0.117077 -0.0606791 3.97365 98.7333 87.0667 56.8
0.0427726 -0.0642592 4.00498 103.553 91.6667 66.4304
0.046354 0.0101693 3.99937 107.821 97.7009 75.5641
0.0464065 0.0844378 4.00204 119.179 110.497 87.3951
0.0464776 0.158591 3.99939 115.464 105.043 85.2735
0.0465433 0.235586 3.995 106.86 94.2194 70.416
0.0406763 0.315087 3.96317 102.325 94.2771 78.6386
0.0399929 0.300103 3.98883 98.383 89.0266 72.1436
0.113791 0.404312 3.73891 125.517 113.552 101.69
0.0767129 0.395541 3.79827 117.106 107.697 96.5909
0.0584809 0.382453 3.92575 113.544 104.191 88.6912
-0.0087646 0.38105 3.99054 97.5455 93.1818 79.7475
0.113614 0.424328 3.74677 133.5 126.25 101.25
0.098004 0.437223 3.80812 130.808 125.115 101.346
0.0544312 0.44759 3.95024 122.25 116.162 97.15
0.0251204 0.469929 3.98405 121.341 115.422 101.058
0.0663622 0.568193 3.57634 134 114.75 114.5
0.0444393 0.549747 3.92018 116.507 108.48 95.2443
0.0446704 0.514311 3.98105 123.696 118.066 101.133
0.0455797 0.61046 3.57641 173.477 161.273 143.222
0.0407212 0.592146 3.90878 116.45 108.906 95.5445
0.0448294 0.682855 3.57347 185.31 168.017 150.045
0.0468084 0.757587 3.57375 194.115 174.056 155.988
0.0458326 0.831225 3.57159 204.55 181.296 165.257
0.0452701 0.90448 3.56138 217.993 188.386 172.072
0.0461819 0.978986 3.5606 231.295 199.866 182.806
0.0464767 1.05362 3.56187 243.336 212.053 197.075
0.0444292 1.12906 3.56049 244.135 230.993 214.009
0.0489225 1.20266 3.55417 242.762 248.291 232.726
0.0450549 1.27785 3.5567 242 250 241
-0.00386255 1.34962 3.53285 242 250 241
0.0510665 1.34209 3.56143 242 250 241
0.0252356 1.53609 3.93229 242 250 241
0.0428589 1.56444 3.93399 242 250 241
0.141897 -1.29763 3.2802 119.333 88 54.1111
0.143872 -1.28749 3.26851 118.333 88 56.1667
0.146246 -1.2434 3.41712 62.9412 43.1765 33.4706
0.145947 -1.23741 3.4632 44.3846 30.4231 21.6346
0.173815 -1.17384 3.48299 69.8865 53.6099 32.4255
0.203578 -1.09156 3.37786 87.3045 69.7366 48.0288
0.167416 -1.14036 3.45771 87.3333 67.4167 44.5833
0.209048 -1.03163 3.36725 88.3979 72.7398 53.1742
0.207284 -0.956864 3.36514 91.1859 75.4402 58.0406
0.208332 -0.882243 3.35979 92.8462 78.0681 58.367
0.207847 -0.807994 3.35412 93.4502 79.888 62.5747
0.209921 -0.733385 3.34725 93.979 80.4547 66.76
0.287036 -0.635549 1.60001 89.75 64.8571 45.3214
0.208536 -0.659459 3.34202 97.7859 86.9709 67.8212
0.282498 -0.576269 1.59412 57.9941 37.0882 18.7647
0.206066 -0.585572 3.33807 97.3719 88.8285 70.1963
0.276776 -0.510363 1.5851 62.7371 41.6056 18.8446
0.207988 -0.511038 3.33085 98.5729 90.7433 74.2526
0.261368 -0.43749 1.54002 85.0366 59.5793 35.9695
0.274548 -0.442355 1.6315 128.387 89.3387 60.3548
0.285073 -0.431055 1.70826 165.105 118.579 82.2632
0.276504 -0.406923 3.31835 106.053 97.5263 83.7895
0.204052 -0.437838 3.329 101.247 94.3899 79.4927
0.24883 -0.373211 3.31743 102.811 98.1351 81.973
0.204688 -0.361543 3.32582 101.498 93.9372 79.7078
0.20456 -0.28253 3.30484 95.331 77.3858 57.3128
0.247547 -0.316703 3.32114 93.7647 92.0392 70.1569
0.198884 -0.244075 3.29789 185.444 157.111 105.704
0.190908 -0.203153 4.01822 139.631 122.429 92.7879
0.206922 -0.138612 4.01021 99.3447 90.4672 68.6296
0.182231 -0.0608233 3.96999 102.2 89.4 65.9143
0.21335 -0.0643217 3.98874 100.624 89.5039 68.4535
0.236337 0.0270449 3.97048 102.902 93.8197 76.3607
0.203154 0.00660606 3.99106 104.333 95.0297 72.5182
0.237382 0.0511759 3.97067 102.25 93.5 72.5
0.210051 0.087049 3.99889 112.448 103.299 82.662
0.208349 0.160581 3.99497 119.109 105.859 89.7419
0.209475 0.235219 3.99364 108.791 97.7198 78.3159
0.214177 0.322826 3.93456 109.988 97.5238 83.5952
0.214524 0.298933 3.99013 108.257 94.8447 78.932
0.135375 0.411667 3.73385 132.25 118.25 99.75
0.176033 0.39751 3.81695 117.542 109.373 97.3051
0.209048 0.374159 3.93902 108.866 99.6242 89.3356
0.235822 0.385716 3.98519 105.073 96.5872 87.9633
0.127513 0.424238 3.74634 133.5 122.5 100
0.153469 0.431526 3.81522 130.154 119.846 98.2308
0.170954 0.451602 3.92797 125.324 118.216 100.27
0.231996 0.465454 3.98236 123.873 119.189 101.531
0.212859 0.569411 3.58749 148.545 134.182 115.273
0.208006 0.546364 3.92042 121.125 113.652 104.125
0.203982 0.511684 3.98211 125.953 120.208 105.067
0.208198 0.609944 3.57845 179.617 164.347 145.449
0.206235 0.592512 3.91257 123.712 114.322 103.18
0.207423 0.68188 3.57118 189.912 172.507 154.982
0.207804 0.756911 3.57078 199.426 179.581 159.995
0.207809 0.832293 3.57455 213.464 187.642 164.831
0.207611 0.905308 3.57131 225.464 195.475 178.915
0.209746 0.979189 3.56291 240.161 206.192 190.617
0.207778 1.05359 3.55529 244.541 221.38 207.744
0.209482 1.12974 3.56073 243.634 243.695 225.287
0.208667 1.2032 3.55396 241.991 249.977 240.964
0.285723 1.28729 3.53347 242 250 241
0.207676 1.27991 3.5598 242 250 241
0.211438 1.34244 3.562 242 250 241
0.218638 1.53246 3.93537 242 250 241
0.207983 1.56152 3.9368 242 250 241
0.37745 -1.08912 3.36572 90.431 68.7406 45.1632
0.371186 -1.03159 3.36177 90.4456 73.0637 52.2341
0.369148 -0.957523 3.35835 93.0086 76.0215 57.2232
0.369963 -0.882454 3.35364 95.3763 78.0785 56.5473
0.370489 -0.807679 3.35052 94.1077 80.0374 63.0132
0.368431 -0.708612 1.77755 86.4928 57.0725 21.8841
0.419346 -0.720931 1.84565 75.6438 43.8626 23.0229
0.373488 -0.734386 3.34384 95.7115 80 64.0321
0.308016 -0.63766 1.60985 69.4321 42.9691 17.0432
0.354705 -0.656175 1.77221 68.8462 41.3303 20.4253
0.409574 -0.659996 1.85224 62.2815 38.6862 15.2308
0.369887 -0.658806 3.33977 103.499 90.0875 71.5408
0.30093 -0.592027 1.60469 62.181 36.8597 16.4118
0.342387 -0.589091 1.78129 72.0253 45.3755 19.173
0.406985 -0.585962 1.87002 77.9 52.6658 29.5342
0.371353 -0.584872 3.33799 99.684 88.8636 70.5563
0.294666 -0.522334 1.61459 75.717 51.8302 26.8491
0.324318 -0.507758 1.7778 82.7117 54.6503 34.0061
0.384841 -0.517421 1.86159 83.417 57.1191 36.7106
0.419811 -0.498122 1.90619 78.7882 53.1059 36.8353
0.370604 -0.511827 3.33352 103.048 92.6545 79.3697
0.305824 -0.439745 1.74968 135.299 94.6597 57.6944
0.367023 -0.441611 1.8511 132.493 91.6424 59.2484
0.429473 -0.442585 1.91616 124.207 87.6566 55.8687
0.292145 -0.408013 3.31776 106.833 98.3333 84.6667
0.371234 -0.437426 3.3316 107.469 98.3402 81.0533
0.305814 -0.367544 3.31699 106.364 99.5091 81.9091
0.378677 -0.360977 3.32728 106.203 97.8291 79.6467
0.375857 -0.276971 3.30451 107.938 81.9298 60.2275
0.359241 -0.311107 3.32318 96.036 86.2518 64.446
0.423066 -0.252379 3.82368 108.909 95.7273 74.1818
0.32947 -0.256968 4.0194 118.947 103.737 83.9474
0.359802 -0.246049 3.30283 206.333 187.567 154.167
0.422036 -0.2296 3.84335 132.274 107.655 63.4286
0.409006 -0.213088 3.89534 151.095 127.19 62.0476
0.361339 -0.207977 4.01716 126.682 111.043 79.0314
0.370612 -0.138715 4.01179 93.3462 81.75 62.1758
0.366407 -0.0668379 4.00772 93.7647 84.7386 60.4248
0.449056 0.0418914 3.94238 105.5 96 76
0.366679 0.012282 3.99531 101.41 89.3782 67.8365
0.449254 0.0670688 3.91557 117.556 111.222 97.8889
0.370731 0.0864548 3.99329 106.232 99.0812 81.3072
0.3721 0.161089 3.99477 104.579 98.1393 80.7957
0.372708 0.235205 3.99678 99.4103 92.4444 77.7179
0.3701 0.323769 3.81423 115.936 96.8205 88.4359
0.349861 0.325364 3.92199 109.263 88.3158 75.0263
0.37228 0.288197 3.99717 97.8739 85.6891 76.6134
0.376704 0.38119 3.81848 117.991 105.804 100.071
0.31524 0.378821 3.92007 104.864 97.5227 80.8864
0.366338 0.401843 3.98798 106.943 100.629 87.0857
0.371572 0.421721 3.85533 137 130 103
0.386606 0.443609 3.93203 123.027 117.324 104.27
0.367857 0.462665 3.98493 120.576 114.929 101.677
0.293617 0.569844 3.59179 153 148 134
0.371726 0.544501 3.92039 122.075 116.765 105.592
0.364975 0.510388 3.98364 127.439 121.115 108.081
0.370694 0.610425 3.57684 188.397 169.353 149.418
0.373422 0.588842 3.91241 124.938 117.13 106.652
0.372056 0.681506 3.57177 198.275 177.416 160.072
0.372046 0.755327 3.5664 208.982 185.101 168.714
0.372826 0.831089 3.56965 222.226 193.488 175.836
0.371445 0.904549 3.56471 236.841 204.024 186.499
0.369023 0.981017 3.56511 244.635 215.607 197.822
0.374081 1.05418 3.559 244.252 236.644 214.457
0.370067 1.12847 3.56066 242.644 249.533 235.674
0.372033 1.20429 3.55622 242 250 241
0.305553 1.28723 3.53393 242 250 241
0.377057 1.27697 3.55603 242 250 241
0.364586 1.34093 3.55864 242 250 241
0.445544 1.53776 3.95486 242 250 241
0.372917 1.56547 3.94571 242 250 241
0.504309 -1.08693 3.35207 89.3826 68.3691 45.2416
0.50065 -1.03402 3.3599 90.9931 70.3505 46.9794
0.494035 -0.95684 3.3528 91.8369 73.867 55.8927
0.489338 -0.885634 3.35426 103.991 82.8056 59.5046
0.602027 -0.78748 1.98376 87.3696 48.3261 19.6739
0.596421 -0.809289 2.01258 106.4 68.6 39.6
0.491757 -0.80669 3.34807 97.8512 80.2562 58.8719
0.60302 -0.733047 1.97929 79.506 41.3745 20.6813
0.601946 -0.754308 2.02245 81.3871 47.7097 30.8387
0.530205 -0.731283 3.34335 97.9185 80.8833 63.9912
0.604396 -0.661159 1.97712 84.916 48.5294 19.584
0.533828 -0.659817 3.34301 102.656 88.7967 72.6556
0.605001 -0.556806 1.42495 75.7097 40.6129 3.64516
0.607283 -0.569707 1.5127 78.973 37.6486 9.21622
0.608091 -0.556515 1.62795 82.4 40.3143 13.0571
0.607698 -0.556717 1.735 87.4 43.8 17.85
0.610464 -0.56749 1.83355 86.4091 46.5 17.7273
0.605199 -0.584859 1.96607 88.8772 49.2895 22.9693
0.533587 -0.584021 3.33652 101.375 86.5738 68.6598
0.596926 -0.50839 1.31497 136.99 84.2171 41
0.594668 -0.512187 1.40913 127.117 75.695 36.2732
0.595336 -0.507672 1.51947 143.34 84.8191 49.3567
0.593713 -0.508717 1.62538 137.811 82.0571 44.567
0.594626 -0.503811 1.73346 153.902 94.4019 54.0407
0.594242 -0.502553 1.84345 159.754 98.0198 62.7989
0.589245 -0.49803 1.94537 156.016 96.4795 61.5142
0.582504 -0.511668 2.02585 97.25 71.75 45.25
0.532189 -0.510304 3.333 105.525 93.1087 72.8763
0.453251 -0.4379 1.93841 112.1 83.7 61.8
0.532915 -0.436549 3.32797 109.982 97.3434 79.1576
0.532392 -0.362092 3.32637 107.592 96.6545 79.299
0.533258 -0.277437 3.30331 116.861 88.1159 60.7362
0.5305 -0.312593 3.32372 96.8686 85.6277 66.4599
0.52898 -0.256889 3.8032 103.091 93.2121 71.697
0.516547 -0.250423 3.98904 101.25 86.75 67.25
0.571495 -0.246246 3.29722 122 85.6667 83.6667
0.510836 -0.235647 3.83606 116.827 100.731 74.5
0.539002 -0.224033 3.92049 107.872 94.0256 71.9487
0.538519 -0.204594 4.00845 113.746 100.011 77.5297
0.541207 -0.120825 3.92613 111.769 98.2308 81.2564
0.518243 -0.141599 4.01407 104.205 91.0179 68.8214
0.539476 -0.089291 3.92891 112.676 100.471 81.1765
0.535381 -0.0580887 4.01657 105.23 92.1055 75.7461
0.532596 0.0220404 3.94564 110.318 94.9659 73.6875
0.536807 -0.00126352 3.99793 110.112 95.949 74.0816
0.494619 0.0770406 3.92186 116.532 103.645 84.9362
0.554934 0.0919574 3.99261 118.835 105.659 85.0852
0.532744 0.160983 3.99754 102.336 91.3519 75.0895
0.537328 0.265037 3.95188 113.889 101.111 74.3333
0.532101 0.234044 3.99371 113.33 101.412 78.3421
0.515794 0.31398 3.71469 138.262 124.137 110.938
0.534749 0.283483 3.86384 98 93.4 80.2
0.497295 0.304035 3.9129 106.28 94.3537 78.8415
0.533025 0.284409 3.98556 99.9077 91.2462 80.9538
0.514941 0.369714 3.72367 153.974 143.641 123.077
0.470908 0.364205 3.89722 122.426 112.66 100.681
0.493681 0.404318 3.98374 129.393 116.375 105.946
0.530887 0.460697 3.98541 130.922 123.012 109.869
0.575079 0.565613 3.58566 161.043 152.478 136.087
0.532851 0.543107 3.91933 125.676 115.698 106.32
0.530196 0.509239 3.98424 132.041 122.289 112.711
0.53341 0.608586 3.58646 191.347 169.56 152.116
0.533572 0.585017 3.90453 127.51 115.917 104.462
0.53628 0.682654 3.57882 202.807 177.622 160.852
0.534856 0.755282 3.56801 215.026 184.184 168.742
0.534526 0.83024 3.56779 227.284 194.531 176.836
0.532486 0.90414 3.56236 241.262 203.4 188.598
0.532354 0.97985 3.56645 244.875 216.91 199.701
0.534574 1.05437 3.56254 244.101 240.719 220.394
0.532467 1.1286 3.5568 242.201 249.894 239.611
0.532439 1.20302 3.55546 242 250 241
0.607831 1.30807 3.52492 242 250 241
0.533106 1.2766 3.5535 242 250 241
0.601823 1.32595 3.52187 242 250 241
0.526374 1.3372 3.55507 242 250 241
0.583578 1.43867 3.7271 242 250 241
0.539373 1.53349 3.95192 242 250 241
0.530138 1.56068 3.94933 242 250 241
0.721019 -1.07472 3.34266 84.1667 63 38.8333
0.715287 -1.02948 3.34368 89.5849 64.9434 36.3962
0.7103 -0.958329 3.35205 90.8451 69.0986 50.8732
0.719255 -0.880452 3.34512 93.3696 71.1957 52.0217
0.644699 -0.783111 1.9715 53.3069 26.5661 6.45503
0.744308 -0.828607 3.34591 93.7917 69.3125 43.8125
0.649973 -0.734108 1.9701 55.9186 26.6013 12.196
0.654998 -0.708147 3.33075 108.012 86.7317 77.0122
0.616482 -0.623745 1.55535 92 46.5 6
0.625115 -0.626165 1.62601 86.5789 46.7368 11.8421
0.624767 -0.626971 1.72555 77.7568 41.8108 12.1622
0.645873 -0.649566 1.8624 73.1136 36.75 6.18182
0.639678 -0.667885 1.96011 65.7718 31.1769 8.90256
0.693052 -0.658931 3.33775 104.63 87.5899 72.1564
0.619694 -0.575502 1.4518 72.9524 42.8095 0
0.62142 -0.592162 1.52456 77.0799 39.4514 7.23958
0.624009 -0.59638 1.62577 80.5627 40.7307 11.1253
0.621911 -0.59738 1.73466 80.7976 42.3304 13.2292
0.620992 -0.593164 1.85002 82.7046 44.2447 15.3418
0.619695 -0.593739 1.93535 80.6345 40.2897 16.8897
0.695916 -0.586077 3.33468 102.214 85.2928 70.1897
0.693487 -0.501218 1.30867 180.382 111.586 54.5627
0.692253 -0.49647 1.40715 196.178 125.573 69.8143
0.690105 -0.493666 1.51471 199.208 127.332 74.8392
0.695135 -0.49384 1.62673 199.914 128.983 76.0945
0.703206 -0.491288 1.73878 203.559 128.671 82.6547
0.691724 -0.489155 1.84298 224.926 144.034 93.9521
0.6872 -0.485167 1.94451 214.943 137.783 84.9256
0.695339 -0.511926 3.33462 106.612 90.6365 77.0201
0.69587 -0.436482 3.32675 111.459 95.3657 82.1394
0.704299 -0.331853 3.31962 102 91.5833 71.0833
0.695096 -0.362863 3.32567 107.998 95.2257 79.265
0.706628 -0.285763 3.30832 114.482 84.5389 61.6078
0.661483 -0.313244 3.32308 95.618 81.9888 62.6854
0.74334 -0.264564 3.79804 93.4051 82.2279 64.519
0.680915 -0.253686 3.94589 98.5 89.5 67.5
0.718087 -0.252914 3.99503 67 70.4167 56
0.744087 -0.245341 3.81508 84.0909 69.0909 53.1818
0.681149 -0.206793 3.91959 99.1651 93.4541 72.0917
0.705802 -0.218788 3.99402 86.9663 86.9663 61.8202
0.713103 -0.144963 3.85608 79.4314 81.4902 60.451
0.687575 -0.143116 3.92429 107.328 99.4237 75.0678
0.670157 -0.126526 3.99515 116.331 107.736 86.0165
0.723058 -0.0696298 3.90441 105.924 97 79.9496
0.674382 -0.0618486 4.01008 120.901 110.381 93.157
0.61963 0.0200099 3.93574 99.3333 87.6667 71.6667
0.713358 0.00764958 4.00189 89.2536 82.692 68.1558
0.639095 0.09167 3.94966 95.3548 84.0323 77.6452
0.708749 0.0866112 3.9977 91.4912 84.3534 70.4558
0.696552 0.161221 3.99767 121.21 101.192 77.2763
0.665543 0.266507 3.9673 89.8182 81.7273 74.3636
0.696121 0.233668 3.99479 98.4729 86.9088 73.3419
0.654268 0.287798 3.96773 100.927 90.7561 84.9024
0.704547 0.311896 3.98841 95.3739 85.9664 78.4958
0.705328 0.384255 3.98809 97.2226 90.6861 81.9854
0.694746 0.459276 3.98386 124.363 113.426 100.368
0.698617 0.564485 3.58391 162.559 150.288 132.254
0.69939 0.539686 3.91855 124.288 113.076 103.983
0.68274 0.50847 3.98176 129.63 119.685 107.63
0.69595 0.607098 3.57833 190.74 166.939 149.291
0.693172 0.582568 3.90673 127.966 114.578 104.759
0.695241 0.681436 3.57341 203.217 175.233 157.995
0.698084 0.755684 3.57037 214.2 183.654 167.092
0.695112 0.829501 3.5654 226.636 190.756 174.697
0.694891 0.905533 3.56174 239.265 201.466 186.064
0.696817 0.980928 3.56791 244.83 213.513 198.17
0.696047 1.05178 3.55814 244.368 237.439 210.943
0.697439 1.12697 3.55897 242.65 249.811 235.721
0.695306 1.20399 3.55898 242 250 241
0.635434 1.30039 3.52631 242 250 241
0.700792 1.27397 3.55074 242 250 241
0.627693 1.32448 3.52283 242 250 241
0.720418 1.33412 3.55723 242 250 241
0.717838 1.52836 3.94379 242 250 241
0.698617 1.56135 3.94761 242 250 241
0.854409 -1.22847 3.52903 45.1429 26.4286 11.7857
0.91002 -1.20626 3.3914 35.6667 22.8333 5.83333
0.858644 -1.2108 3.5281 54.1667 35 8.66667
0.872173 -1.09594 3.37239 88.2633 63.5943 46.4448
0.865592 -1.03176 3.36852 91.475 66.075 47.1318
0.859667 -0.957213 3.35555 91.5737 70.442 49.5312
0.859733 -0.88255 3.3529 92.8659 73.5874 54.7744
0.858371 -0.807914 3.3506 96.4784 74.8448 56.1573
0.868381 -0.733288 3.34527 98.5345 78.2294 61.588
0.860052 -0.659022 3.34328 101.153 81.7782 67.2301
0.929863 -0.555931 1.66226 192.016 117.597 69.3387
0.85701 -0.585254 3.33365 101.736 84.5957 68.1532
0.82507 -0.503684 1.31196 183.511 109.637 48.9955
0.858793 -0.501121 1.40714 188.249 114.707 59.8399
0.854076 -0.500661 1.52362 188.33 117.495 61.5693
0.852686 -0.501695 1.63601 182.675 112.076 58.5437
0.843641 -0.490052 1.7207 176.926 111.298 62.621
0.866683 -0.489011 1.83609 208.435 130.618 75.4109
0.84931 -0.492057 1.93818 201.481 126.328 72.2751
0.852294 -0.499283 2.02599 168.917 109.5 66.5
0.931749 -0.492222 3.31637 106.81 88.7143 73.9048
0.855658 -0.512376 3.33167 103.493 87.6394 73.5954
0.831639 -0.471901 1.6981 191.273 127.182 74.9091
0.87836 -0.421948 3.31665 106.51 91.102 75.5714
0.853921 -0.439992 3.32822 106.922 90.1133 75.5919
0.882584 -0.372282 3.31878 103.39 86.2683 75.7317
0.856161 -0.361251 3.32599 104.137 87.9119 71.7247
0.862844 -0.287215 3.30392 112.934 77.0459 54.2459
0.833404 -0.312736 3.32583 92.7059 70.1274 52.5098
0.806108 -0.280205 3.75029 103.222 76.7778 70.5556
0.79719 -0.265754 3.77011 94.9688 73.6875 54.6875
0.804342 -0.250747 3.99094 85 55 54
0.797905 -0.245795 3.77782 66.75 51.375 37.75
0.786835 -0.244938 3.87554 85 54.75 44.5
0.796215 -0.215837 4.00884 86.0133 68.6 53.1333
0.80532 -0.134485 4.00622 93.8649 71.6216 56.8378
0.867782 -0.0567681 3.83451 74.5 60.92 53.2
0.910343 -0.0333848 3.92089 75.125 61.75 61.25
0.809013 -0.0603833 4.00499 105.57 79.6168 66.5701
0.924094 -0.0227716 3.97066 78.2 62.4 64.4
0.855963 0.0118262 4.00356 90.0366 78.6494 69.561
0.857416 0.0867671 4.0011 85.6096 77.2949 64.8567
0.859901 0.161026 4.00021 102.025 88.5556 72.0586
0.859849 0.235185 3.99666 104.283 86.9122 69.4419
0.830846 0.315442 3.74138 135.694 119.468 109.355
0.935857 0.283611 3.95331 98.4286 84 68.4286
0.858451 0.278745 3.98661 94.9302 79.2093 70.3953
0.835429 0.375145 3.74038 161.333 145.957 140.014
0.852611 0.411669 3.78277 165.167 145.333 135.833
0.783884 0.407456 4.02112 101.625 91.5 93.75
0.851875 0.425337 3.81287 166.5 150.5 136.75
0.936616 0.45144 3.96761 167 144.667 121
0.850699 0.470404 3.98285 121.49 105.892 95.1037
0.865992 0.5609 3.57638 155.671 135.847 118.847
0.871852 0.559949 3.68998 118.167 102.167 92.1667
0.863905 0.539027 3.91461 111.96 100.749 92.901
0.851896 0.508591 3.97916 112.97 103.051 93.8889
0.858755 0.60677 3.57689 192.531 164.355 145.107
0.859449 0.58172 3.90213 120.085 106.217 99.3774
0.857258 0.681236 3.57593 204.928 172.783 158.273
0.860264 0.755033 3.5701 214.832 180.749 167.89
0.857669 0.830511 3.56737 226.149 188.233 170.31
0.855331 0.904367 3.56373 238.792 196.661 182.785
0.857797 0.978901 3.55804 244.948 209.818 193.97
0.859657 1.05424 3.55632 244.54 232.081 209.749
0.858485 1.12934 3.55798 243.078 249.533 229.72
0.859323 1.20225 3.55451 242 250 241
0.861996 1.27674 3.55803 242 250 241
0.857141 1.3293 3.55621 242 250 241
0.856026 1.52954 3.94515 242 250 241
0.856054 1.55885 3.94492 242 250 241
0.977495 -1.22134 3.3685 36.4286 28.1429 11.5714
0.987806 -1.24025 3.46148 37 23.8333 6.5
0.983544 -1.21163 3.36856 37 28 4
0.966068 -1.09613 3.37703 90.0476 65.6952 41.3238
0.967251 -1.03314 3.36647 92.5608 67.7703 45.7838
0.967571 -0.955889 3.3601 92.4702 70.8155 50.8036
0.961953 -0.894555 3.36015 95.9208 69.3366 50.1485
1.00017 -0.785832 3.34493 99.5479 77.4521 58.6027
1.01958 -0.733729 3.34072 100.945 78.0377 59.5828
1.02001 -0.659965 3.33958 102.171 80.962 63.2975
0.943919 -0.558654 1.66824 191.259 115.074 72.1481
0.95366 -0.548942 1.69389 198.333 121.333 64.6667
1.0226 -0.586511 3.33631 103.722 84.7216 67.8314
0.954423 -0.498466 1.44772 197.521 122.708 65.8125
0.967614 -0.501496 1.52098 193.61 119.543 62.5267
0.991801 -0.505134 1.6363 173.176 105.449 52.3279
0.973205 -0.499236 1.72199 173.481 109.308 58.655
0.972838 -0.493673 1.84217 199.281 124.404 71.193
1.00643 -0.498722 1.95581 189.6 115.384 61.552
0.982912 -0.509419 2.02899 190.778 111.778 68.5556
0.949217 -0.499963 3.31772 107.122 88.7755 75.5306
1.02985 -0.51319 3.33345 106.941 87.1769 69.0408
0.968014 -0.437162 1.71967 151.085 102.042 67.1768
0.997205 -0.471967 1.82431 190.5 118.5 72
0.9452 -0.463923 3.31707 107.091 91.6364 79
1.02333 -0.435845 3.32944 109.038 90.4205 72.5439
0.96735 -0.386705 1.71395 122.574 85.5871 54.8581
1.05084 -0.345972 3.31851 99.6875 79.2812 59.5625
1.01654 -0.364319 3.32623 105.009 84.3209 69.8326
1.02712 -0.287568 3.3086 108.021 73.6287 45.2006
1.02712 -0.288442 3.33664 110.539 76.2727 58.1515
1.0029 -0.272497 3.89974 135.891 99.2 65.7636
0.990381 -0.273377 4.01424 122.29 86.3548 67.129
1.06676 -0.233811 3.36606 198.836 160.603 122.336
1.06981 -0.224311 3.46282 237.565 206.109 155.739
1.01797 -0.242783 3.94947 85.3125 67 56.0625
1.01484 -0.208838 4.02132 102.152 81.4554 63.2857
1.10043 -0.133042 3.53332 140.143 109.714 85.4286
1.09515 -0.131359 3.55872 112.75 79.75 78.75
1.02834 -0.136401 4.01986 113.39 90.0404 74.489
0.952498 -0.0495605 3.9661 84.7647 67.8824 55.8824
1.03527 -0.0654978 4.01397 102.469 87.05 71.1038
0.941958 -0.0227824 3.97132 72 62.5 64
1.02116 0.0101171 4.00255 79.6189 78.6476 70.6848
1.01898 0.0868861 3.99765 77.2034 68.2825 59.1299
1.01945 0.160839 3.99624 77.6574 67.9722 57.1944
1.0207 0.23167 4.00323 73.3587 64.7936 52.7206
1.09905 0.341169 3.73047 71.5 63.5 62.5
1.01421 0.316105 3.96774 70.6 61.4 49.7
1.02533 0.283513 4.00066 73.8667 63.2667 57.2
1.09909 0.349483 3.73048 70.75 66.25 62
1.01384 0.376507 3.93923 71.6923 62.9744 54.7949
1.01158 0.463147 3.97015 97.5347 86.3958 82.3056
1.03262 0.475817 3.97702 93.2478 87.0443 85.062
1.01071 0.562219 3.5837 157.909 136.403 123.948
1.01447 0.535793 3.91517 109.145 95.561 84.9738
1.05901 0.505356 3.97662 105.683 95.4146 90.2927
1.02142 0.606591 3.57914 189.193 156.321 141.872
1.02359 0.580991 3.90146 114.342 99.9474 90.6447
1.02216 0.681887 3.58121 201.196 165.283 148.198
1.02229 0.756152 3.56939 210.207 172.306 155.568
1.01895 0.830654 3.56898 220.3 180.165 167.033
1.01971 0.90526 3.5648 233.08 188.68 172.649
1.02149 0.979781 3.55906 243.226 201.062 188.298
1.02302 1.05458 3.56135 244.998 216.555 200.492
1.0237 1.12958 3.562 244.298 239.609 218.472
1.02106 1.20375 3.56022 242.329 249.667 238.005
1.01857 1.27679 3.55503 242 250 241
1.01229 1.33086 3.55481 242 250 241
0.985542 1.52548 3.93465 242 250 241
1.0003 1.55587 3.93676 242 250 241
1.05102 1.56188 3.97821 242 250 241
1.19646 -0.779072 3.3537 101.835 73.5176 52.9647
1.1814 -0.733584 3.3481 100.673 76.2101 57.2303
1.18542 -0.658427 3.34274 101.831 79.0456 61.8373
1.18603 -0.584168 3.34066 103.77 82.9002 62.0043
1.13188 -0.502438 1.7433 189.41 111.821 57.7949
1.15462 -0.502549 1.83133 195.536 114.5 51.3929
1.18402 -0.51012 3.33316 106.389 85.8197 66.7746
1.246 -0.455788 2.40784 49.9423 30.9038 16.25
1.1624 -0.449299 2.44768 54.3333 35 17.7778
1.14513 -0.444903 3.31865 108.932 87.25 70.4545
1.18669 -0.435658 3.32813 108.383 87.8884 71.6958
1.19936 -0.352153 3.31493 101.317 79.6634 64.1287
1.17365 -0.367815 3.32613 104.075 82.8176 69.544
1.17745 -0.291755 3.30429 135.743 97.9392 72.41
1.14276 -0.268686 3.35133 176.511 142.733 104.711
1.11849 -0.245222 3.31146 240.462 204 155.231
1.15292 -0.235121 3.38719 242.429 217.381 157.607
1.16043 -0.203468 3.47565 221.264 191.962 146.642
1.16179 -0.205624 4.00836 96.4706 71.3456 55.9044
1.14849 -0.13741 3.52058 195.601 150.665 120.202
1.10315 -0.131371 3.55901 127 97 74
1.15702 -0.138874 4.01314 100.078 79.4369 60.4854
1.15378 -0.0624134 3.51498 195.64 152.434 123.167
1.12362 -0.0620831 3.57732 169.875 134.208 105.292
1.20962 -0.0453263 3.90765 106.056 74.8889 57.2778
1.15965 -0.0621282 4.0091 85.0254 70.1017 59.8898
1.17007 -0.0147892 3.52073 185.156 146.844 111.689
1.17016 -0.00676545 3.5607 175.679 140.464 118.964
1.24711 0.01718 3.67607 106.308 70 64.3077
1.22715 -0.0257414 3.95898 104.667 71.3333 50.3333
1.17348 0.00909092 4.00219 73.5 67.4304 61.576
1.21337 0.0602229 3.67387 137.5 70.25 66.8125
1.22254 0.0685761 3.81611 122.833 49.3333 50.8333
1.25545 0.0710838 3.95541 106 50.5 54
1.17984 0.0872728 4.00062 73.1821 64.2341 58.2543
1.18273 0.16124 4.0057 72.3846 68.7077 63.9046
1.18464 0.234509 3.99796 67.919 65.6983 62.2989
1.12317 0.336331 3.72141 72.4 63 55.64
1.17376 0.278208 4.00137 75.8235 60.7059 59.7647
1.11999 0.355158 3.71922 71.2222 66.7778 57
1.14515 0.417588 3.84735 77.5 66.25 58.75
1.14704 0.419615 3.89258 76.25 66.75 58
1.14519 0.426167 3.84737 80 70 61
1.1405 0.45573 3.93053 94.54 83.0267 76.3333
1.20969 0.470398 3.98302 102.407 89.3926 83.3037
1.17595 0.561325 3.58146 155.557 130.266 111.494
1.18061 0.535138 3.92598 106.145 90.6172 85.8813
1.18163 0.504985 3.97834 106.667 95.9375 89.4375
1.18346 0.605944 3.57947 182.15 150.694 132.273
1.22494 0.580116 3.79549 117 95.3333 83.3333
1.18252 0.585661 3.9383 112.83 92.8482 84.3304
1.18324 0.68062 3.57623 192.077 157.963 143.028
1.18378 0.755665 3.57518 201.482 164.295 150.189
1.18309 0.829873 3.56485 211.507 171.125 156.546
1.18252 0.906131 3.56146 220.953 180.944 167.519
1.18653 0.981043 3.56248 234.486 190.726 176.316
1.18469 1.05509 3.56224 243.256 202.538 189.03
1.18455 1.12715 3.55645 244.993 219.375 203.533
1.1842 1.20374 3.5592 243.907 243.626 224.26
1.18021 1.27779 3.55645 242.045 249.977 240.664
1.17497 1.32971 3.55793 242 250 241
1.17971 1.52269 3.93558 242 250 241
1.18121 1.55333 3.93709 242 250 241
1.3562 -0.780975 3.35575 98.0139 74.5139 47.75
1.3446 -0.733374 3.34511 97.7312 74.2945 51.583
1.34436 -0.659078 3.33836 102.017 76.6268 56.9287
1.34905 -0.585721 3.33682 103.195 81.4451 59.3674
1.38456 -0.478968 2.38088 47 23.1667 10.6667
1.34646 -0.51099 3.33646 106.122 84.492 61.5602
1.34476 -0.460903 2.33565 42.3636 24.6364 16.8182
1.33471 -0.45481 2.37909 53.0741 33.463 17.3407
1.4153 -0.440701 3.31726 107.757 84.3784 68.0811
1.34231 -0.435155 3.3288 110.118 85.3975 72.0042
1.34741 -0.353415 3.31521 100.69 79.6853 60.3096
1.35088 -0.366024 3.32543 102.632 81.6095 61.9651
1.34359 -0.29438 3.30805 121.169 75.3696 49.6819
1.34583 -0.287462 3.34325 165.452 113.629 80.2581
1.37248 -0.263187 3.48051 217.493 157.416 120.195
1.32857 -0.259531 3.61338 211.875 155.5 127.219
1.32372 -0.257633 3.658 198.222 150.222 139.667
1.41694 -0.212958 3.51059 167.25 125.325 104.8
1.42237 -0.193511 3.58406 183.05 140.8 106.75
1.35491 -0.205185 3.68695 109.561 74.2055 57.747
1.33113 -0.19586 3.75676 74.1538 47.5385 44.1538
1.41791 -0.133538 3.52061 169.149 129.179 101.612
1.39841 -0.124405 3.60027 157.667 118.267 84.48
1.35623 -0.141631 3.69001 109.862 74.6206 56.4326
1.41364 -0.0656355 3.50885 170.988 132.617 104.333
1.37458 -0.0710276 3.62791 139.386 100.945 72.3862
1.33608 -0.0602452 3.68284 104.762 70.3986 49.2448
1.41739 0.0035596 3.51043 180.788 137.269 105.25
1.37912 0.0236939 3.60717 163.019 118.5 88.9231
1.34303 0.00371316 3.68715 116.708 77.027 53.2054
1.32152 0.014479 3.77161 86.56 57.0533 43.76
1.33383 0.0742758 3.64052 131 92.2667 62.4
1.32728 0.0918238 3.68578 116.73 76.4603 58.746
1.32533 0.0854168 3.81394 93.1963 60.9813 50.9907
1.31729 0.0966261 3.89859 91.5625 62.9688 46.1875
1.29709 0.107993 4.00601 78.6533 63.5467 52.76
1.31546 0.144493 3.63525 126.033 84.9 52.1667
1.31802 0.140942 3.71194 112.789 77.9737 55
1.31978 0.152189 3.81399 98.7273 70.2078 54.961
1.34434 0.17311 3.93479 93.0857 65.6 56.4286
1.30636 0.162083 4.00572 72.6782 66.569 60.8908
1.39771 0.267103 3.82409 94.5 74.25 52.5
1.36455 0.249518 3.94882 73.2222 57.6667 51.6667
1.34525 0.234376 4.00104 70.2862 62.9292 51.9292
1.38748 0.315729 3.81661 117 94.415 74.095
1.35554 0.30942 3.91962 91.4259 75.7963 57.537
1.35056 0.325019 3.98767 80.4667 62.2 50.4
1.38553 0.369269 3.8098 120.177 97.4231 76.5615
1.38411 0.386202 3.92306 104.647 85 70.3824
1.35704 0.388869 3.98466 88.4955 70.2883 60.6036
1.42534 0.430557 3.9707 108.5 88.5 78.5
1.34942 0.461087 3.98669 104.801 89.4971 84.0439
1.36533 0.558311 3.5819 137.538 110.303 93.8409
1.34646 0.537642 3.93152 98.9412 84.5654 77.4444
1.34983 0.50538 3.9837 105.52 90.5733 83.72
1.34829 0.606633 3.57556 164.826 134.297 118.295
1.34029 0.580544 3.93824 105.682 87.1294 79.5529
1.34369 0.680834 3.57728 173.878 142.124 128.733
1.34441 0.755861 3.57144 181.907 146.211 136.216
1.34829 0.830017 3.56968 188.908 152.797 138.722
1.3472 0.904352 3.56938 199.613 160.956 147.042
1.34674 0.979155 3.56104 211.328 169.846 156.371
1.34588 1.0542 3.55974 223.781 180.596 165.416
1.3493 1.12965 3.5566 238.119 191.588 175.727
1.34872 1.19952 3.55417 244.756 208.892 191.152
1.35834 1.29286 3.53469 243.863 240.947 224.611
1.34397 1.27223 3.55792 244.507 236.205 215.944
1.33882 1.31657 3.53359 242 250 241
1.35738 1.32504 3.55015 242.479 249.662 239.099
1.34675 1.52243 3.94262 242 250 241
1.34568 1.55574 3.95128 242 250 241
1.29317 1.54311 3.97592 242 250 241
1.44177 -0.783237 3.35259 93.4828 70.3793 47.7931
1.44768 -0.735988 3.34716 90.9 67.6583 47.2417
1.447 -0.660493 3.34249 94.8268 71.2677 54.5591
1.44213 -0.582785 3.32532 99.2584 76.7753 56.191
1.44595 -0.514874 3.33573 106.622 79.5882 61.2521
1.42983 -0.460413 2.37815 47.5 35.5 25.5
1.4417 -0.435135 3.318 107.873 83.746 61.2222
1.44688 -0.434577 3.32533 106.762 81.9524 66.7619
1.44394 -0.360369 3.31482 101.18 78.6292 59.7865
1.4444 -0.29559 3.30787 117.375 77.1591 47.9205
1.4393 -0.259655 3.37003 85.8889 55.1111 40.1111
1.43895 -0.265232 3.50474 101.935 62.7742 48.9677
1.54579 -0.180879 3.38521 84.1429 56.2857 46.3929
1.45252 -0.201753 3.48633 97.125 67.875 59.9375
1.43326 -0.189647 3.62403 181.714 140.143 107.143
1.43221 -0.207979 3.73804 130.067 98.8 75.2667
1.54339 -0.15712 3.38528 109.48 90.1301 70.8455
1.45673 -0.142082 3.49355 103.981 73.5631 54.7039
1.43246 -0.15761 3.61888 180.154 138.692 100.692
1.43286 -0.132154 3.69016 165.469 125.531 95.0938
1.45461 -0.0624274 3.48872 122.156 88.5951 60.1073
1.43104 -0.0374311 3.59661 176.25 142.5 117.125
1.44042 -0.04575 3.69227 168.576 133.727 110.121
1.45125 0.00901456 3.48564 154.728 115.63 87.1049
1.43547 0.0167313 3.56479 195.156 148.812 120.281
1.43697 -0.00579753 3.68655 175.333 134.667 105.778
1.45307 0.0307892 3.80195 154.25 116.8 98.45
1.46551 0.0863727 3.49698 176.817 138.151 102.135
1.45489 0.0794249 3.57369 177.785 142.336 108.187
1.46364 0.0894496 3.70155 143.786 113.048 81.7143
1.45895 0.0850888 3.83596 110.652 78.4607 66.4045
1.46377 0.109636 3.88962 83.2273 62.2727 52.3182
1.45815 0.160685 3.49689 175.481 135.902 93.9925
1.45081 0.159648 3.58688 163.375 129.192 98.1635
1.46285 0.15381 3.70019 130.848 103.803 76.6818
1.4785 0.166489 3.81406 111.271 86.017 61.7627
1.47053 0.163778 3.91159 76.4174 62.3043 53.2957
1.53997 0.253695 3.3592 117.916 94.8855 82.084
1.45861 0.216782 3.49686 181.642 139.866 94.6567
1.45462 0.236881 3.59518 161.607 129.667 93.2051
1.46392 0.22948 3.71749 127.643 97.9821 68.0179
1.4676 0.233015 3.80138 104.553 76.0426 55.0851
1.47115 0.232502 3.93071 69.1103 58.0621 48.131
1.44045 0.236829 3.99492 78.2593 61.0741 50
1.53446 0.276726 3.3598 148.87 129.87 109.391
1.45511 0.302941 3.48314 182.976 139.012 96.8293
1.4629 0.31145 3.5899 186 142.737 100.289
1.46705 0.315421 3.70316 139.464 107.009 74.2364
1.45014 0.306264 3.80174 112.745 85.5784 68.7549
1.46781 0.277353 3.87234 97.1429 74.2857 61.1429
1.4607 0.375311 3.50965 197.767 148.7 101.033
1.46006 0.382552 3.59596 179.815 136 89.8611
1.46422 0.378464 3.71412 121.96 92.9798 70.7374
1.45222 0.381484 3.80545 112.138 89.1293 70.4052
1.45609 0.41661 3.8968 108.3 90.7 66.1
1.46197 0.445385 3.63334 163.246 121.667 85.2632
1.45675 0.458644 3.68288 134.97 104.273 76.4697
1.47593 0.45392 3.82272 98.6757 79.0676 56.8243
1.46296 0.456958 3.92414 95.7431 75.375 62.4375
1.44247 0.471786 3.9825 103.245 79.0816 81.2041
1.44179 0.554248 3.57274 114.294 90.0882 80.2647
1.46566 0.504518 3.72062 125 96.4 75.7
1.47704 0.504284 3.83945 95.25 78.4167 57.0833
1.45513 0.526523 3.90599 88.6536 71.9804 66.3072
1.43607 0.502906 3.98376 99.8333 76.3333 77.1667
1.45067 0.609103 3.57328 134.032 103.287 94
1.44842 0.575925 3.93569 95.8824 76.3529 73.5882
1.44455 0.682762 3.57804 145.966 116.08 98.7727
1.44448 0.75443 3.57565 151.802 119.418 101.264
1.44521 0.831046 3.57401 158.5 123.771 110.927
1.44124 0.905516 3.56117 167.738 129.712 117.925
1.44479 0.98541 3.5613 174.388 134.929 120.188
1.44785 1.05544 3.56867 182.791 140.895 135.291
1.44801 1.12363 3.55653 192.278 147.565 138.896
1.45043 1.20151 3.55413 208.655 160.126 152.168
1.44427 1.27382 3.55024 233.059 179.929 171.224
1.45086 1.33015 3.564 245.032 208.871 207.194
1.44942 1.53376 3.95787 242 250 241
1.44066 1.52703 3.9855 242 250 241
1.4455 1.55191 3.94497 242 250 241
1.7049 -0.421818 3.35498 103.101 81.7196 64.3598
1.69669 -0.361475 3.35474 94.5399 85.5207 65.2204
1.70078 -0.288151 3.36118 92.9333 88.2928 70.9044
1.69838 -0.213624 3.35928 95.6764 85.8447 71.2654
1.70488 -0.162359 3.35602 108.496 106.611 86.5133
1.67551 -0.111141 3.45036 115.571 87.4286 63
1.68841 -0.0993062 3.46815 108 80.3333 59.3333
1.74228 0.345045 3.367 102 65.5 53
1.74227 0.350001 3.36701 115.5 78 56.5
1.67632 0.703175 3.34799 112.8 83.6 60.9333
1.80102 -0.412323 3.35786 101.54 83.87 63.82
1.80805 -0.362117 3.3595 82.5263 79.7121 66.0495
1.80282 -0.287408 3.35633 91.882 84.4814 69.6211
1.80265 -0.213178 3.35566 99.6291 89.4341 72.7253
1.806 -0.161143 3.36657 91.408 86.584 69.36
1.82141 0.34141 3.4466 74.7273 55.8182 54.7273
1.8177 0.35068 3.44907 94.5625 57.9375 58.5
1.77492 0.535564 3.35627 97.3182 73.9545 59.7727
2.05884 -0.558174 3.5221 103.682 71.1818 34.3182
2.05681 -0.540588 3.53497 99.1667 69.1667 50.6667
2.06558 -0.53779 3.5383 97 67.375 49.625
2.07238 -0.111598 3.49705 113.769 84.9231 65.0769
2.07259 -0.0969189 3.50022 118.375 85 65.125
2.04231 0.0680876 3.49998 120 90.6429 58.7857
2.07505 0.265738 3.48387 144.5 122 89.5
2.07574 0.314367 3.46896 137 101.667 77
2.05207 0.476591 3.38102 83.8261 61.7826 44.8261
2.06829 0.500326 3.41745 83 59.8333 39.6667
2.01178 0.658362 3.34458 91.5 68.6667 61
2.03853 0.993167 3.35013 113.214 80.7143 69.2857
1.93155 1.04577 3.37653 116 80.6667 84.6667
2.08788 -0.8954 3.18991 194.267 115.867 65.5333
2.13725 -0.889997 3.41586 187.061 111.758 53.1212
2.17412 -0.854683 3.49847 91.6154 41.8462 36.1538
2.21345 -0.880944 3.5618 151.5 102.25 54
2.18791 -0.781051 3.31042 119.2 87.2 60.8667
2.16993 -0.795767 3.41605 111.75 77.0417 42.4583
2.16345 -0.802137 3.45999 80.9693 55.6258 33.9509
2.16431 -0.801614 3.57208 57.3906 36.4375 8.29688
2.17141 -0.748168 3.29301 100.143 70.8163 40
2.17388 -0.740615 3.40649 111.241 79.4096 40.2048
2.1676 -0.7392 3.46121 71.7395 50.9076 22.395
2.16965 -0.754164 3.57244 55.7073 33.6341 21.6585
2.17119 -0.627298 3.38287 120.542 88.2083 64.75
2.17161 -0.627076 3.47065 87.2174 67.7391 41.0435
2.16603 -0.634171 3.56042 73 50.5714 32.2857
2.1761 -0.573698 3.30878 141.967 106.233 85.45
2.16979 -0.586062 3.36964 127.327 94 68.3386
2.16927 -0.585179 3.48259 88.9779 63.547 33.6961
2.17029 -0.586084 3.57329 80.1714 54.9786 27.8857
2.17264 -0.506167 3.3085 145.161 110.586 80.1034
2.16996 -0.513018 3.3765 125.897 97.6071 67.9777
2.17104 -0.509226 3.48667 92.3789 63.5895 39.8842
2.16759 -0.50936 3.56504 84.9846 55.2615 36.8769
2.17571 -0.433181 3.30994 149.647 113.279 89.2206
2.17215 -0.437851 3.37552 131.177 99.444 77.6509
2.16786 -0.43439 3.48648 91.1973 65.3257 42.3119
2.16419 -0.439208 3.55918 86.5474 56.7684 36.6316
2.17518 -0.366429 3.3096 155.104 114.985 89.8507
2.16916 -0.359122 3.36457 135.009 105.292 77.4057
2.16472 -0.365145 3.49114 96.2406 67.9211 43.8421
2.15979 -0.363665 3.55974 90.4685 62.3964 32.7748
2.17068 -0.275004 3.31356 160.953 115.698 86.3488
2.1749 -0.288682 3.37388 139.654 107.013 76.7089
2.17477 -0.289947 3.48205 98.2011 69.4185 47.5761
2.16988 -0.286602 3.56265 94.1399 62.3636 30.1818
2.17644 -0.212995 3.3173 161.467 121.3 92.7
2.17764 -0.214045 3.37208 145.43 110.847 87.1529
2.17825 -0.21016 3.48237 99.4813 73.5936 56.6845
2.17218 -0.214977 3.56097 93.9688 65.7656 41.1797
2.18113 -0.138632 3.37302 146.811 114.382 88.8622
2.17706 -0.139035 3.48884 103.45 75.2339 53.1468
2.17167 -0.136664 3.55878 95.6173 66.4444 43.0123
2.18362 -0.0637874 3.37633 149.9 118.205 92.3735
2.17997 -0.0616048 3.48386 104.192 78.2356 59.1346
2.17548 -0.0619359 3.55125 90.9155 65.338 45.4366
2.1818 0.0121465 3.36849 154.811 120.525 94.2581
2.17692 0.0131837 3.47962 107.346 82.6061 59.9307
2.17806 0.00776987 3.55717 94.5811 66.6757 51.0811
2.18249 0.0880043 3.37335 157.101 121.477 98.1508
2.17722 0.0820275 3.48269 111.803 81.9958 59.9832
2.17566 0.088982 3.55096 104.644 70.875 49.0962
2.18199 0.160346 3.37142 161.462 125.03 99.2312
2.17311 0.16274 3.48486 115.429 82.7181 61.4247
2.17757 0.156627 3.54783 106.754 72.4058 47.1014
2.18437 0.235318 3.38285 164.24 125.524 102.135
2.17258 0.23161 3.49196 111.112 82.0695 65.5907
2.17594 0.252373 3.54247 102.375 78.0625 65.0625
2.18249 0.307834 3.38081 168.439 129.086 102.894
2.17233 0.310765 3.48694 117.025 84.827 62.1603
2.17462 0.314721 3.54679 111.259 78.2931 56.9655
2.18079 0.383335 3.37544 174.098 132.946 112.683
2.17813 0.378076 3.48896 116.401 84.9251 68
2.18774 0.392736 3.54736 108.655 77.3448 58.4138
2.18049 0.457285 3.37555 176.063 136.747 115.046
2.18012 0.459869 3.47399 121.808 90.5728 67.4695
2.19061 0.435236 3.54962 106.292 76.75 61.1667
2.18129 0.530736 3.37784 181.471 138.159 114.637
2.1849 0.534017 3.48055 123.436 93.8326 71.1806
2.1917 0.604816 3.39848 182.333 135.989 110.921
2.17979 0.606778 3.48264 120.587 93.16 71.6311
2.18906 0.620442 3.56053 103 74.7273 61.2727
2.1892 0.681892 3.39293 183.313 142.117 116.853
2.17944 0.679775 3.46789 132.201 97.6138 82.254
2.17901 0.75417 3.3839 180.168 138.587 113.899
2.18233 0.755702 3.47861 130.648 98.1136 77.2727
2.18453 0.832113 3.39173 183.169 140.436 115.203
2.17861 0.829876 3.46997 133.97 102.118 83.0828
2.185 0.907326 3.39833 178.329 140.963 123.839
2.18025 0.90358 3.47789 134.803 102.293 89.7483
2.18241 0.976787 3.38935 185.377 145.364 125.583
2.18544 0.977785 3.47511 140.443 111.081 96.4899
2.19296 1.05039 3.40186 196.95 149.7 131.05
2.18633 1.05949 3.47034 158.847 119.852 96.6172
2.19018 1.1353 3.39907 204.555 151.941 130.958
2.18767 1.12717 3.46325 169.169 124.412 106.054
2.18707 1.19416 3.39893 203.988 151.035 132.791
2.19116 1.21019 3.47723 173.913 128.348 114.591
2.1892 1.27588 3.3827 218.778 157.528 137.861
2.1943 1.27708 3.45847 184.333 136.415 118.37
2.21647 1.33786 3.41468 228.5 158.5 157
2.21295 1.33265 3.46177 197.866 141.305 131.22
2.24007 1.33546 3.44781 227 163 148
