-2.66984 -0.238681 3.09484 35.8054 26.3758 8.69463
-2.68651 -0.209675 3.09363 34.4 22.9 1.5
-2.61289 -0.0883921 3.07044 37.8095 31.4286 12.9048
-2.6165 0.036441 3.10213 43.4 25.3 13
-2.60803 0.154721 3.09402 41.1538 30.9231 14.6154
-2.61154 0.265868 3.10286 33 36.625 7.125
-2.60243 0.466023 3.02503 54 36.3333 7.66667
-2.60339 0.485563 3.03913 54 39.5 17
-2.49506 -0.606146 3.09276 15.5333 14.2667 2.03333
-2.50798 -0.558722 3.07841 18.2964 14.6877 3.94071
-2.51965 -0.486497 3.07825 17.2869 17.0574 1.2377
-2.52941 -0.404902 3.09328 22.2407 17.7778 2.76296
-2.51474 -0.330289 3.07351 22.2166 18.9032 3.37788
-2.52075 -0.238098 3.05214 24 19.5 2.83333
-2.51605 -0.252092 3.07496 25.102 18.6684 3.85204
-2.53205 -0.177046 3.04712 27.4074 24.1111 3.07407
-2.505 -0.168008 3.0721 26.6897 20.5714 6.33005
-2.48869 -0.0786615 3.04525 28.7024 17.5357 5.67857
-2.51251 -0.103213 3.07244 31.6444 20.4815 8.17037
-2.50728 -0.022617 3.03168 27.1484 21.2344 10.9453
-2.49242 -0.0153436 3.07321 27.25 22.8214 10.6786
-2.50678 0.0591257 3.04267 29.0938 23.3828 4.27344
-2.49663 0.0580525 3.06861 28.959 23.3197 8.63934
-2.49427 0.149716 3.03889 29.0235 24.4118 8.89412
-2.51573 0.130995 3.06775 29.5641 24.3782 8.99359
-2.48766 0.213158 3.03119 30.7182 26.7545 5.83636
-2.48238 0.206468 3.07034 35.7941 28.5221 5.22059
-2.50251 0.285369 3.03084 31.234 29.1447 6.95319
-2.46531 0.281256 3.07087 42.9189 30 16.4189
-2.47684 0.369028 3.02686 35.2184 27.6117 10.1942
-2.4679 0.362623 3.05509 40.3636 27.8182 10.8182
-2.48931 0.446172 3.03456 37.3333 27.3955 13.887
-2.46966 0.428807 3.08151 39.3333 31.2778 8.5
-2.49919 0.521586 3.03225 34.1667 29.4697 12.6667
-2.48971 0.524631 3.06617 39.0833 29.0278 9.83333
-2.48628 0.597224 3.03015 37.3018 30.9941 15.4556
-2.46775 0.627807 3.06356 45.08 34.72 18.24
-2.47768 0.672756 3.02911 39.4485 36.1649 14.5619
-2.46344 0.645532 3.05854 44.0952 36.2857 17.9048
-2.47005 0.738306 3.01022 39.4194 34.0753 15.8387
-2.49132 0.777005 3.07713 45.25 34.375 17.0833
-2.45926 0.833944 3.00168 39.2308 37.5577 16.5192
-2.47922 0.815346 3.06883 47.6316 34.8421 17.1579
-2.47489 0.921725 3.01111 42.0615 37.1385 19.8462
-2.47169 0.99322 3.00878 43.2254 37.1831 21.0423
-2.47256 1.05285 3.0058 48.6143 37.9 17.9571
-2.30529 -0.927355 3.13945 114.84 86.32 54.08
-2.28037 -0.891342 3.14555 108.107 83.1786 64.4643
-2.28609 -0.758271 3.13711 67.2683 29.8293 2.90244
-2.30709 -0.713372 3.14939 81.5286 54.5993 26.4377
-2.3118 -0.636559 3.14942 83.6699 58.2288 30.6863
-2.3079 -0.55947 3.14782 86.9329 62.0319 37.4121
-2.30741 -0.482054 3.14243 90.0855 65.0954 39.1776
-2.30649 -0.405589 3.14132 93.3649 67.7635 44.6014
-2.30853 -0.327912 3.13662 95.2749 70.7526 51.4948
-2.30334 -0.250919 3.13517 102.461 73.4504 52.5213
-2.30439 -0.171775 3.12882 103.357 75.9474 56.6429
-2.30553 -0.0958423 3.12463 104.287 77.9126 54.4301
-2.30567 -0.0182874 3.12082 107.956 80.7109 53.3367
-2.3022 0.0596929 3.11408 110.639 82.2314 61.4902
-2.42234 0.160942 3.03063 33.8462 30.6154 14.7692
-2.30174 0.136521 3.10779 112.309 85.1702 60.3156
-2.29508 0.210142 3.10283 115.19 85.6164 58.3707
-2.42581 0.327628 3.02153 29.5 24.5 6.5
-2.29172 0.288495 3.10066 116.881 87.7352 64.1553
-2.42329 0.340073 3.02194 40.25 29.25 14.375
-2.29631 0.369663 3.10092 117.381 87.9667 71
-2.29298 0.442839 3.09693 118.429 89.7972 65.2028
-2.39489 0.5036 3.00545 55.125 34 15.4375
-2.28523 0.521284 3.09176 120.376 91.5896 66.7861
-2.42353 0.600195 3.0167 45 35.1667 20.3333
-2.28773 0.598949 3.09285 122.011 91.8539 66.8539
-2.42664 0.660232 3.03173 51.25 38.25 15.75
-2.28833 0.675577 3.08883 122.285 92.2558 70.9884
-2.28413 0.7512 3.07999 123.828 94.4969 71.1104
-2.42248 0.846812 3.00836 47.4375 39.1875 23
-2.28271 0.830697 3.08064 120.705 96.5468 72.7266
-2.4165 0.945113 2.99522 41.5 36 21
-2.27499 0.906603 3.07135 123.788 95.9027 69.2035
-2.40182 0.969222 3.00095 49.5769 41.5385 22.3462
-2.27447 0.985956 3.07082 126.841 96.115 70.9734
-2.27946 1.06066 3.07249 124.373 96.5727 72.5273
-2.27454 1.13815 3.0684 122.759 97.9259 76.1481
-2.26666 1.2468 2.87081 86.5 74.5625 47.1875
-2.27566 1.2502 3.03509 113.5 89.1667 76.6667
-2.26928 1.21231 3.0557 117.707 94.5862 74.4483
-2.26595 1.26012 2.88411 89.4286 75.7143 57.4286
-2.27029 1.26088 3.04919 118.333 89.3333 83.4444
-2.25606 -0.910893 3.14737 112.75 86 58.25
-2.2566 -0.896637 3.14581 111 84.4 62.8
-2.17031 -0.835172 3.4621 37.7 17.6 4.9
-2.18702 -0.766234 3.00966 87.13 45.43 11.95
-2.21992 -0.760759 3.14443 102.667 64.8667 32.6667
-2.16755 -0.777733 3.29105 80.2449 51.2857 26.8027
-2.17362 -0.786448 3.44967 44.9612 26.2171 7.76744
-2.19279 -0.747329 3.01707 81.8261 43.3261 10.5217
-2.19999 -0.714003 3.16749 133.657 98.2874 65.4663
-2.16809 -0.716085 3.29852 77.5318 54.8801 26.3071
-2.17242 -0.716064 3.45495 35.4925 24.4824 2.0804
-2.19537 -0.637759 3.16865 134.731 101.857 73.4196
-2.16643 -0.638624 3.30155 74.5837 49.4118 27.8235
-2.17303 -0.637806 3.44878 37.3596 25.1429 4.16256
-2.10426 -0.566175 2.59479 20.2821 14.6667 2.25641
-2.19616 -0.561118 3.16815 140.648 108.161 74.8774
-2.16561 -0.559886 3.29599 78.3025 52.6807 29.1176
-2.17398 -0.560388 3.45442 36.061 26.4272 7.01878
-2.14977 -0.465019 2.50071 29.4894 19.7021 4.21277
-2.19643 -0.48386 3.16881 141.208 109.63 77.5595
-2.16196 -0.482024 3.29288 75.4091 54.9273 26.4409
-2.17176 -0.483494 3.45545 37.1928 27.8431 7.34529
-2.18618 -0.440476 2.54635 31.25 22.625 3
-2.19356 -0.404696 3.15747 148.176 113.396 79.8644
-2.15695 -0.405706 3.28067 81.2742 57.8548 30.3669
-2.16544 -0.406136 3.44102 35.8867 27.8473 8.65025
-2.19306 -0.327319 3.15672 149.086 114.9 83.9707
-2.1556 -0.329924 3.28774 77.4211 56.3725 37.7733
-2.1595 -0.326706 3.45357 43.3644 29.8578 14.6178
-2.10935 -0.214394 2.31528 46.6667 33 15.3333
-2.18674 -0.25001 3.15388 152.72 116.441 89.872
-2.14983 -0.251099 3.28701 79.5941 56.4686 34.8243
-2.15964 -0.253473 3.44403 50.8783 34.3386 16.8624
-2.10859 -0.170024 2.30669 33.8462 21.6442 8.28365
-2.18919 -0.172695 3.15002 153.633 119.453 88.1025
-2.15223 -0.174888 3.29115 75.5512 58.9764 35.4803
-2.15874 -0.17414 3.4414 43.6648 30.3408 12.7039
-2.10438 -0.0974414 2.30286 28.2295 19.9836 4.81557
-2.18686 -0.0957399 3.14882 154.469 121.651 88.2711
-2.14852 -0.0975634 3.29234 77.9529 54.502 31.9804
-2.15618 -0.0955688 3.44419 45.2486 30.2155 12.1271
-2.09959 -0.0206294 2.29842 32.1065 19.375 5.06482
-2.18614 -0.0181053 3.14597 159.551 122.927 92.1925
-2.1506 -0.0195689 3.29108 78.8221 56.3557 33.6403
-2.1561 -0.0184355 3.44437 44.6134 32.0722 14.433
-2.09792 0.0557992 2.29214 31 23.1474 7.56972
-2.18526 0.0582827 3.14043 158.027 122.777 92.6458
-2.14461 0.0579808 3.28416 77.8148 58.6914 31.1811
-2.15166 0.0593075 3.43531 44.7043 34.2473 11.3925
-2.09744 0.136164 2.29119 30.7467 23.8734 7.37555
-2.17904 0.135471 3.1364 158.549 124.107 94.1838
-2.14122 0.134993 3.28897 72.5366 54.7317 28.5894
-2.14952 0.13362 3.43366 46.1585 32.5915 15.6402
-2.0948 0.209942 2.28443 34.3681 22.8712 6.08589
-2.17902 0.211664 3.13501 157.356 122.732 93.192
-2.13706 0.211934 3.29327 69.3113 53.1323 35.2412
-2.14672 0.213983 3.43826 45.0878 34.4257 14.4662
-2.09439 0.276333 2.27664 36.1927 23.9633 3.99083
-2.17606 0.289213 3.13078 157.292 122.715 94.3142
-2.13359 0.291619 3.28791 71.1212 52.7662 32.2035
-2.14501 0.288649 3.43222 48.4562 33.7313 14.5688
-2.09182 0.378598 2.27652 34.5439 28.386 12.1579
-2.17447 0.36824 3.12775 157.955 123.554 93.9373
-2.13291 0.366239 3.28688 72.3476 52.9614 33.1888
-2.14566 0.367041 3.42936 53.2013 36.1753 19.4416
-2.09195 0.44451 2.27755 38.1099 28.7582 11.7143
-2.17244 0.444086 3.12897 159.552 122.564 94.0105
-2.12921 0.444879 3.28853 71.4598 52.0357 27.6161
-2.14056 0.44233 3.4258 50.55 37.3429 18.45
-2.09253 0.532729 2.27156 41.2 33.2667 6.36667
-2.16846 0.521336 3.12364 158.155 121.797 95.2271
-2.12866 0.521882 3.29412 69.3779 50.6452 32.6129
-2.13377 0.521559 3.41852 51.6258 39.1677 21.7613
-2.09118 0.574612 2.28135 39.48 34.4 13.64
-2.16788 0.599129 3.1196 158.658 124.561 97.6339
-2.12245 0.598094 3.28154 69.8809 53.4809 25.5617
-2.12897 0.600465 3.41745 52.8808 39.3642 18.7219
-2.16454 0.675687 3.11789 158.252 123.131 93.9322
-2.12644 0.676264 3.29525 67.5814 53.1209 30.5442
-2.12216 0.675122 3.40324 53.2792 41.8117 16.0844
-2.16447 0.753042 3.11407 157.521 121.964 94.9585
-2.1207 0.75342 3.29006 70.4574 50.6188 30.1839
-2.12316 0.751493 3.41213 53.7143 41.0786 21.8214
-2.16073 0.830986 3.10992 155.329 121.783 97.4718
-2.11875 0.829285 3.28848 69.2044 51.0311 35.6267
-2.12543 0.827823 3.40926 58.672 40.312 25.64
-2.16009 0.906975 3.10561 155.565 120.876 95.123
-2.11638 0.908985 3.29703 68.2511 49.6233 29.8296
-2.11981 0.907822 3.40079 59.6489 42.0957 30.1064
-2.1571 0.985229 3.10704 153.398 120.827 93.8959
-2.11307 0.984245 3.28987 69.0735 50.1225 30.2794
-2.117 0.985046 3.39896 62.1639 43.377 27.3279
-2.15752 1.06224 3.10458 155.989 121.969 96.807
-2.10697 1.06359 3.29215 70.3388 53.5413 29.0661
-2.11427 1.05741 3.40626 64.9474 45.2737 27.7158
-2.15914 1.138 3.09389 159.951 125.724 103.401
-2.10303 1.13833 3.28298 76.8375 54.5 35.7125
-2.11986 1.14145 3.41625 62.713 49.8611 34.4167
-2.18421 1.23469 2.85668 113.75 85.0217 60.0109
-2.16569 1.24478 2.98348 148.894 116.993 97.2637
-2.16199 1.21515 3.08155 159.875 128.048 105.588
-2.10173 1.21859 3.299 75.1557 58.8868 37.7358
-2.10701 1.20721 3.40406 67.5465 50.2093 31.8721
-2.17244 1.25911 2.9959 153.103 122.655 103.931
-2.09802 1.29919 3.15205 117.647 96.8421 77.3316
-2.10105 1.29335 3.29743 80.9361 64.4064 44.3973
-2.10052 1.3007 3.40409 78.1719 61.4531 42.125
-2.09473 1.34718 3.15476 118.455 93.9818 71.4364
-2.10262 1.36897 3.29243 82.1786 68.5714 51.3673
-2.10977 1.37596 3.40306 81.8211 68.6 50.5158
-2.09596 1.42842 3.34329 75.1333 67.5333 53.1333
-2.10555 1.43872 3.40831 82.7692 68.3846 55.5077
-1.94879 -0.769957 2.96425 71.6061 30.2222 13.3131
-2.0388 -0.713549 2.40661 94.7778 70.8889 53.5556
-2.05414 -0.710883 2.45833 86.6774 71.1936 52.2258
-1.92318 -0.71316 2.72228 92 47.4 23.2
-1.95732 -0.730991 2.84172 89.6 45.5333 26.0667
-1.9459 -0.745071 2.9671 62.6167 31.95 16.4833
-2.06844 -0.294251 3.48497 57.2 36.5 16.8
-2.06836 -0.270055 3.47102 46.3103 30.6207 14.6207
-1.96622 -0.0941927 2.11914 46.0667 39.1333 14.0667
-2.06965 0.0137391 2.23389 26 25.75 15.25
-2.08595 -0.0276163 2.2809 32.35 19.05 6.55
-2.08431 0.0825904 2.28467 31.2414 23.5517 2.58621
-2.08568 0.124579 2.28033 32.4 25.2 4.1
-2.07578 0.186102 2.24455 36.3333 23.5 4
-2.08521 0.215842 2.28665 34.3404 23.0638 7.25532
-2.02818 0.244236 3.40404 47 29.75 17.5
-2.08152 0.297072 2.28412 34.8895 24.7326 6.69767
-2.08236 0.360242 2.28258 36.2074 28.6968 7.84574
-2.08277 0.442221 2.28537 39.9097 30.2083 11.3403
-2.08099 0.517277 2.27867 43.5968 29.4785 12.1613
-2.0499 0.50922 3.36286 51.4545 36.0909 19.1818
-2.07707 0.602619 2.27415 42.4047 32.8651 15.8791
-2.05166 0.592033 3.34514 51.3333 34.6667 21
-2.07282 0.676099 2.27103 49.2026 35.0925 12.3348
-2.06575 0.764716 2.24972 49 38.8519 18.537
-2.06962 0.746694 2.2744 45.5839 38.3913 20.9814
-2.06685 0.806646 2.25056 52.0588 34.5 18.5
-2.06864 0.834402 2.271 49.9176 37.8626 20.011
-2.07162 0.924049 2.25225 51.4054 39.6216 24.7568
-2.06267 0.904733 2.2637 53.8547 40.514 23.5084
-2.08549 0.90798 3.11399 116.8 87.92 69.48
-2.0457 0.960616 2.22824 48.3115 35.3443 15.8525
-2.05274 0.960874 2.25789 47.75 36 12.1389
-2.08801 1.04769 3.10655 129 98.8333 73.8333
-2.08388 1.15534 3.12652 120.984 92.5781 66.6875
-2.07158 1.23979 2.86483 217.316 185.868 156.132
-2.07739 1.2493 2.95911 188.185 154.556 130.111
-2.08293 1.21649 3.13475 117.453 92.3594 68.3125
-2.08573 1.21482 3.22257 84.8333 64.5 37.1667
-2.08537 1.24414 3.37776 74.5714 59.8571 29.8571
-2.06371 1.25623 2.88778 208 171 136
-2.07937 1.27456 2.99905 175.03 144.083 123.818
-2.08503 1.28757 3.09922 134.72 112.44 90.12
-2.08375 1.29156 3.27293 78.6176 62.0588 45.8529
-2.0865 1.26303 3.38351 77.6 60.6 30.8
-2.08251 1.35761 3.17274 101.864 82.8636 64.4318
-2.08687 1.40135 3.27753 79.5385 68.3846 41.3077
-2.08512 1.41743 3.30285 77.7692 66.1538 49.4615
-2.08842 1.47103 3.42242 87 70 62
-1.75305 -1.00671 2.29655 65.25 48.6875 27.625
-1.78188 -0.918758 2.06098 40.7363 28.2308 17.5385
-1.77237 -0.944083 2.11718 52.082 44.2131 26.0164
-1.75595 -0.963194 2.26742 74.3333 51.1667 36.1667
-1.74836 -0.950934 2.82461 97 54.75 9.75
-1.78008 -0.84906 1.91616 54.5625 26.0357 8.10714
-1.77983 -0.866972 2.02027 40.3771 27.1964 10.9974
-1.75123 -0.863293 2.16487 80.303 62.0909 32.6061
-1.75051 -0.885881 2.78694 119.176 69.7059 31.5294
-1.77757 -0.793463 1.91831 67.6198 27.7934 5.57851
-1.77541 -0.793241 2.01964 43.8727 30.2511 10.1914
-1.75268 -0.8245 2.20541 84.5455 70.2727 42.6364
-1.75489 -0.784461 2.82521 100.896 59.6042 24.8958
-1.88735 -0.768291 2.96529 80.9355 35.2742 9.75806
-1.76954 -0.719196 1.9131 73.1965 37.7074 10.4935
-1.77664 -0.717257 2.00598 66.1366 40.5557 16.7082
-1.84353 -0.721171 2.68599 77.15 39.5667 27.2
-1.82124 -0.735974 2.82458 85.7747 46.1197 17.338
-1.83944 -0.743815 2.96202 40.8732 23.7183 6.34507
-1.76663 -0.632998 1.91062 54.1073 25.9707 4.99512
-1.76853 -0.638443 1.98179 81.6903 52.1257 20.5593
-1.76291 -0.562818 1.90823 63.5196 25.7933 9.07821
-1.76931 -0.56187 1.98225 44.4589 23.028 6.25987
-1.76375 -0.484963 1.9116 64.4819 31.3896 9.90763
-1.76692 -0.482786 1.98621 34.3206 18.6811 2.87708
-1.75823 -0.40463 1.90855 61.7 27.308 4.584
-1.76336 -0.407308 1.98464 42.5992 24.7893 8.79545
-1.75556 -0.327889 1.90815 64.4729 25.7798 6.88087
-1.75827 -0.327345 1.97916 38.4062 21.2679 9.4308
-1.75217 -0.253314 1.90649 67.951 29.6286 4.97959
-1.75737 -0.251554 1.97796 37.6308 21.7231 4.54615
-1.75586 -0.200288 1.90637 98.2143 45.3857 12.3286
-1.76 -0.199264 1.97676 52.0124 28.9379 8.14286
-1.91258 -0.047562 2.06173 41.5238 28.619 19.0476
-1.80766 0.875967 1.96448 43.6923 32.0769 27.6154
-1.58584 -1.17629 3.20514 56.9444 39.5556 13.3333
-1.71926 -1.01801 2.33568 40.97 28.9 10.78
-1.73248 -0.988076 2.86026 62.5 46 7.5
-1.73076 -0.989835 2.89445 30.6667 14.3333 3
-1.74047 -0.912976 2.08162 56.7059 48 29.9412
-1.7312 -0.935656 2.16122 70.0075 55.2868 29.5962
-1.71435 -0.9341 2.31771 79.2611 57.5056 32.0444
-1.70693 -0.921619 2.48532 84.6522 64.4928 47.4928
-1.69826 -0.913954 2.61991 95.7353 58.5882 27.2059
-1.73281 -0.940319 2.8407 66.5325 39.8701 12.987
-1.72276 -0.948242 2.894 24.6842 12.9474 2.94737
-1.73434 -0.871595 2.07996 68.994 51.3713 25.4132
-1.72836 -0.867946 2.17576 82.7354 63.8991 39.5852
-1.71155 -0.875166 2.31281 86.4518 62.7763 41.2193
-1.69898 -0.862919 2.46632 90.2143 66.506 45.0893
-1.6918 -0.864393 2.64492 110.882 65.5669 24.9921
-1.73478 -0.870422 2.82519 84.8991 49.4921 17.1167
-1.73511 -0.844557 2.90273 26.5333 17.1333 3
-1.72739 -0.791815 2.07967 74.2609 56.5375 29.5692
-1.71832 -0.787184 2.17028 83.64 62.8375 36.595
-1.70566 -0.790301 2.31889 88.1898 65.0939 40.6321
-1.69344 -0.796736 2.4904 89.7884 65.8055 39.1672
-1.68992 -0.790803 2.63125 117.29 70.3693 31.7841
-1.73908 -0.79828 2.83178 78.1767 46.5733 20.0043
-1.74028 -0.776373 2.8971 26.6087 18.4348 4.65217
-1.73166 -0.742361 2.07617 82.6066 58.5082 26.2459
-1.71115 -0.737175 2.17738 88.1202 67.3133 38.5064
-1.71311 -0.740244 2.34277 92.8667 69.36 43.2333
-1.68696 -0.733496 2.49208 97.037 71.5926 45.8466
-1.67877 -0.744398 2.60567 119.571 73.8214 36.3571
-1.74476 -0.750759 2.80018 105.6 59.8 25.2
-1.74288 -0.747048 2.89824 35.8 16.9 2.9
-1.63642 -0.704143 3.3738 27 21.1667 9.16667
-1.74718 -0.607029 1.95678 91 55.5 23
-1.74563 -0.573303 2.01468 26.1667 21.6667 6.5
-1.64775 -0.576655 3.36498 30.8333 21.5833 4.41667
-1.67215 -0.460565 3.34665 32.8667 24.4667 4.66667
-1.74579 -0.394462 1.91508 62.9 26.1 2.175
-1.74471 -0.383454 1.9432 57.6667 33.5 6.77778
-1.74484 -0.346926 1.90966 60.1395 26.3488 11.4419
-1.74532 -0.331783 1.97335 34.5918 18.8571 8.73469
-1.74481 -0.242868 1.90666 65.6832 29.0198 6.38614
-1.74573 -0.252111 1.98245 28.2889 19.1556 5.86667
-1.603 -0.261485 3.39681 44.8889 31.6667 19
-1.74577 -0.206017 1.90408 97.4783 47.3043 13.9565
-1.74454 -0.201406 1.94639 64.4615 30.3077 10.1538
-1.71704 0.0540902 3.30242 44.8824 32.2353 10
-1.71193 0.548152 3.33308 62.5 42.3 26.9
-1.72834 1.24293 3.26006 86.75 71.75 62.75
-1.43281 -1.22055 3.4545 26.5 23.75 14.25
-1.4266 -1.16598 3.45292 53.1176 39.9412 31.9216
-1.42614 -1.08292 3.33396 66.8696 53 35.3913
-1.43128 -1.12651 3.41362 64.9167 48.75 37.1667
-1.43947 -1.02156 3.31455 71.4071 54.6786 34.2286
-1.43507 -0.948581 3.30523 76.2069 55.4483 36.2
-1.4481 -0.857093 2.138 94.2904 58.2957 39.9961
-1.48039 -0.857187 2.36849 75.1852 49.2593 34.0741
-1.5037 -0.868785 2.42783 88.9032 66.3548 29.9032
-1.43462 -0.873115 3.30588 75.8015 57.4926 39.9265
-1.44136 -0.824778 2.19366 94.9663 71.2584 50.2022
-1.41582 -0.829206 2.27747 46.25 18 22.5
-1.42887 -0.789819 3.2968 77.8679 58.3396 42.5
-1.43107 -0.716813 3.30794 79.042 61.7563 42.6218
-1.43157 -0.636766 3.28729 80.6777 61.5372 46.6777
-1.42819 -0.562345 3.28824 84.2632 64.2526 43.9789
-1.42606 -0.483299 3.28862 83.1863 68.3235 51.9608
-1.4209 -0.407475 3.27882 85.8966 69.1264 50.1379
-1.44466 -0.332773 3.29486 79.3585 62.4906 39.1321
-1.54732 -0.319784 3.39889 63.5 48.3333 28.9167
-1.44027 -0.253282 3.27671 76.9505 52.9109 30.7228
-1.40668 -0.139019 3.60268 61 40 15
-1.4154 -0.11257 3.61506 51.3 34.7 21.3333
-1.41653 -0.0809292 3.84988 52.9286 42.7143 31.2143
-1.42444 -0.0745622 3.89922 49 42.4444 33.4722
-1.41429 -0.00531939 3.41729 67.7143 52 19.1429
-1.46351 0.0104087 3.82363 54.375 50.5 42.875
-1.44442 -0.0180271 3.9164 45.5128 45.0205 35.7949
-1.48949 0.088041 3.30602 57.2 37.2667 11.8
-1.44148 0.0521736 3.4269 71.9767 56.593 28.9651
-1.42766 0.0932796 3.67597 71.3333 51 27
-1.44353 0.0604029 3.79804 50.6324 48.1029 27.8824
-1.43824 0.0543717 3.9281 45.3082 44.4214 28.8994
-1.49191 0.107772 3.31307 54.2857 38.8571 19
-1.55274 0.0992141 3.39463 51 39 15
-1.41858 0.126824 3.6469 61.96 49.68 31.68
-1.42106 0.125319 3.76902 45.8046 44.2414 33.8276
-1.42448 0.133262 3.93489 45.5556 45.4545 29
-1.51864 0.238228 3.3225 54.6364 41.7273 26.2727
-1.4099 0.22967 3.51257 87 45 20.5
-1.41334 0.231079 3.57027 72.5833 49.75 25.5833
-1.41346 0.237098 3.79073 40.6 40.2667 32.6
-1.42314 0.213844 3.92344 41.1735 41.8163 33.449
-1.54776 0.266455 3.32705 54.4545 38.7727 24.8182
-1.41184 0.290208 3.51022 81.6923 49.9231 24.3846
-1.41301 0.2925 3.56011 68.4865 45.5135 26.6757
-1.41952 0.269871 3.77452 45.6364 43.0606 32.2727
-1.4295 0.293065 3.90981 45.4748 41.0576 30.8201
-1.43046 0.336713 3.92595 42.4583 35.5 25.25
-1.41103 0.437594 3.52681 70.8462 55.6923 35.5385
-1.42148 0.467867 3.91217 84.9231 76.0769 68.7949
-1.44852 0.54301 3.31372 98.1936 71.7419 49.6129
-1.41218 0.511884 3.57278 77.375 67.4167 48.5
-1.426 0.531409 3.77935 80.5795 70.4659 56.8068
-1.4262 0.51889 3.90635 87.1835 76.9633 61.8716
-1.46918 0.563114 3.32486 83 58.5 43
-1.55446 0.619813 3.38178 67.675 50.525 35.7
-1.41577 0.582989 3.64884 66 52 42.8889
-1.42234 0.578308 3.78132 71.1389 59.1944 44.3472
-1.41275 0.562895 3.88962 85.5714 73.7143 57.8571
-1.54511 0.643976 3.38159 70.1667 53.5 37.4167
-1.29004 -1.22302 3.44518 31.1111 21.2222 13.8889
-1.30795 -1.17033 3.44254 51.3725 38.2314 23.5412
-1.32629 -1.07549 3.33242 74.3333 55.6759 35.5185
-1.31822 -1.12371 3.4197 72.2239 53.9627 32.2015
-1.32208 -1.02228 3.31013 76.7451 55.7102 37.2505
-1.35266 -0.909992 2.15481 78.6667 60 44
-1.38506 -0.909389 2.50615 49 29.5 9
-1.32194 -0.946704 3.31006 75.7953 58.6272 36.6746
-1.35724 -0.866192 2.17309 90.8442 55.3399 35.0368
-1.33347 -0.851665 2.29418 41.2388 23.3284 5.89552
-1.36626 -0.88565 2.48368 38.5 22.875 9.875
-1.31874 -0.869753 3.30499 76.6918 59.5905 41.9504
-1.37195 -0.824729 2.23551 51.3855 36.0964 21.7711
-1.3829 -0.824041 2.25984 32.5 16.1 8
-1.32209 -0.792924 3.3005 79.149 61.0265 43.1531
-1.31771 -0.715472 3.29629 80.6125 64.3118 43.0779
-1.32206 -0.637267 3.29135 81.7928 65.5983 49.6977
-1.32411 -0.56168 3.28882 85.1186 67.3644 51.5487
-1.31891 -0.482291 3.28071 85.9408 69.9429 53.0803
-1.31977 -0.405562 3.27767 85.543 72.3951 56.3929
-1.3203 -0.328381 3.27523 84.4034 69.1408 50.9454
-1.3187 -0.25393 3.25681 76.1574 50.764 33.2208
-1.37519 -0.21744 3.59923 58.4 43.6 26.8
-1.35968 -0.221155 3.78209 39 32.8182 19.0909
-1.36783 -0.209738 3.24019 109.455 81.8182 38.6364
-1.3739 -0.172571 3.59366 61.9292 40.9558 24.3451
-1.36157 -0.164987 3.75418 64.1193 46.9541 25.156
-1.39349 -0.125899 3.59513 53.8571 31.9286 18.2857
-1.3482 -0.111766 3.7507 75.6032 56.9841 40.6349
-1.32565 -0.0747193 3.94775 66.5033 56.7285 42.5629
-1.40463 0.00344817 3.40442 71.8571 53.5714 16.8571
-1.31863 -0.018831 3.96095 52.2493 52.1275 39.8464
-1.39263 0.0697221 3.4839 73.6364 59.3636 31.8182
-1.32255 0.0579628 3.95991 64.4676 61.9176 42.6118
-1.38992 0.165195 3.39045 90.3182 55.3636 33.9545
-1.39626 0.151246 3.63939 51.8462 46.7436 33.9744
-1.39982 0.155976 3.78085 41.0303 42.6364 33.8182
-1.32015 0.134265 3.95682 70.6073 66.1893 47.4294
-1.38669 0.221554 3.36533 97.1556 51.9111 30.2667
-1.38615 0.218745 3.44539 83.4615 45.3846 23.1538
-1.38894 0.214678 3.6025 51.458 44.8779 30.2061
-1.39873 0.203078 3.74508 41.32 40.44 33.6
-1.3203 0.212883 3.9539 59.985 59.0299 42.9162
-1.39174 0.255365 3.37035 103 55.6667 39.6667
-1.39941 0.27763 3.46414 88.7 50.4 21.7
-1.39702 0.271906 3.58575 60.6905 46.9762 25.8571
-1.3227 0.288836 3.95036 46.59 45.6077 36.7257
-1.39675 0.405379 3.53924 62 48 37
-1.31089 0.350021 3.9481 43.2549 38.098 27.4216
-1.24451 0.396584 4.04686 54 47.1667 27.6667
-1.40116 0.434754 3.52842 68.4375 55 39.375
-1.39247 0.426364 3.54018 64.5417 52.1667 40.4167
-1.31484 0.446461 3.93978 71.0033 64.7451 48.8399
-1.40261 0.515119 3.58667 75.4 65.2 49.0333
-1.32309 0.521517 3.93807 89.9629 78.8457 65.0657
-1.30731 0.618457 3.52509 106.023 91.16 74.7714
-1.38025 0.59953 3.57065 75.22 60.68 47
-1.40108 0.595894 3.82503 69.7778 60.6667 50.4722
-1.32145 0.593812 3.88721 77.9784 66.7946 52.4054
-1.31162 0.677498 3.52511 131.031 112.291 96.5467
-1.32692 0.669686 3.53548 130.915 109.207 93.6585
-1.30086 0.640941 3.88017 78.3636 64 51
-1.31558 0.751887 3.52199 134.541 115.841 100.947
-1.24324 0.719832 3.53369 141.75 119.125 102
-1.31741 0.831786 3.52111 137.065 117.655 104.289
-1.28002 0.815633 3.53544 139.295 122.75 101.455
-1.31403 0.907895 3.5199 140.206 119.954 106.301
-1.31914 0.882763 3.53276 140.778 119.444 109.111
-1.31369 0.986848 3.51624 145.271 120.311 106.569
-1.3132 1.06402 3.51446 147.352 121.183 109.904
-1.3073 1.14014 3.51295 147.667 123.163 108.762
-1.30772 1.2184 3.50872 150.546 123.439 111.531
-1.3088 1.29215 3.50531 152.45 123.908 112.164
-1.30436 1.36826 3.50956 154.323 125.185 112.722
-1.28271 1.41384 3.52044 159.15 129.2 113.55
-1.29301 1.59654 3.89467 187.033 150.73 130.139
-1.17725 -1.22995 3.42144 43.75 26.4688 16.375
-1.15371 -1.1755 3.43934 50.2633 36.9468 22.6415
-1.14779 -1.07553 3.33396 77.4915 58.8051 36.1356
-1.15082 -1.1237 3.41897 73.7869 56.1475 35.3115
-1.1525 -1.02444 3.32217 78.7291 59.6057 40.6718
-1.15074 -0.946955 3.31226 78.7327 61.5167 44.0802
-1.14864 -0.870303 3.31162 79.049 63.371 47.8017
-1.14913 -0.79164 3.3041 81.7763 64.2151 47.5979
-1.14969 -0.715258 3.2987 82.4371 66.8896 48.4283
-1.151 -0.639113 3.29453 85.2381 68.501 50.0104
-1.15105 -0.561165 3.29263 86.3587 70.9388 54.4768
-1.15231 -0.484355 3.28959 88.0752 73.3293 51.9837
-1.15044 -0.406404 3.28262 88.1055 75.4114 55.0063
-1.14926 -0.330173 3.27604 83.4415 74.0021 51.7556
-1.14549 -0.253374 3.25374 77.8102 53.0779 31.438
-1.15721 -0.222693 3.46776 49 41 26.3333
-1.15379 -0.224291 3.7716 59.9737 52.5789 40.0526
-1.10903 -0.231538 3.94877 69.1538 58.094 32.547
-1.16953 -0.177557 3.51173 53.8333 49.3889 30.4444
-1.15184 -0.185995 3.78575 73.99 65.45 51.75
-1.11371 -0.174706 3.95677 84.6 71.4651 51.9349
-1.17211 -0.124646 3.51603 69.5556 61.8333 29.7778
-1.14403 -0.0952625 3.96628 78.0433 70.0186 49.0217
-1.14963 -0.0188535 3.96512 64.8775 62.2678 42.8832
-1.1464 0.0585401 3.96144 66.6637 68.1637 50.3571
-1.15184 0.134376 3.95945 67.4657 67.5761 51.0299
-1.15088 0.211746 3.95195 71.4274 67.2678 49.0712
-1.14918 0.290209 3.94867 49.851 49.7049 38.5244
-1.16137 0.361833 3.94522 50.1311 44.541 27.1749
-1.23206 0.399395 4.02388 55 47.5 29.5
-1.16024 0.446703 3.94102 69.4808 62.8782 47.1635
-1.15299 0.522012 3.93654 89.914 79.106 60.3209
-1.16833 0.61793 3.53095 119 104.125 88.675
-1.14224 0.620242 3.53521 121.257 106.529 88.3971
-1.15108 0.593651 3.88611 81.9915 69.4676 55.1183
-1.15991 0.687601 3.52909 138.376 121.601 102.451
-1.14172 0.663401 3.53669 137.348 120.403 101.597
-1.22093 0.64068 3.89305 78 66.2 55
-1.14688 0.756629 3.52456 141.203 123.331 108.395
-1.1726 0.737796 3.53363 141.09 122.836 108.985
-1.15029 0.831532 3.52238 143.995 125.515 110.316
-1.15258 0.908851 3.52466 148.069 126.561 113.505
-1.14438 0.917115 3.53297 149.077 126.769 112.154
-1.15746 0.986154 3.5187 154.002 127.566 110.854
-1.08208 0.964637 3.53332 153.591 128.136 111.591
-1.14904 1.0606 3.51509 156.07 129.881 116.981
-1.15111 1.14115 3.51752 158.584 132.479 116.569
-1.20007 1.13823 3.53452 156 130.72 115.48
-1.14742 1.21652 3.51184 162.3 133.088 120.62
-1.15138 1.29344 3.50849 165.99 135.186 121.954
-1.15272 1.36517 3.51256 169.332 137.048 123.78
-1.19467 1.37808 3.5335 166.423 134.962 115.308
-1.14393 1.55725 3.89037 180.077 147.462 131
-1.1567 1.59058 3.90148 194.592 158.494 139.787
-0.999241 -1.22591 3.42802 41.3208 27.1887 13.4717
-0.934782 -1.21008 3.0087 105.917 78.0833 46.25
-0.986249 -1.17498 3.44488 52.6695 38.2615 26.7701
-0.977855 -1.07563 3.33125 76.2828 62.8621 44.3034
-0.983562 -1.12429 3.41983 75.8537 58.878 41.9878
-0.97868 -1.02387 3.31705 80.2557 63.1222 41.9253
-0.979626 -0.948174 3.31323 81.593 64.9714 43.7607
-0.97946 -0.87031 3.30927 81.8898 67.6133 49.8586
-0.978695 -0.79269 3.307 82.6297 69.2908 49.3075
-0.979597 -0.715022 3.30013 86.0391 70.2119 47.6852
-0.979052 -0.638266 3.29576 86.589 71.4867 51.5051
-0.979566 -0.559884 3.28985 87.2909 73.9838 54.4889
-0.979126 -0.482858 3.28906 88.4542 76.4257 57.2077
-0.979946 -0.404806 3.28351 89.666 78.7206 55.8441
-0.979689 -0.327665 3.27903 85.5404 76.1159 57.0849
-0.982309 -0.256004 3.26058 80.5819 58.8778 34.8826
-1.06139 -0.183826 3.98358 98.75 81.75 60.75
-1.0187 -0.078003 3.96331 75.9314 63.9412 52.0098
-0.994336 -0.0181676 3.96507 58.5223 52.7801 35.7526
-0.979789 0.0591289 3.96044 70.6264 66.6437 41.5057
-0.978246 0.136476 3.95603 85.6895 81.3732 54.5499
-0.979174 0.21227 3.95113 81.8814 73.6073 56.4689
-0.981195 0.287606 3.95075 72.1808 64.3732 45.6093
-0.985205 0.332029 3.95419 61.0333 53.3333 40.3333
-0.986265 0.463379 3.93899 71.3311 63.9735 43.6821
-0.979691 0.522813 3.93679 87.5771 79.8404 55.9229
-0.933398 0.618451 3.53074 130.638 119.17 100.34
-0.991802 0.616138 3.54019 122.663 112.556 94.4337
-0.978573 0.59226 3.87207 83.9656 74.616 57.1433
-0.987293 0.675162 3.52673 142.788 125.665 108.953
-0.976131 0.675927 3.53872 142.631 126.318 108.4
-0.931532 0.63912 3.88765 90.5 79.5 64.5
-0.97594 0.758497 3.52745 147.404 128.536 110.211
-0.984045 0.748066 3.53968 146.045 127.865 112.101
-0.985227 0.82994 3.52333 149.529 129.904 114.801
-0.962182 0.826276 3.53786 149.932 131.146 115.825
-0.985926 0.910908 3.52257 154.145 132.465 116.706
-0.961946 0.901589 3.53628 155.674 133.439 120.894
-0.978221 0.986708 3.51946 160.493 135.181 120.949
-0.994346 0.955741 3.53484 158.75 133.55 115.1
-0.978346 1.06115 3.51887 164.632 138.546 122.331
-0.981232 1.08817 3.53782 166 140.136 124.545
-0.978404 1.14006 3.51805 170.421 139.832 125.207
-0.998343 1.11584 3.53581 166.435 139 123.913
-0.981047 1.21893 3.51067 176.028 143.411 128.068
-0.964992 1.20364 3.53493 174.043 144.702 129.574
-0.980132 1.29463 3.51182 180.202 147.005 130.302
-0.976397 1.35933 3.52008 185.468 150.525 134.992
-0.975212 1.37453 3.53309 187.294 150.471 136.176
-0.920404 1.55752 3.8906 211.2 166.8 150.3
-0.976473 1.58434 3.90041 220.274 175.758 154.863
-0.857371 -1.16837 3.44414 36.6557 28.7459 13.3852
-0.816272 -1.07861 3.33204 80.9146 61.5915 41.439
-0.851281 -1.12285 3.40934 76.3226 58.5484 37.1936
-0.809528 -1.02216 3.31694 83.4501 64.9172 45.0637
-0.811215 -0.945614 3.31567 82.8755 67.0401 47.3354
-0.808459 -0.869841 3.31597 85.5708 69.1903 51.945
-0.80929 -0.792825 3.31087 86.0571 69.9449 51.8449
-0.809779 -0.71559 3.30357 83.2505 69.405 48.6096
-0.808602 -0.637962 3.30014 87.3642 77.002 54.9215
-0.809604 -0.560515 3.29495 87.2189 76.4779 57.1386
-0.809272 -0.483448 3.28793 86.7399 77.5524 55.7742
-0.811384 -0.406518 3.28419 90.417 82.1225 62.6245
-0.808363 -0.328265 3.27988 85.9027 79.75 59.5134
-0.809271 -0.253637 3.26704 87.2234 67.1236 41.3926
-0.776329 -0.232759 3.96141 122.625 96.9821 55.7232
-0.800374 -0.174975 3.35961 130.677 105.086 73.0968
-0.787977 -0.197346 3.37593 115.125 96.375 59.5
-0.774928 -0.174182 3.95536 108.413 92.6356 60.7733
-0.80114 -0.118649 3.35811 139.679 117.5 82.7143
-0.785236 -0.0966144 3.95297 95.8478 83.2319 54.1848
-0.797915 -0.0191629 3.94407 87.7662 74.3385 46.5692
-0.806377 0.057283 3.95116 93.8859 80.4674 47.3207
-0.809927 0.1355 3.9633 100.074 91.5467 59.6209
-0.808262 0.213188 3.95702 94.9313 85.5137 53.1401
-0.810334 0.289898 3.95427 88.5899 76.9551 53.0028
-0.814979 0.344818 3.92661 71.2115 55.0192 43.5962
-0.839216 0.452702 3.94632 68.4754 61.4426 42.2131
-0.814313 0.526132 3.93672 77.1421 69.0446 51.2256
-0.760436 0.612124 3.52849 136.385 124.723 107.015
-0.813488 0.615682 3.54384 135.301 122.953 104.482
-0.811321 0.590811 3.87086 83.8949 75.4715 62.4805
-0.783913 0.683427 3.53075 149.85 134.3 113.733
-0.8157 0.674892 3.53792 147.828 133.88 112.971
-0.747302 0.748341 3.52824 156.348 137.536 118.384
-0.833252 0.754714 3.53928 152.787 135.171 116.613
-0.84257 0.836898 3.52827 158.033 137.066 118.887
-0.783526 0.824502 3.53706 159.304 139.684 121.413
-0.804595 0.907278 3.5257 165.382 141.84 119.992
-0.82553 0.917279 3.53575 164.016 140.661 121.565
-0.808949 0.987156 3.5244 170.427 144.65 127.64
-0.818835 0.974869 3.53269 167.765 144.765 126.147
-0.805701 1.0643 3.52174 176.498 148.742 130.064
-0.854551 1.06063 3.53247 172.444 146 125.889
-0.807671 1.13847 3.51608 183.786 151.671 135.967
-0.808362 1.21547 3.52073 188.836 157.26 142.444
-0.819305 1.22527 3.53417 189.5 156.7 140.95
-0.80855 1.29354 3.52019 198.338 161.175 144.784
-0.781311 1.2591 3.53231 198 158 147
-0.807965 1.35951 3.52132 207.008 165.658 148.646
-0.782639 1.38626 3.53474 215.611 171.333 151.167
-0.73727 1.45985 3.61181 241.125 216.938 192.812
-0.8714 1.55672 3.90083 219 173.25 155.75
-0.869361 1.57818 3.89993 229.238 180.333 158.381
-0.614408 -1.14369 3.45871 79.25 65.25 39
-0.631858 -1.07605 3.32432 81.8227 64.9574 47.2837
-0.61697 -1.13569 3.4584 78 62 36
-0.640932 -1.02379 3.32268 83.7615 68.7462 48.5821
-0.639519 -0.945601 3.319 86.0282 70.1429 49.3038
-0.63842 -0.869013 3.31444 87.095 73.3287 54.796
-0.638482 -0.792924 3.31197 87.4858 73.6012 54.0223
-0.638537 -0.715074 3.30477 82.3908 72.3226 49.0922
-0.640453 -0.637821 3.30135 90.3748 82.4857 56.5832
-0.636807 -0.560429 3.29701 88.8882 78.402 57.2941
-0.639425 -0.48359 3.29257 88.0173 79.4451 59.8536
-0.639003 -0.406547 3.28954 93.6462 84.8038 64.5462
-0.639734 -0.328875 3.28333 88.3598 80.1515 61.3049
-0.637935 -0.256103 3.26425 94.5237 71.1806 45.167
-0.641891 -0.22254 3.98625 109.306 84.2222 45.1944
-0.603038 -0.235102 4.03915 106.875 80.1667 43.5833
-0.59997 -0.203123 3.32375 125 92.3125 59.1875
-0.635297 -0.170578 3.96867 98.4157 81.5918 50.0861
-0.638262 -0.0985674 3.97359 102.281 92.6349 57.3624
-0.638606 -0.0213332 3.96987 92.9231 83.4615 51.0557
-0.638974 0.0561331 3.96892 100.132 92.157 57.8871
-0.639737 0.133717 3.96344 108.157 100.61 69.8984
-0.639122 0.211201 3.96214 104.654 93.1099 68.5082
-0.595463 0.322774 3.64319 82.9286 67.3929 43.6071
-0.637904 0.287217 3.96027 91.4029 80.56 57.7543
-0.600711 0.365354 3.64492 94.4633 72.9266 52.3395
-0.618858 0.331492 3.95278 83.3333 70.6667 50.6667
-0.593407 0.41817 3.64418 97.0312 77.5938 61.625
-0.632159 0.544973 3.91155 76.904 71.1977 56.4237
-0.635351 0.613744 3.54112 144.022 131.547 112.161
-0.638883 0.586492 3.8619 82.8732 77.1196 64.9094
-0.63828 0.676047 3.53926 153.024 139.11 119.136
-0.591428 0.753079 3.5286 162.258 143.919 124.177
-0.646872 0.752638 3.53772 159.85 141.554 120.591
-0.642202 0.838114 3.52879 164.409 147.061 126.565
-0.638831 0.827547 3.53798 164.669 146.006 126.311
-0.661862 0.907539 3.52447 170.693 147.942 129.375
-0.599106 0.905366 3.53722 174.529 150.994 133.709
-0.6445 0.983135 3.52824 178.804 153.409 135.946
-0.612088 0.991592 3.5336 181.12 155.506 137.422
-0.648388 1.06456 3.52489 187.138 157.511 142.318
-0.611066 1.05429 3.53792 188.298 159.488 141.694
-0.638626 1.14198 3.52652 196.587 163.575 148.199
-0.647856 1.12946 3.53344 193.745 162.412 147.275
-0.633533 1.21945 3.52206 208.601 169.562 154.665
-0.653828 1.21137 3.53695 205.2 167.141 152.729
-0.643882 1.29159 3.51972 218.638 174.802 159.352
-0.582934 1.32498 3.53327 235.214 185.786 166.857
-0.646652 1.35531 3.51967 227.914 181.619 166.398
-0.635159 1.38934 3.54615 236.933 189.724 168.962
-0.664286 1.44116 3.5942 242.727 213.867 195.028
-0.580256 1.55656 3.9048 243.964 227.143 207.143
-0.586667 1.57162 3.90545 242.87 249.522 236.609
-0.407574 -1.23297 3.4141 49.931 33.8621 18.3103
-0.406653 -1.16632 3.4485 65.5775 53.662 28.8028
-0.464795 -1.0773 3.33092 83.3833 66.7778 47.6944
-0.407126 -1.124 3.4117 80.5926 64.6296 40.2593
-0.46806 -1.02447 3.33048 85.8078 69.2272 47.4311
-0.468184 -0.946863 3.32752 88.1861 71.5228 50.1723
-0.467768 -0.870356 3.32237 88.3074 73.1937 53.9937
-0.469995 -0.792834 3.31499 86.9826 76.2592 55.1683
-0.468768 -0.715244 3.31075 88.2905 75.7212 55.6686
-0.466758 -0.638058 3.31006 91.1499 79.5351 60.1973
-0.468184 -0.560419 3.30288 90.4232 80.8204 63.2076
-0.469475 -0.483159 3.29515 90.4538 82.0788 61.2769
-0.467897 -0.40558 3.29112 94.0038 85.9737 63.2086
-0.468232 -0.329198 3.28773 86.8569 81.5882 63.1353
-0.47144 -0.255191 3.26885 100.002 77.1284 47.3872
-0.454919 -0.229473 3.95699 121.535 95.6754 56.6667
-0.543347 -0.197594 3.34129 124.636 94.6364 64
-0.468951 -0.175196 3.95129 119.129 103.409 74.0376
-0.468621 -0.0995963 3.97444 102.322 97.9918 66.3142
-0.467155 -0.0218357 3.97442 93.5858 84.3215 58.1853
-0.46806 0.0566829 3.97049 98.7579 90.0816 62.6237
-0.468745 0.134431 3.96566 98.0632 89.8711 64.8921
-0.46835 0.212624 3.9589 93.3814 86.7139 62.7784
-0.542676 0.321706 3.65621 76.8333 64.5 46.5
-0.542134 0.324479 3.83516 95 92.5 66
-0.469237 0.287796 3.95135 87.7457 79.3771 59.1114
-0.543496 0.349747 3.65613 79.4286 66.1143 49.8286
-0.510819 0.363299 3.76336 73.7385 65.6154 48.6615
-0.481487 0.36294 3.94197 85.6091 76.599 61.3706
-0.545552 0.479992 3.78403 85 76 63
-0.469074 0.450287 3.94794 93.5304 86.6851 68.3149
-0.541093 0.486538 3.80687 88.6667 80 69.8333
-0.467478 0.525564 3.92559 96.4403 90.4122 78.4356
-0.464024 0.609574 3.54743 148.983 137.493 113.003
-0.467725 0.58933 3.86772 91.2222 85.2431 70.3785
-0.520561 0.676182 3.5292 158.431 143.608 127.431
-0.458944 0.676 3.54348 161.79 145.535 127.817
-0.447324 0.763277 3.53023 170.182 150.182 132.909
-0.468553 0.751666 3.54221 167.386 149.011 133.107
-0.488495 0.822263 3.53217 170 153 132
-0.467508 0.829222 3.54034 173.9 154.14 137.454
-0.505495 0.919588 3.52559 181.341 159.324 141.424
-0.450331 0.900036 3.53815 182.07 159.9 140.578
-0.468701 0.987169 3.52502 192.301 164.525 147.964
-0.450332 0.961604 3.53769 190.057 163.566 145.981
-0.462398 1.05892 3.52625 204.057 170.473 151.665
-0.474556 1.06796 3.53597 203.628 170.652 153.459
-0.478283 1.14526 3.52649 215.052 176.757 160.749
-0.430683 1.12083 3.53474 218.825 177.806 160.165
-0.468156 1.21403 3.52078 228.679 186.323 168.949
-0.444549 1.24322 3.53503 236.333 192 177.381
-0.481238 1.29689 3.51794 240.414 196.112 177.672
-0.442484 1.28908 3.53797 242.93 200.403 182.07
-0.471932 1.35368 3.52206 244.436 207.645 190.368
-0.388088 1.33803 3.5348 243.6 217.4 193
-0.474378 1.55635 3.9143 243.131 244.984 224.328
-0.483579 1.56923 3.91349 242.136 249.864 239.909
-0.245428 -1.32729 3.28248 116.974 86.8831 54.1948
-0.303627 -1.24076 3.40948 59.4404 44.4633 21.3899
-0.29448 -1.1689 3.44908 67.9865 55.2601 35.0101
-0.293544 -1.07962 3.34329 87.0188 67.493 47.1549
-0.300613 -1.12273 3.40706 82.5679 65.7901 41.1728
-0.296802 -1.02389 3.33866 87.7235 71.0176 51.1726
-0.297264 -0.945863 3.33255 88.5156 73.0098 52.0254
-0.298793 -0.86902 3.32705 91.3209 75.2251 53.5519
-0.299568 -0.792144 3.32207 91.7273 78.2843 56.824
-0.298796 -0.715086 3.31732 91.7098 80.4255 58.5706
-0.297778 -0.638157 3.3084 91.3373 81.8784 63.2529
-0.299581 -0.560635 3.30423 91.6354 84.6593 66.4254
-0.297108 -0.483177 3.3013 93.1774 87.2 66.0472
-0.298985 -0.406787 3.29307 94.6961 88.6529 67.3415
-0.296044 -0.329592 3.28551 90.6902 84.192 65.7355
-0.299681 -0.259655 3.26632 104.751 78.1938 48.0096
-0.287845 -0.227187 3.98234 136.899 113.092 78.5798
-0.299151 -0.173034 3.98506 136.801 121.592 91.0128
-0.299141 -0.0943386 3.98365 108.223 97.2361 68.3607
-0.298501 -0.0171827 3.97709 94.463 84.2751 60.4101
-0.297371 0.0597399 3.97093 106.265 95.1565 68.6525
-0.29645 0.136304 3.96413 103.308 94.6154 68.4695
-0.295722 0.21279 3.96021 100.679 95.008 72.565
-0.285018 0.324218 3.68213 123 110.6 78
-0.282801 0.312042 3.73532 105.368 93.0526 71.9825
-0.29468 0.281961 3.94753 89.1581 80.8064 58.6613
-0.289758 0.365625 3.67543 138.807 125.817 95.422
-0.313341 0.333836 3.69241 135.5 125 83
-0.217567 0.361356 3.95255 78.5 76 56
-0.289758 0.424465 3.67107 144.195 133.171 107.902
-0.301055 0.460094 3.77226 142.038 131.423 104.115
-0.273543 0.476455 3.93928 118.312 110 90.625
-0.314231 0.48305 3.84924 130 118 93.3333
-0.297218 0.526352 3.92977 107.976 101.075 86.7976
-0.295 0.609432 3.54749 157.003 144.855 124.301
-0.300642 0.586982 3.87024 99.0512 91.9921 80.5315
-0.295783 0.676404 3.54402 167.707 152.343 134.282
-0.297818 0.74261 3.52753 173.785 155.701 134.093
-0.296878 0.755792 3.54318 175.731 156.845 137.626
-0.293562 0.842362 3.52701 186.696 163.987 144.69
-0.302374 0.825072 3.5384 182.765 162.199 142.893
-0.324234 0.904444 3.52971 193.122 166.524 147.841
-0.292801 0.909839 3.53654 194.937 167.738 150.003
-0.317523 0.986838 3.52698 205.9 174.317 156.073
-0.260009 0.977881 3.53621 207.663 174.834 155.982
-0.29618 1.06492 3.52558 220.256 184.191 163.894
-0.296277 1.04419 3.5352 217.244 180.43 164.035
-0.282582 1.14586 3.5217 237.197 195.706 178.944
-0.324916 1.12908 3.53639 228.917 190.019 171.592
-0.300134 1.21433 3.52084 244.279 204.111 190.381
-0.287809 1.2292 3.5346 244.209 208.779 192.326
-0.299154 1.29246 3.52075 244.223 226.607 202.475
-0.286965 1.30519 3.53803 243.785 230.077 204.015
-0.303919 1.34933 3.51323 243.415 243.548 218.973
-0.267798 1.33794 3.53821 244.077 243.923 215.538
-0.288871 1.55416 3.91336 242 250 241
-0.35081 1.56593 3.91906 242 250 241
-0.126942 -1.32915 3.29362 119.189 87.4659 52.5265
-0.152229 -1.29236 3.2794 110 82.2 42.2
-0.114534 -1.234 3.41478 47.8564 36.1602 16.5801
-0.125289 -1.17978 3.44584 63.0471 48.534 28.0079
-0.127813 -1.08165 3.34827 87.4032 69.5889 46.3992
-0.120397 -1.12768 3.41189 85.7821 65.4231 44.0256
-0.127052 -1.02325 3.3456 87.4374 72.4547 47.3584
-0.125941 -0.946432 3.34357 89.7945 74.8478 50.5474
-0.127195 -0.870822 3.33924 91.9471 76.3059 56.4098
-0.128406 -0.791587 3.3217 92.9486 78.4762 57.6743
-0.128218 -0.715392 3.31972 93.3769 80.7836 60.3507
-0.126187 -0.637131 3.31216 95.1418 83.9134 62.0424
-0.126967 -0.560178 3.30485 95.9352 85.6438 64.4514
-0.126618 -0.482917 3.30015 96.1125 87.7536 70.0661
-0.126501 -0.405945 3.29872 98.6654 89.5846 66.8308
-0.125661 -0.328811 3.28763 93.5298 87.0669 65.0904
-0.128067 -0.261005 3.27079 112.522 84.2377 53.3039
-0.127732 -0.233208 3.99426 139.955 116.351 84.3784
-0.128138 -0.171431 3.98737 144.597 131.411 103.504
-0.127668 -0.0945666 3.9832 123.507 110.398 79.3899
-0.126958 -0.0178651 3.97027 118.594 98.4297 63.6233
-0.126335 0.0585079 3.96719 116.313 103.111 74.9496
-0.125736 0.134655 3.96173 111.626 97.1671 68.618
-0.124564 0.210997 3.95664 103.558 91.0474 67.6342
-0.102761 0.322505 3.81285 86.6364 83.5455 66.5455
-0.123604 0.287619 3.95335 90.2587 81.2613 60.6053
-0.107097 0.355178 3.81901 87.2029 83.4348 62.3188
-0.127808 0.368037 3.94601 89.0836 84.1445 63.7186
-0.124111 0.445998 3.95697 106.066 100.434 83.7312
-0.128166 0.524705 3.93169 113.387 107.787 92
-0.124238 0.607284 3.55009 167.481 151.934 131.706
-0.12803 0.588364 3.87934 110.302 101.32 86.5432
-0.125504 0.676093 3.54808 178.056 159.59 138.026
-0.154053 0.781765 3.52737 188.892 167.081 145.757
-0.126273 0.751323 3.54441 185.991 165.595 141.649
-0.153457 0.811635 3.52892 192.443 169.754 147.213
-0.123951 0.83363 3.54206 196.224 172.8 150.46
-0.10341 0.897116 3.5266 208.717 179.021 160.556
-0.139499 0.912538 3.5403 208.548 178.371 160.048
-0.101061 0.997291 3.52713 226.578 192.064 172.551
-0.145567 0.9772 3.53876 219.697 185.758 166.973
-0.142497 1.06306 3.52485 235.203 197.192 181.13
-0.110587 1.06275 3.53568 237.995 198.852 185.148
-0.137862 1.13458 3.52458 243.641 211.461 190.655
-0.11848 1.14444 3.53712 244.494 215.807 195.317
-0.13901 1.21779 3.5216 243.933 235.528 212.676
-0.0908194 1.20701 3.53708 243.877 238.016 215.549
-0.13276 1.29338 3.5223 242.407 249.333 235.663
-0.103439 1.30332 3.53694 242.528 249.83 234.302
-0.124574 1.34915 3.52378 242.012 250 240.988
-0.0970235 1.35442 3.53793 242 250 241
-0.162345 1.54182 3.9037 242 250 241
0.000591384 -1.33191 3.28878 120.938 87.5538 61.1077
0.0290652 -1.24147 3.42783 47.0991 34.4052 14.0388
0.034775 -1.17777 3.44555 62.1722 51.2456 31.443
0.0474873 -1.08468 3.3527 88.2248 70.376 47.314
0.0323434 -1.1255 3.40531 85.4595 67.2432 45.1622
0.044796 -1.02344 3.34466 89.9657 72.2599 50.7599
0.0435864 -0.945542 3.34186 92.5958 74.841 53.3429
0.0445297 -0.869703 3.33571 93.9709 77.2 57.9728
0.0447057 -0.791685 3.32456 93.366 80.1442 58.732
0.044652 -0.715176 3.32329 96.3165 81.1105 58.0075
0.0430368 -0.636669 3.31526 97.3696 84.0236 64.4203
0.0449376 -0.559757 3.31248 98.2176 86.1764 67.7674
0.0434353 -0.483238 3.30051 99.3358 89.6226 68.017
0.0443301 -0.407451 3.30085 100.577 91.8811 70.9477
0.043888 -0.328808 3.29213 95.3911 87.2571 69.6357
0.0404279 -0.263533 3.27388 112.932 84.3927 55.7316
0.0527196 -0.232727 3.99908 139.691 114.892 87.1598
0.0421826 -0.171774 3.99244 124.69 108.958 84.0822
0.0422545 -0.0949748 3.97982 96.9549 82.4615 57.5517
0.0424938 -0.0186378 3.97234 101.212 89.7188 64.1538
0.0430567 0.0575013 3.97518 115.843 102.692 80.0955
0.043479 0.133579 3.9733 125.178 111.687 87.13
0.0448358 0.211931 3.9685 115.928 101.14 78.1596
0.0376027 0.304343 3.83461 114 103.583 75
0.041287 0.283985 3.95959 106.67 92.0929 68.0865
0.0736804 0.382744 3.76874 122.137 107.803 89.1197
0.0430487 0.374137 3.90687 112.243 101.457 82.3857
0.0675655 0.423567 3.76259 125.989 115.826 96.8587
0.0256315 0.456208 3.93127 123.505 114.386 98.5743
-0.0122892 0.558727 3.53335 122.5 106.5 105
0.0430944 0.524494 3.9305 119.383 109.586 93.6062
-0.0277141 0.577132 3.53123 161.125 149.625 128.875
0.0436739 0.602379 3.55015 173.903 155.903 135.879
0.0537121 0.598506 3.7943 126.25 116.083 107.583
0.0391656 0.585323 3.87978 115.895 105.294 94.0847
0.0427243 0.675325 3.54766 185.036 164.21 142.266
0.0456692 0.753775 3.54692 194.23 169.888 149.712
0.018755 0.861048 3.53021 208.878 179.756 161.146
0.0459534 0.828207 3.54293 206.83 176.813 157.643
0.0224509 0.90038 3.52907 216.503 184.593 165.538
0.0537971 0.910621 3.53865 221.452 186.885 166.334
-0.0193914 0.991023 3.53016 231.689 196.689 174.567
0.0550821 0.98492 3.53759 234.98 198.341 177.868
0.048418 1.0549 3.52775 243.818 209.909 188.688
0.0419743 1.06465 3.53673 244.408 211.177 191.013
0.0566955 1.15171 3.51866 244.134 240.644 215.713
0.0285492 1.12418 3.53723 244.55 225.85 204.342
0.0523132 1.2192 3.52238 242.343 249.818 237.83
0.0182032 1.21173 3.53855 243.164 248.178 230.027
0.0425574 1.27949 3.5229 242 250 241
0.0456769 1.30524 3.53568 242 250 241
0.0185424 1.35354 3.52498 242 250 241
0.046538 1.3498 3.53819 242 250 241
-0.002586 1.54022 3.91471 242 250 241
0.230435 -1.32895 3.28319 119.467 88.4 59.2667
0.217568 -1.24487 3.33548 79.1667 56 20.6667
0.143707 -1.2489 3.44082 43.5 33.2727 16.7273
0.155226 -1.17673 3.46555 61.3152 49.837 34.7283
0.214271 -1.08632 3.34157 88.7685 66.1029 44.8199
0.150514 -1.13379 3.412 85.5556 63.4444 41.5556
0.214623 -1.02549 3.3411 89.5 69.9357 47.8162
0.215548 -0.947384 3.33512 90.629 72.2373 51.2863
0.215015 -0.869374 3.3274 92.1642 75.7675 54.1808
0.213417 -0.792658 3.3263 93.7904 76.2041 56.1521
0.215181 -0.71421 3.3192 95.9548 80.4611 61.1429
0.286238 -0.612483 1.57008 72.1745 39.2349 20.4631
0.215052 -0.637223 3.31722 98.2588 84.1583 65.2253
0.279738 -0.560067 1.56536 59.769 33.0958 15.2604
0.297117 -0.5337 1.65134 74.5 50.5 26.5
0.213464 -0.559515 3.31258 97.9107 83.5875 66.1661
0.267098 -0.486119 1.55277 68.0743 44.4833 24.3309
0.284354 -0.458375 1.68951 117.333 80.4375 46.75
0.212318 -0.482679 3.30961 105.229 92.0713 70.4559
0.253773 -0.433674 1.51623 87.8246 57.7281 39.1404
0.283448 -0.431497 1.70072 143.076 98.4565 58.1848
0.213871 -0.406712 3.30646 105.176 92.6504 72.6449
0.212952 -0.328032 3.29481 97.0869 85.2305 69.1684
0.209449 -0.264354 3.27881 120.614 90.6686 61.4986
0.29689 -0.257451 3.82739 111.5 93 76.5
0.232328 -0.237758 3.99525 139.754 115.123 79.9918
0.241579 -0.214107 4.01412 147.667 126.667 87
0.215205 -0.165354 3.99064 105.133 91.055 66.1456
0.245705 -0.195365 4.01421 117.455 104.273 78.9697
0.213191 -0.0951698 3.96703 96.3231 81.0077 60.3692
0.212605 -0.0193223 3.95068 99.618 85.2282 64.3564
0.213394 0.0561779 3.95936 100.8 90.1974 68.1026
0.214211 0.134835 3.96627 109.34 97.0524 76.0833
0.214214 0.213186 3.96403 104.528 90.183 71.2706
0.205446 0.285715 3.96959 102.831 87.5987 69.6783
0.145696 0.39239 3.82882 107.235 98.4118 78.4706
0.210875 0.364854 3.93481 109.215 90.3983 77.3605
0.153014 0.408947 3.82319 117.5 106.5 87.5
0.218698 0.448096 3.95946 119.291 109.506 95.5407
0.214001 0.52402 3.93104 122.701 111.317 97.6561
0.216347 0.601123 3.5496 180.18 160.327 142.818
0.215191 0.584038 3.88976 124.121 109.844 93.2338
0.215332 0.67553 3.55201 192.113 167.46 147.845
0.21498 0.752725 3.55181 203.377 174.344 153.381
0.201857 0.831507 3.53176 216.375 185.062 162.312
0.214266 0.829061 3.5443 215.491 182.114 161.536
0.12827 0.880417 3.53147 216 185.333 164
0.211602 0.907507 3.54277 228.457 190.831 171.924
0.186801 0.991653 3.5281 244.377 202.072 186.565
0.216511 0.984275 3.54231 242.67 203.977 184.553
0.202929 1.07621 3.52389 244.466 226.16 202.951
0.217503 1.05168 3.53799 244.586 219.307 199.703
0.198807 1.14443 3.52581 243.598 244.444 222.19
0.244486 1.13044 3.53805 243.91 246.847 218.113
0.212274 1.21958 3.52936 242.07 249.938 240.761
0.21511 1.21519 3.53695 242.047 249.916 240.163
0.202544 1.28741 3.52355 242 250 241
0.244758 1.30545 3.53989 242 250 241
0.267292 1.33893 3.52235 242 250 241
0.191685 1.35018 3.53986 242 250 241
0.226447 1.42691 3.67848 242 250 241
0.192348 1.52981 3.91359 242 250 241
0.388335 -1.08616 3.34283 86.1892 66.979 44.8018
0.384906 -1.02348 3.3369 90.6019 69.8305 46.1848
0.384895 -0.947525 3.33436 93.3511 71.7629 50.0662
0.385273 -0.869624 3.33141 95.2196 75.5036 53.1411
0.383316 -0.791581 3.3218 94.6381 74.3153 53.2948
0.356004 -0.690001 1.76114 82.8406 48.942 20.1884
0.408116 -0.700811 1.82984 72.0777 42.4274 17.0164
0.383958 -0.715992 3.32322 99.1947 81.5789 61.3333
0.304215 -0.620106 1.58037 76.5278 43.1667 20.0833
0.340353 -0.638905 1.74508 63.7821 36.6197 13.9701
0.394644 -0.638142 1.83035 61.8877 37.1301 16.0027
0.383478 -0.637492 3.31499 101.522 85.1337 60.3422
0.300629 -0.580809 1.58956 60.7368 34.2632 12.0526
0.326709 -0.563135 1.75618 75.908 50.552 23.328
0.396025 -0.56214 1.8557 81.8995 55.1531 32.0837
0.384133 -0.56048 3.31157 97.2236 80.8187 63.3169
0.313365 -0.485714 1.76204 90.8486 60.2811 34.4703
0.382867 -0.473502 1.85525 91.944 61.9531 36.0036
0.383968 -0.48364 3.31029 110.109 94.1972 74.6549
0.308566 -0.434282 1.75879 135.947 91.7105 49.9211
0.378957 -0.433575 1.85611 139.812 96.6376 59.8801
0.38259 -0.405832 3.30472 108.616 92.7708 75.5087
0.382479 -0.328793 3.2995 98.9146 83.8594 68.4075
0.379702 -0.269112 3.27745 121.58 84.7167 60.9488
0.391712 -0.244857 3.80813 115.762 93.9302 65.6453
0.361011 -0.232494 3.95678 132.978 108.118 57.8309
0.401206 -0.207974 3.83454 133.077 106.154 66.0769
0.385881 -0.173311 3.98789 103.634 82.8619 55.5345
0.380997 -0.0966955 3.99029 94.07 74.0756 52.4846
0.386371 -0.0201694 3.97024 105.022 85.2092 59.2908
0.383335 0.0574788 3.93928 109.499 94.6204 74.309
0.380895 0.136862 3.97652 102.744 89.2222 72.7892
0.384694 0.212304 3.97389 101.794 88.058 70.9631
0.343298 0.30207 3.79129 99.5347 86.7228 77.3366
0.377438 0.272361 3.95709 96.6136 85.6182 67.9136
0.340379 0.367127 3.79564 108.859 94.9128 86.8725
0.40883 0.365847 3.92842 128.25 113.3 101
0.331194 0.416671 3.80671 121.61 111.195 98.2927
0.392449 0.451488 3.95888 127.579 114.856 100.612
0.418208 0.559909 3.56609 147 129.25 111.25
0.384765 0.523102 3.92955 125.727 112.812 99.5667
0.385251 0.59919 3.55701 185.461 160.652 141.181
0.383181 0.580243 3.88282 124.865 109.959 99.5648
0.384375 0.676243 3.55347 199.314 170.088 152.287
0.385113 0.752886 3.55116 209.341 176.503 158.896
0.371031 0.840819 3.52875 222.74 186.56 165.22
0.384506 0.828036 3.55123 220.036 184.177 167.709
0.384273 0.908242 3.54574 235.494 193.727 174.504
0.299159 1.02087 3.53133 245 216 194
0.384664 0.985528 3.54368 244.93 207.435 188.346
0.309751 1.04915 3.52794 244.939 223.837 204.245
0.391984 1.06335 3.544 244.439 231.086 205.75
0.334386 1.14775 3.5292 243.049 249.814 232.039
0.397659 1.13556 3.53747 243.074 248.848 230.529
0.414896 1.22236 3.52881 242 250 241
0.37587 1.21533 3.54046 242 250 241
0.3904 1.30456 3.52339 242 250 241
0.373304 1.28401 3.53737 242 250 241
0.385219 1.34005 3.52235 242 250 241
0.448391 1.34118 3.53568 242 250 241
0.419394 1.52152 3.9193 242 250 241
0.50503 -1.0844 3.34435 82.3185 62.6963 40.9704
0.501682 -1.02614 3.34384 83.7729 61.5894 39.8841
0.49556 -0.95034 3.33326 97.5172 69.3793 39.0057
0.510441 -0.87388 3.32235 127.017 90.0056 58.6742
0.601979 -0.761132 1.96183 64.9363 28.8471 9.03822
0.511102 -0.78422 3.32845 96.6736 74.8536 54.6151
0.610133 -0.716148 1.95687 59.3562 27.6015 3.21898
0.551917 -0.713693 3.32749 100.871 81.2424 60.017
0.613717 -0.606074 1.58441 74.7125 33.9625 3.2
0.615466 -0.613856 1.68013 76.2138 37.8145 3.4717
0.613392 -0.615105 1.8662 75.5949 37.292 10.5693
0.603334 -0.64583 1.95062 71.7113 34.2633 11.2951
0.555414 -0.637715 3.31784 100.718 83.5213 64.0922
0.584662 -0.530659 1.40743 71.6838 41.7794 7.66176
0.600523 -0.557918 1.5445 76.1302 36.3996 3.18626
0.604234 -0.565952 1.69412 77.7335 39.9256 7.80992
0.601527 -0.569605 1.85985 82.4818 42.3193 9.64436
0.59558 -0.577158 1.96319 82.8852 42.9672 14.1721
0.555315 -0.561248 3.31952 96.5903 79.4896 63.2899
0.604668 -0.501233 1.38159 172.105 106.509 45.6954
0.598716 -0.498509 1.52884 173.084 108.105 52.0303
0.599689 -0.496551 1.68804 179.955 115.311 60.3566
0.594801 -0.495555 1.85298 191.15 122.267 68.1615
0.583145 -0.495715 1.95935 181.55 113.431 66.3313
0.553886 -0.482554 3.31102 110.411 93.5885 76.2934
0.553687 -0.40514 3.30949 109.712 91.6771 73.1476
0.553066 -0.328706 3.30403 101.633 81.3703 61.9535
0.547863 -0.271803 3.28191 129.061 89.8544 63.9464
0.517083 -0.25602 3.7807 104.721 88.5738 66.6066
0.558665 -0.231079 3.92827 105.456 88.5538 64.4462
0.563122 -0.176411 3.96195 113.797 96.3785 72.5569
0.572677 -0.0919707 3.98064 119.734 101.367 83.4517
0.549158 -0.0221461 3.96286 102.965 86.5462 66.3324
0.549456 0.0559738 3.97254 99.7613 83.8859 64.1538
0.619443 0.0866979 4.02275 89.8125 75.875 59
0.5521 0.138104 3.98059 112.174 92.8483 66.4045
0.555294 0.211428 3.98052 112.576 92.4823 67.7626
0.487485 0.29874 3.71239 120.962 104.385 90.6923
0.560014 0.27256 3.9695 99.1232 82.5714 67.9951
0.482671 0.356276 3.69996 150.733 131.889 116.644
0.6248 0.365853 3.96889 86.3939 75.9242 63.1515
0.558995 0.449055 3.96249 128.747 110.414 98.3477
0.57258 0.557987 3.57485 145 121 109.5
0.554378 0.52283 3.92728 127.157 108.912 96.4559
0.555857 0.600145 3.56231 186.458 157.387 136.615
0.548358 0.578489 3.88398 126.545 106.258 96.6966
0.554647 0.674947 3.55752 198.688 166.988 148.31
0.556749 0.752744 3.55781 209.723 173.512 155.785
0.555227 0.829959 3.55159 222.184 181.878 164.225
0.530874 0.897473 3.52897 234.5 190.704 175.241
0.558541 0.907865 3.54598 234.82 192.29 174.639
0.555155 0.984217 3.54438 244.551 207.461 187.954
0.524024 1.09436 3.53132 244.154 243.538 212.538
0.556439 1.06179 3.54583 244.616 227.805 202.472
0.556793 1.13822 3.52477 243.338 248.493 228.467
0.552094 1.13827 3.54387 243.279 248.269 227.091
0.560325 1.21446 3.5264 242 250 241
0.553287 1.22004 3.54311 241.968 249.972 240.947
0.568415 1.27679 3.52847 242 250 241
0.550368 1.29812 3.54105 242 250 241
0.52745 1.342 3.53022 242 250 241
0.550054 1.34108 3.53981 242 250 241
0.513225 1.517 3.922 242 250 241
0.788887 -1.08298 3.35048 82.1429 57.5714 36.4898
0.805051 -1.12836 3.37687 77 58 33.5
0.760432 -1.02182 3.34385 82.0492 58.2732 36.1585
0.755145 -0.946157 3.33455 84.141 61.6709 40.4829
0.750942 -0.87088 3.33688 85.3966 65.2814 41.1492
0.650747 -0.758818 1.95061 58.4333 30.3333 4.03333
0.787493 -0.800099 3.33668 91.0211 68.5211 43.3169
0.659855 -0.676881 1.91463 69.5 33 1.5
0.655013 -0.714347 1.94753 54.1646 29.3354 5.24367
0.731144 -0.700469 3.32575 99.8176 78.9057 61.7767
0.648622 -0.661414 1.91194 72.4118 32.7059 10.1176
0.646151 -0.668647 1.94237 67.4375 29.9062 16.0938
0.725379 -0.636923 3.32107 99.3579 79.738 60.6575
0.725951 -0.559152 3.3192 98.1794 79.4281 57.9205
0.689246 -0.499392 1.38736 197.014 120.651 59.6108
0.72244 -0.496787 1.53307 189.619 117.819 59.1675
0.735971 -0.492992 1.70131 178.534 111.579 55.82
0.729444 -0.488745 1.84317 206.496 131.244 71.5251
0.700792 -0.48836 1.96341 197.069 126.446 72
0.724923 -0.482315 3.31555 106.412 87.5808 65.3282
0.724819 -0.405237 3.31309 107.534 87.1292 69.4899
0.724159 -0.329225 3.30542 97.0705 77.1899 57.3363
0.787249 -0.292294 3.75195 147.5 99 59.5
0.728256 -0.276413 3.29 135.547 90.1767 59.7112
0.737988 -0.265984 3.76852 95.2583 70.4901 41.9338
0.709011 -0.230867 3.93595 74.5524 62.0979 41.4126
0.679004 -0.154311 3.84986 86.8 70.95 51.15
0.725268 -0.178058 3.93155 76.9021 61.7418 43.7893
0.678719 -0.0998745 3.84198 96.2174 76.8261 62.2065
0.715268 -0.0961226 3.94189 91.9247 69.5842 59.129
0.683533 -0.0544915 3.85113 111.5 88.5 75.5
0.720021 -0.0175518 3.97316 97.3516 79.1571 66.0025
0.723167 0.0592208 3.98494 81.728 71.131 53.8338
0.725466 0.134176 3.98934 96.8112 80.3954 58.7704
0.725069 0.211915 3.98142 102.976 81.1718 57.389
0.797919 0.311614 3.72317 148.76 116.4 87.52
0.710921 0.281921 3.97807 89.8598 73.447 59.5985
0.798601 0.366031 3.71822 172.768 146.679 124.946
0.688698 0.369006 3.97456 100.048 86.4167 71.7895
0.794002 0.413351 3.74593 167.2 147.8 125.6
0.713456 0.447011 3.96819 115.831 98.1225 85.4431
0.701097 0.554203 3.55297 146.25 131.375 111.438
0.724671 0.522211 3.9274 115.605 98.4803 87.2774
0.724418 0.598587 3.55928 186.667 155.347 134.705
0.718478 0.579533 3.89539 122.264 98.3103 91.3391
0.725361 0.67692 3.5559 199.204 164.269 147.425
0.72545 0.754104 3.55362 211.237 171.68 149.561
0.726263 0.831018 3.55569 221.156 180.258 157.984
0.774902 0.942387 3.53189 240.5 192 182.5
0.725253 0.908013 3.54749 236.38 189.292 171.721
0.7744 0.967522 3.53128 244.955 197.591 184
0.724175 0.986497 3.54495 244.791 202.004 184.309
0.679206 1.05275 3.52938 244.731 224.192 199.481
0.738845 1.06218 3.54187 244.717 221.772 199.034
0.701802 1.15451 3.52862 243.412 249.706 229.647
0.725013 1.13779 3.54396 243.924 245.381 220.312
0.711785 1.1827 3.53189 242 250 241
0.725065 1.21636 3.5432 242.039 249.959 240.843
0.642604 1.29571 3.53016 242 250 241
0.728655 1.2946 3.54569 242 250 241
0.720722 1.34193 3.54506 242 250 241
0.896288 -1.15211 3.41137 76.6316 51.7368 25.7368
0.892585 -1.0913 3.35646 86.4207 58.9808 36.6346
0.884439 -1.12847 3.37726 81.6 58.4222 30.7556
0.895315 -1.02588 3.35139 88.5331 62.6386 34.5385
0.894487 -0.946392 3.34243 89.4713 64.6174 41.5583
0.881679 -0.870428 3.33986 92.8079 67.3779 41.9311
0.886534 -0.789005 3.33202 95.9861 73.0475 51.398
0.8972 -0.715216 3.32729 95.9294 73.6202 51.3597
0.895985 -0.638611 3.32521 98.2919 77.1544 53.1225
0.895562 -0.560953 3.32083 100.625 80.1313 60.2609
0.829025 -0.497989 1.5762 191.101 110.21 57.1377
0.847805 -0.492882 1.68276 175.382 104.761 47.1731
0.890539 -0.492547 1.85142 194.317 120.546 60.6022
0.84313 -0.494065 1.968 184.333 115.083 57.5833
0.896009 -0.483808 3.31773 104.529 82.727 61.6928
0.893305 -0.406066 3.3093 104.552 84.7049 64.2639
0.89571 -0.329699 3.30273 92.8872 69.8607 49.8723
0.966326 -0.29724 3.9743 175.133 131.467 80.6667
0.951838 -0.29489 4.01356 159 124.5 70.5
0.898252 -0.275721 3.28838 131.257 84.2785 53.865
0.97107 -0.253599 3.94504 103.906 70.9434 52.7736
0.958479 -0.245811 4.01824 96.4884 67.4186 52.0814
0.979063 -0.166728 4.00908 107.778 84.2222 64.8889
0.956318 -0.174261 4.02208 104.708 82.292 63.9911
0.964268 -0.0873196 3.99824 107.742 78.5758 55.6818
0.952 -0.113954 4.017 108.744 82.3488 55.3488
0.907596 -0.0102264 3.98624 77.7762 68.9231 60.7727
0.890088 0.057788 3.99039 74.4061 63.5304 52.1492
0.95982 0.0644806 4.01843 72.1333 62.1 51.5333
0.897628 0.134672 3.9886 74.2898 63.3088 50.0784
0.89222 0.212456 3.98639 85.7735 66.9338 51.0153
0.81335 0.316008 3.72274 152.167 118.333 90.8333
0.883876 0.264552 3.97461 85.5152 63.2273 52.6818
0.814106 0.333487 3.71772 169.5 135.5 105
0.899661 0.466194 3.97137 99.4863 83.4973 72.2076
0.903301 0.556727 3.57497 153.781 131.625 109.062
0.89175 0.522373 3.91543 100.868 85.2149 73.2438
0.893071 0.59918 3.56483 182.589 152.676 133.545
0.879472 0.57523 3.88674 111.624 90.344 80.264
0.893652 0.675808 3.56069 196.434 159.526 142.403
0.897742 0.753881 3.5598 206.235 166.137 147.624
0.896199 0.830167 3.55489 214.385 175.366 156.441
0.89106 0.907569 3.52704 229.362 187.983 160.672
0.892277 0.90562 3.5493 228.411 185.039 166.024
0.896711 0.984384 3.54484 241.822 196.949 175.218
0.916336 1.08295 3.53194 243.75 219.75 197.5
0.896081 1.06317 3.54408 245.04 213.489 194.773
0.829184 1.17121 3.53203 242 249.667 240
0.895559 1.13947 3.54021 244.352 238.827 213.771
0.947692 1.23854 3.52515 241.91 249.91 240.881
0.890991 1.21455 3.5402 242.453 249.888 237.118
0.934743 1.28111 3.52303 242 250 241
0.882736 1.2955 3.54614 242 250 241
0.899384 1.34152 3.55878 242 250 241
0.981257 -1.0817 3.35622 87.7143 47.5714 29
0.983539 -1.04048 3.35487 90.375 50.625 25.125
0.98217 -0.952273 3.3399 88.6667 55.4444 30
1.06755 -0.769589 3.33982 96 70.0271 45.969
1.06827 -0.714445 3.33148 96.216 73.3231 48.9371
1.06465 -0.637513 3.327 97.6977 75.4853 51.2941
1.06667 -0.560503 3.32445 101.024 77.8754 56.7961
0.998533 -0.505824 1.88575 193 120.167 60.125
1.01531 -0.493765 1.98251 168.5 101.192 53.0385
1.11562 -0.452967 2.3918 35.8462 30.2308 10.0769
1.06499 -0.483292 3.31679 103.261 81.5359 56.8709
1.11745 -0.444444 2.34123 39.6667 30.6667 1
1.06709 -0.406462 3.31432 104.231 83.843 59.3155
1.06651 -0.328933 3.30768 92.9117 65.2383 43.7583
0.983369 -0.294165 4.00536 159 120 81
1.06783 -0.260805 3.31679 194.775 143.874 102.384
1.08424 -0.231099 3.39362 237.887 193.246 141.915
1.04714 -0.234377 3.95822 93.8511 63.0851 49.156
0.98201 -0.260643 4.02225 87 54 45
1.1163 -0.17615 3.49054 185.812 142.196 110.052
1.08911 -0.176018 3.53405 184.562 146.094 108.75
1.06101 -0.174165 3.99525 104.068 78.0607 56.4536
1.07661 -0.176478 4.02595 98.7188 77.1406 52.6094
1.1189 -0.0963175 3.50724 177.487 133.279 104.217
1.06731 -0.097406 3.99796 101.618 77.61 55.5025
1.10035 -0.128498 4.0177 90.6 71.8 44.2
1.12363 -0.0354521 3.51004 160.525 120.068 96.9576
1.14614 -0.00117079 3.58417 123.111 87.1111 67.7778
1.06637 -0.0201507 3.99612 77.8216 66.1479 58.0657
1.14365 0.0334007 3.65176 130.267 73 55
1.06475 0.0568199 3.9926 69.0648 59.1022 48.2943
1.06514 0.134091 3.98383 69.9881 58.4881 55.15
1.06772 0.212078 3.98428 66.4629 55.5345 49.1688
1.07765 0.309674 3.71902 64.1622 50.8919 46.5676
1.08665 0.263933 3.98808 69.0125 51 50.5125
1.08477 0.35792 3.73117 68.3896 51.5584 47.1429
0.995966 0.377715 3.95344 63.2 54.9 37.6
1.09296 0.43262 3.84734 86.6 67.8667 66.4667
1.06437 0.459118 3.94478 92.6229 79.1475 69.1557
1.07793 0.556173 3.57653 153.804 130.686 112.765
1.06489 0.521908 3.92831 103.004 83.8193 77.2546
1.06632 0.598304 3.56898 177.906 144.897 128.326
1.06287 0.577222 3.91371 110.557 87.6794 81.6336
1.06639 0.675695 3.56319 187.511 152.327 135.152
1.06627 0.754211 3.56254 196.194 158.742 141.43
1.06662 0.830681 3.55503 206.241 166.368 150.829
1.06424 0.908036 3.55442 218.225 176.095 157.543
1.06594 0.984572 3.54983 231.153 186.599 169.599
1.06681 1.06278 3.54889 242.55 199.97 181.15
1.12675 1.16439 3.52206 244.927 222.436 200.945
1.06137 1.13874 3.54464 244.869 221.948 196.659
1.04276 1.20796 3.52181 243.52 246.865 226.075
1.077 1.21928 3.54132 243.61 245.555 224.21
1.02905 1.27679 3.5284 242 250 241
1.07489 1.2929 3.54859 242.006 249.991 240.976
1.08143 1.33575 3.55873 242 250 241
1.23927 -0.768212 3.33663 92.6327 69.0612 43.0286
1.23796 -0.715539 3.3353 93.4671 70.7416 43.1798
1.23598 -0.63852 3.3325 97.0602 73.4326 49.2758
1.23543 -0.559601 3.32331 101.606 75.4452 53.8855
1.20722 -0.452211 2.36347 45.1951 26.0976 6.02439
1.27168 -0.463477 2.41529 43.0769 22.6923 8.53846
1.23757 -0.483639 3.32286 102.769 79.2871 54.0484
1.23464 -0.406349 3.31475 104.611 81.0587 58.51
1.23931 -0.330332 3.31301 95.8859 64.3297 42.7766
1.22759 -0.276804 3.30163 155.817 99.5983 65.8952
1.22817 -0.247475 3.42955 196.832 139.328 98.04
1.29466 -0.245223 3.63336 151.59 102.598 74.082
1.29636 -0.213191 3.72045 103.5 64.25 43.25
1.15685 -0.219583 3.97796 108.2 67.2 53.6
1.16178 -0.182082 3.47887 141.324 100.38 70.2817
1.30287 -0.174949 3.66349 109.932 75.9659 47.1932
1.29947 -0.167328 3.71411 100.153 61.8471 37.6353
1.15994 -0.172308 3.98949 114.234 84.3191 46.4043
1.15835 -0.0953396 3.50312 134.667 96.4848 66.5152
1.29322 -0.0992393 3.6438 121.829 82.1261 57.9009
1.30051 -0.1065 3.72169 106.38 65.5 36.5
1.16216 -0.0939389 3.99097 123.613 88.6774 64.4516
1.15942 -0.0346881 3.50742 97.3333 65.6061 49.0909
1.27985 -0.0122661 3.65219 120.943 81.8736 54.6724
1.28915 -0.0214411 3.75236 104.898 63.5354 36.5118
1.18176 -0.0175961 3.97311 117.384 83.6757 69.0216
1.25618 0.05146 3.65164 112.205 74.4486 49.2919
1.28781 0.0633313 3.76361 104.861 64.9505 42.8515
1.1974 0.0657255 3.98378 84.8011 48.3387 38.4785
1.28582 0.0958706 4.01377 84.6667 53 28.6667
1.29 0.129689 3.64132 85.8252 62.9806 44.5534
1.28486 0.133784 3.76951 105.978 68.4925 39.7612
1.23845 0.135076 3.98047 75.279 58.6429 46.0938
1.2894 0.101557 4.01361 83.25 58.25 29.75
1.23809 0.211493 3.98761 66.2457 55.4935 47.6739
1.24538 0.271416 3.99248 73.2049 53.5492 47.1393
1.32004 0.348023 3.81986 117.25 92.25 77.5
1.31357 0.366368 3.99006 95.9756 74.3171 56.9756
1.25062 0.454026 3.97237 102.092 83.2279 69.9898
1.23878 0.553992 3.566 146.414 119.6 102.314
1.23859 0.521041 3.93641 101.065 78.7841 69.4277
1.23763 0.59879 3.56813 161.68 132.035 113.024
1.24261 0.572974 3.9217 103.911 80.5037 73.2963
1.24112 0.674532 3.56002 169.071 137.027 117.907
1.23588 0.753285 3.56069 178.316 144.263 127.063
1.23469 0.831614 3.55767 187.875 151.089 136.342
1.19467 0.936583 3.53179 213.444 167 161.667
1.23443 0.907612 3.55291 198.838 158.353 144.305
1.17266 1.00695 3.53057 228.42 181.04 163.3
1.23971 0.982384 3.54896 207.015 166.975 149.229
1.17026 1.02613 3.53063 230 185.667 163.833
1.2396 1.0653 3.55278 222.161 178.825 159.926
1.23069 1.13246 3.52208 235.793 194.655 174.483
1.2388 1.13886 3.54614 236.775 192.683 173.946
1.20796 1.24045 3.53085 244.857 239.714 203.667
1.23931 1.21644 3.54653 244.561 217.752 190.609
1.23595 1.29005 3.52788 243.293 245.76 225.413
1.22814 1.28874 3.54737 243.598 246.492 224.38
1.37547 -0.768372 3.3342 83.9936 58.2436 25.7628
1.37329 -0.715423 3.33382 84.0777 60.9119 36.2254
1.3749 -0.637286 3.3318 86.8594 65.127 36.8549
1.37936 -0.561666 3.33165 99.4093 71.1488 46.7953
1.38133 -0.48443 3.32754 97.6492 72.672 48.0342
1.37784 -0.405494 3.31042 96.2085 71.4395 44.9395
1.38271 -0.329649 3.31092 92.9661 63.6411 37.8691
1.37449 -0.282836 3.29341 117.581 75.6977 45.4535
1.38553 -0.246354 3.48126 103.143 68.8361 41.1555
1.35294 -0.23243 3.64753 145.123 105.6 79.9692
1.39014 -0.236361 3.7285 162.733 121.556 91.2667
1.42593 -0.170518 3.4779 95.6982 68.7396 45.9438
1.37003 -0.175307 3.62529 140.622 102.984 73.5157
1.37866 -0.194888 3.71266 157.296 115.926 84.5185
1.41312 -0.0996013 3.48795 103.22 72.2766 45.4149
1.36724 -0.0952785 3.62976 150.008 108.167 81.1542
1.38345 -0.0738397 3.69659 167.579 124.263 93.2632
1.417 -0.01992 3.49293 120.662 81.7338 57.8165
1.36631 -0.027027 3.63757 156.822 117.632 88.8333
1.36762 -0.0321149 3.70092 159.714 121 87.4286
1.42674 0.0559651 3.47057 120.693 91.6074 61.7669
1.40312 0.0459479 3.58956 177.989 136.589 89.3444
1.40684 0.0663356 3.755 147.275 109.225 80.0625
1.43422 0.0643112 3.88002 140.984 103.629 74.0484
1.42324 0.129848 3.45378 114.301 88.7229 62.8193
1.43805 0.140398 3.60446 155.875 117.993 83.5658
1.43218 0.13306 3.77557 139.249 108.514 74.4595
1.43281 0.13619 3.89722 103.672 78.4776 49.6269
1.48323 0.23978 3.3603 108.053 78.2895 64.9211
1.43381 0.210491 3.50456 121.644 89.5977 67.7701
1.42659 0.215881 3.59086 160.664 122.195 82.0604
1.42929 0.207078 3.74845 147.978 114.201 69.7122
1.39658 0.220298 3.96618 78.6211 60.0031 43.354
1.47363 0.267 3.35439 130.458 110.085 91.9153
1.42956 0.289522 3.48672 121.496 93.4043 66.8369
1.43186 0.289275 3.62273 167.033 126.255 88.538
1.39078 0.294661 3.781 128.426 94.2081 65.698
1.37105 0.28281 3.97021 94.8195 69.5415 50.9463
1.43035 0.366243 3.49589 116.216 87.4205 61.5909
1.43052 0.375457 3.61976 170.815 128.704 77.3148
1.39116 0.360625 3.76623 131.295 99.7809 68.1994
1.34106 0.370236 3.94366 109.076 86.7134 71.1274
1.42408 0.414536 3.44455 94.7143 71.5 57.0714
1.42128 0.440128 3.60472 171.86 128.747 83.0667
1.43249 0.434625 3.75821 150.562 114.883 72.2422
1.39474 0.445931 3.95692 97.4635 78.6224 61.0703
1.38618 0.543513 3.58569 116.733 83.931 72.1207
1.43834 0.518435 3.78006 107.831 78.7042 65.6338
1.39055 0.517504 3.92771 91.0687 71.3128 62.3009
1.37301 0.598015 3.56791 127.409 99.038 81.6199
1.43723 0.560038 3.82942 93 60 69
1.37697 0.575034 3.94076 93.8052 73.7533 61.7662
1.37461 0.675949 3.55961 132.521 100.993 84.6033
1.37577 0.754562 3.56732 140.229 109.243 87.8446
1.37233 0.828875 3.55711 146.165 114.36 96.162
1.37177 0.909044 3.5598 152.065 121.28 102.637
1.40179 1.0095 3.52772 158.846 120.231 102.731
1.37062 0.98377 3.55367 161.861 127.408 111.074
1.36534 1.06631 3.53009 179.415 136.122 116.146
1.36624 1.06496 3.55296 176.912 140.47 117.179
1.34687 1.10649 3.52986 191.909 150.818 130.182
1.37811 1.14319 3.55447 192.522 150.641 132.007
1.37598 1.21831 3.55897 221.081 169.012 149.314
1.33822 1.29499 3.52979 244.955 225.409 201.091
1.37475 1.27665 3.54318 244.326 204.511 184.629
1.64008 -0.398704 3.3419 97.2983 84 61.9116
1.62058 -0.368917 3.37364 96 83 65
1.63762 -0.329287 3.34387 82.4978 78.3216 65.6476
1.62513 -0.357018 3.37541 81.4286 78.5714 66.4286
1.63788 -0.255402 3.34271 86.5951 83.4976 69.1854
1.63163 -0.234715 3.37745 94.6111 89.1667 63.5
1.60576 -0.182047 3.35927 93.6 85.7029 64.4743
1.51577 -0.163023 3.38028 93.5647 71.1412 52.8588
1.51059 -0.135356 3.37747 66.25 49.25 32.25
1.51614 0.238964 3.34136 118.638 88.2414 72.6897
1.50282 0.231997 3.37265 71 42 36
1.51723 0.260579 3.33809 153.911 131.178 104.489
1.71429 -0.401072 3.3447 86.5367 74.7331 53.695
1.76887 -0.431948 3.37367 86.6667 58.3333 42
1.71586 -0.328333 3.34543 77.7207 74.5266 55.8059
1.71654 -0.251332 3.35355 85.0743 81.1804 54.695
1.7132 -0.182381 3.34975 92.3951 85.7325 69.3435
1.91197 -0.0477377 3.65276 111.25 78.5 48.9167
2.4034 0.345653 4.60652 189.25 152.875 108.5
2.44585 1.70676 4.73314 136.308 110.538 95.6154
2.45607 1.71915 4.73409 136 114 95
4.0382 -1.15472 7.68659 105 63 33.75
4.05006 -1.14287 7.68826 101 61 24
