-2.74475 -0.230331 3.0678 32.3874 25.4234 8.17117
-2.69804 -0.239073 3.09639 37.6379 26.8621 7.69828
-2.76169 -0.200688 3.05749 28.5 18.5 3.5
-2.73836 -0.0533888 3.07315 28.875 25 7.875
-2.73868 -0.0438074 3.0736 31.125 25 4.875
-2.70695 0.0842802 3.0674 38.3333 26.25 5.25
-2.71102 0.0809427 3.10341 41.5882 29.8824 10.2941
-2.66125 0.219662 3.06752 43.6296 33.1852 10.8148
-2.72279 0.23417 3.09656 38 32 11
-2.72219 0.339613 3.04395 41.5 21 7.5
-2.71334 0.353218 3.05078 42.375 27.3333 11.375
-2.5582 -0.542447 3.06936 25.3308 18.985 0.879699
-2.51817 -0.532922 3.08992 15.3571 13.6429 0.571429
-2.54414 -0.475687 3.05551 23.5067 19.6133 0.68
-2.54023 -0.403481 3.05919 25.967 20.3443 3.26415
-2.53803 -0.314205 3.04465 25.6212 21.8131 5.97475
-2.54175 -0.350528 3.11045 18.5 19.1667 1.5
-2.54754 -0.235459 3.05182 29.6229 23.1483 4.99153
-2.5386 -0.164973 3.05289 29.2613 23.9686 3.89199
-2.51509 -0.170751 3.09466 26 17.5 8.25
-2.53552 -0.0917036 3.04889 31.3537 22.6026 9.62445
-2.55627 -0.0546455 3.09671 23.625 17.375 10.5
-2.54033 -0.00960997 3.04468 33.3262 24.8128 13.9412
-2.56039 -0.0443759 3.09623 25.25 20.1667 10.25
-2.54515 0.0729534 3.05086 35.5242 25.5202 7.64516
-2.63101 0.081693 3.09813 48 31 10
-2.53057 0.149877 3.01939 37.0609 28.132 13.6904
-2.52596 0.222788 3.02552 35.5265 29.4167 7.09091
-2.51666 0.303496 3.0279 32.2331 30.4479 7
-2.51645 0.378697 3.02386 37.48 29.875 11.94
-2.51143 0.450262 3.00617 41.4301 30 18.4301
-2.52475 0.538574 3.01447 41.7232 33.3482 15.9375
-2.51572 0.607915 3.01477 36.1212 35.9091 14.197
-2.5066 0.695473 3.0037 42 38.9545 8.40909
-2.48854 0.799837 2.9635 46.5 42.25 24
-2.52248 0.755379 3.01597 46.4118 38.1092 13.9916
-2.49061 0.820723 2.99457 38.7333 35.8667 17.5333
-2.49932 0.935791 2.97994 46.9565 37.6957 21.3913
-2.57889 0.979335 3.05165 53.125 39 24
-2.52329 1.09641 3.01227 53.0952 40.7143 22.7619
-2.48778 1.14714 2.95217 57.75 44.25 26
-2.519 1.13807 3.02371 51.3077 40.1795 18.8205
-2.49768 1.20099 3.00648 49.5 32.25 12.5
-2.35935 -0.915844 3.1289 105.941 84 53.8824
-2.35598 -0.894173 3.1189 104.385 78.5385 45.3846
-2.35172 -0.750327 3.11659 68.625 40.375 5
-2.36752 -0.702834 3.13117 72.1056 49.5466 17.205
-2.3656 -0.629879 3.12747 74.0934 52.9231 28.2747
-2.36493 -0.551776 3.12652 77.8214 55 29.744
-2.37004 -0.473254 3.12663 81.1543 59.0988 31.4136
-2.47625 -0.366781 3.04434 19.6364 20 4.63636
-2.36559 -0.396463 3.11945 84.9324 61.1014 40.2635
-2.48073 -0.354373 3.0557 18 16.5 0
-2.36394 -0.319024 3.11703 86.3194 64.4028 37.4306
-2.47682 -0.243263 3.00885 25.125 19.5312 4.5
-2.36447 -0.244335 3.10845 92.1691 64.3603 42.4412
-2.47942 -0.135305 3.05758 22.1429 19.2857 19
-2.35679 -0.168659 3.1044 96.045 70.8018 49.6757
-2.48187 -0.114065 3.05349 28.4 15.5 9.6
-2.35247 -0.0873363 3.09939 95.2178 74.1089 49.396
-2.47477 -0.012716 3.04283 24.3571 22.0238 9.66667
-2.35422 -0.013548 3.09983 100.716 74.6239 48.0734
-2.37861 0.0937466 3.07927 85.1034 66.9655 46.3103
-2.34919 0.0610436 3.09627 100.424 78.678 50.7458
-2.36808 0.154571 3.05675 84.4124 66.4639 40.1134
-2.3422 0.132536 3.09265 106.714 79.7857 59.7143
-2.37673 0.219711 3.07098 90.7475 66.7576 43.6263
-2.3754 0.310934 3.0582 93.0172 70.0345 43.8793
-2.34201 0.284755 3.09136 112 79.7857 62.0714
-2.3874 0.383915 3.05869 87.61 65.93 44.57
-2.43797 0.447795 3.01892 55.5333 39.425 27.3333
-2.36147 0.442109 3.08964 116.5 85 47.5
-2.3615 0.535172 3.06602 101.707 78.1463 53.3171
-2.40511 0.611964 3.0453 77.0345 60.2759 39.069
-2.43922 0.696323 3.0225 59.4464 49.4464 25.9464
-2.46853 0.790384 2.96546 42.8 32.2667 16.9333
-2.46838 0.775791 3.02202 46.4222 34.3222 15.8333
-2.45043 0.849587 3.00321 45.8889 39.6852 15.3519
-2.44337 0.920242 2.98278 44.1754 36.3509 18.2105
-2.45557 1.02342 3.00865 51.8462 43.1154 28.5
-2.46073 1.05412 2.98762 49.3333 37.625 19.5833
-2.47299 1.1572 2.95486 54.3077 41.8462 24.0769
-2.47864 1.13264 2.97274 51.0625 42.5 9.6875
-2.34493 1.2639 2.99073 89.2857 67.2857 45
-2.34825 1.27278 2.98979 93.5 70.5 39.5
-2.26604 -0.904007 3.13067 110 86 59
-2.27554 -0.859784 3.0868 104.556 76.8889 57.1111
-2.27172 -0.876574 3.11232 104.778 78.7556 59.8889
-2.19447 -0.830286 3.45822 46.5714 24.5714 9
-2.24673 -0.76039 3.02456 68.033 32.8681 7.8022
-2.26935 -0.759311 3.13534 81.7564 44.8013 17.0897
-2.19965 -0.770146 3.27192 109.324 77.2549 48.4804
-2.20739 -0.784564 3.40929 75.2258 45.9839 18.2581
-2.2055 -0.784821 3.47308 49.1452 29.0161 7.53226
-2.19641 -0.705154 2.8595 60.3333 34.2222 3.66667
-2.28144 -0.744824 3.01644 68 36.5 2.375
-2.25617 -0.708369 3.14352 105.784 75.102 45.526
-2.19596 -0.705916 3.26013 119.348 88.5449 54.7247
-2.20137 -0.705567 3.38977 55.3591 40.3094 16.884
-2.20752 -0.711764 3.48752 36.0513 26.1538 3.10256
-2.25322 -0.628968 3.14498 110.296 80.4534 52.0142
-2.19686 -0.632398 3.26578 118.171 86.5949 59.424
-2.20472 -0.630715 3.38552 64.5511 38.8523 19.2102
-2.20546 -0.628501 3.4719 40.8133 26.6933 6.16
-2.25773 -0.553095 3.14486 111.996 82.782 54.566
-2.19516 -0.551355 3.26878 114.812 86.5079 57.5079
-2.20241 -0.55265 3.38883 59.7622 41.7133 18.1818
-2.20627 -0.552518 3.4788 37.1466 28.9224 8.08621
-2.19118 -0.45128 2.49175 30.6667 15.3333 13
-2.19451 -0.452926 2.50687 31.5 19.8846 8.57692
-2.26264 -0.475934 3.14062 113.358 84.661 56.3795
-2.19469 -0.476218 3.2743 110.733 84.4293 53.0942
-2.2041 -0.475342 3.39113 61.6562 41.2344 17.9141
-2.20563 -0.476163 3.47517 39.5566 30.0472 9.98113
-2.20697 -0.434128 2.5124 29.5 21.5 10.5
-2.25929 -0.398065 3.13813 118.962 89.0958 61.1637
-2.19515 -0.401984 3.28646 108.759 78.4911 51.6964
-2.19722 -0.394241 3.38834 58.5188 44.9774 19.6842
-2.2004 -0.398128 3.47318 38.5979 29.0928 8.39175
-2.26164 -0.319632 3.13023 119.266 90.2135 66.1503
-2.19083 -0.327967 3.26228 120.565 89.9882 63.4941
-2.19708 -0.319857 3.38997 62.6923 45.1077 30.3692
-2.19939 -0.33108 3.46253 44.3898 32.9661 15.339
-2.26439 -0.243402 3.12586 123.04 90.3763 67.6047
-2.19131 -0.259236 3.24711 131.704 102.074 72.8519
-2.1974 -0.241738 3.39903 63.3761 44.9633 24.9174
-2.19089 -0.239995 3.46229 48.8889 32.6667 19.7222
-2.26264 -0.166177 3.12167 125.137 94.5589 72.03
-2.19147 -0.164049 3.31179 89.8333 68.6111 50
-2.19402 -0.166494 3.39881 60.8678 45.7355 22.6116
-2.19435 -0.167154 3.46353 46.8235 32.8235 13.9216
-2.26096 -0.0866156 3.11428 125.79 96.2222 68.9547
-2.19166 -0.0626568 3.2847 111.6 83 64.6
-2.19166 -0.084418 3.39907 63.08 43.18 22.04
-2.19223 -0.0903231 3.45775 50.2778 31 13.0556
-2.26225 -0.00749914 3.11095 130.057 97.7443 69.5294
-2.19278 -0.0121114 3.31604 88.8889 66.5 39.7222
-2.19391 -0.00230207 3.39467 65.2941 47.4902 24.098
-2.19408 -0.0116107 3.4654 47.1951 35.2683 17.0732
-2.26268 0.0689641 3.10825 131.662 100.029 75.9013
-2.19088 0.0554826 3.4059 61.3333 44.7576 20.1818
-2.19091 0.0519849 3.46484 47.3333 34.8889 15
-2.30887 0.159436 2.96538 89 64.8333 43.1667
-2.33275 0.154416 3.01816 88.2143 66.5714 34.7857
-2.26399 0.144791 3.10348 131.802 101.551 73.5044
-2.19102 0.153229 3.42921 54.6087 41 17.0435
-2.19204 0.161693 3.45882 49.4118 37.1765 17.4118
-2.32889 0.235156 3.08637 108.85 84.025 55.675
-2.25987 0.222131 3.10058 134.299 102.836 74.8174
-2.18951 0.190332 3.43788 50 37 16
-2.19211 0.185412 3.45138 54 43 24
-2.32187 0.317533 3.08318 111.692 84.0769 59.9615
-2.2563 0.300399 3.09787 138.253 104.97 80.557
-2.30715 0.379743 3.08292 113.99 86.4715 64.9948
-2.23416 0.377788 3.09974 153.017 117.627 92.3627
-2.29703 0.461323 3.08284 116.932 88.9325 63.135
-2.22807 0.452122 3.09668 159.442 120.939 96.5498
-2.29502 0.535055 3.07974 119.21 91.3272 66.7353
-2.22333 0.532484 3.09134 162.36 125.223 100.467
-2.29629 0.614118 3.07551 121.52 89.9631 66.262
-2.22511 0.609975 3.09177 160.425 126 100.444
-2.26613 0.690231 3.07497 136.842 104.673 80.1403
-2.22229 0.657453 3.08989 165.524 128.619 95.4286
-2.26286 0.765794 3.07086 137.263 107.179 83.0971
-2.25907 0.844557 3.07064 137.298 109.356 83.1449
-2.25933 0.922208 3.06418 137.735 107.486 83.1641
-2.26032 1.00046 3.06737 138.737 107.669 82.7016
-2.25366 1.07709 3.06174 140.53 108.23 85.8696
-2.25113 1.15583 3.05325 136.078 106.892 89.6568
-2.23368 1.21952 2.77774 85.6667 70.5 47
-2.25348 1.24777 2.90549 94.8113 74.3019 49.6415
-2.2479 1.23097 3.04022 128.323 101.415 85.0094
-2.24224 1.27666 2.92169 108 80.75 44.25
-2.25979 1.27364 3.01668 110.75 78.5 61.5
-2.18707 -0.829596 3.45057 48 24 9.5
-2.18183 -0.765805 3.19377 131.462 99.1538 61.5385
-2.18426 -0.773468 3.30996 88 49.3333 29.6667
-2.1875 -0.752546 3.3505 78 46.5 10.5
-2.18764 -0.780148 3.4775 35.6667 18.3333 2.66667
-2.04693 -0.721565 2.47939 90.5556 69.8889 42.7778
-2.08948 -0.719193 2.51053 87.2222 69.2593 45.037
-2.18521 -0.697854 2.85256 67.6667 40.3333 5.75
-2.18474 -0.705611 3.17599 144.556 108.222 74.2222
-2.18581 -0.712622 3.2975 89 66 31.8
-2.18537 -0.73467 3.35637 59.875 39.625 6.125
-2.18028 -0.736498 3.47509 34.4 21.2 5.2
-2.18352 -0.643033 3.16095 149.581 112.935 84.7742
-2.18606 -0.615223 3.22619 127.75 100.167 69.625
-2.1377 -0.570782 2.59668 41.1786 33.0714 10.7321
-2.18124 -0.550086 3.15158 153.519 120.204 82
-2.18685 -0.558039 3.25679 114.714 86.0476 57.8095
-2.18771 -0.456767 2.49982 32.8889 18.3333 10.6667
-2.1814 -0.468124 3.16227 151.667 120.583 90.3333
-2.18662 -0.476496 3.22948 131.5 98.5714 69.5714
-2.18813 -0.439003 3.34549 72 42 32
-2.18421 -0.465217 3.48843 35 22.5 1.5
-2.18311 -0.398502 3.17637 154.562 120.425 88.925
-2.18357 -0.391748 3.24557 124.536 92.0714 62.4286
-2.18586 -0.408471 3.35374 65.0526 48.4737 13.2105
-2.18515 -0.371292 3.48142 36.8 26.4 7.6
-2.18285 -0.319331 3.16335 161.5 125.028 91.6204
-2.1838 -0.315782 3.25886 118.084 86.9412 61.0084
-2.18534 -0.3035 3.35874 72.2083 48.25 30.4167
-2.1222 -0.299506 3.49051 52.6164 36.9863 17.7945
-2.1415 -0.207174 2.30882 57.8182 52.0909 10.4545
-2.17756 -0.238341 3.16095 163.618 124.181 97.5972
-2.18123 -0.239594 3.26935 109.512 85.2875 57.3875
-2.1846 -0.243697 3.38576 63.4 44.3429 24.4429
-2.15488 -0.255984 3.46832 48.4694 33.9184 16.5306
-2.12939 -0.1636 2.30207 48.1855 31.4194 11.1371
-2.17741 -0.165072 3.16596 162.033 127.278 93.0222
-2.17742 -0.162235 3.26358 110.579 85.6352 55.0818
-2.18374 -0.156541 3.35875 66.3548 49.4194 26.4194
-2.1848 -0.158398 3.47138 43.6842 29.4737 9.36842
-2.12318 -0.0872507 2.29563 36.1074 28.1983 9.85124
-2.17361 -0.0853634 3.15418 166.775 130.22 95.2601
-2.17638 -0.0881544 3.2609 112.536 85.3481 58.1326
-2.18432 -0.0904802 3.37525 68.5075 46.5373 23.3582
-2.18246 -0.0823129 3.45952 46.9302 30.7907 12.093
-2.12715 -0.00719504 2.30335 36.9286 21.1339 9.33929
-2.16955 -0.00686673 3.14894 167.399 130.942 97.6971
-2.17695 -0.0102551 3.26995 107.411 80.9611 55.9444
-2.1835 -0.0120052 3.38764 62.7 44.2556 24.9
-2.18214 0.00698949 3.47075 45.2432 33.9189 13.5135
-2.12302 0.0678516 2.29889 32.05 25.03 13.29
-2.16847 0.0696255 3.15023 166.903 131.387 99.9124
-2.17034 0.0672865 3.26436 104.16 80.0387 50.3646
-2.18118 0.0742315 3.39087 61.3561 45.8788 18.2652
-2.18014 0.0700997 3.46567 46.3333 34.2381 7.21429
-2.11469 0.14729 2.29133 29.7091 25.5273 6.61818
-2.16393 0.147968 3.14301 168.949 130.992 101.755
-2.16949 0.142709 3.26892 98.8554 77 51.6205
-2.17897 0.145353 3.37657 63.5194 47.5581 23.0388
-2.18134 0.142434 3.46274 46.6579 32.6842 16.1316
-2.10873 0.22125 2.28453 35.1538 22.4945 4.05494
-2.16671 0.224141 3.14484 169.485 132.478 101.422
-2.16725 0.226446 3.26322 102.769 76.359 56.5897
-2.16254 0.223679 3.39117 55.4041 44.302 24.2204
-2.17492 0.213178 3.45312 45 35.8571 13.7143
-2.11242 0.297379 2.28748 34.4211 25.8026 6.36842
-2.16256 0.30092 3.13673 169.713 134.479 105.291
-2.16476 0.301845 3.27087 97.8744 72.2754 48.5121
-2.16986 0.301107 3.38829 58.6711 43.8591 24.2617
-2.17182 0.292243 3.44827 50.8485 34 15.4242
-2.10461 0.387591 2.28295 33.5185 27.6852 15.8519
-2.16044 0.38034 3.14142 168.362 131.038 101.449
-2.15523 0.377583 3.26435 92.1436 70.0266 44.8457
-2.1638 0.380246 3.38908 59.4479 43.4663 24.0184
-2.16412 0.397856 3.45729 52.3333 35.3333 18.6667
-2.10806 0.45491 2.28515 38.75 28 8.525
-2.15838 0.456484 3.13383 172.074 132.752 103.047
-2.15994 0.45829 3.2618 96.4198 71.9691 47.716
-2.16704 0.456589 3.38513 62.19 46.235 19.93
-2.09074 0.531784 2.27039 41.25 32.0357 8.96429
-2.15492 0.535388 3.12339 174.767 135.427 105.087
-2.15067 0.532393 3.25818 91.981 70.0332 49.7441
-2.16396 0.533676 3.39559 59.1543 42.9657 26.6629
-2.10903 0.614234 2.29004 40.7656 33.7031 15.5781
-2.1733 0.604965 3.08784 191.333 154.333 119.333
-2.1506 0.61191 3.12313 169.569 134.363 105.025
-2.15122 0.611589 3.26049 91.2611 69.4389 40.8833
-2.15999 0.612699 3.38829 59.7366 45.1237 18.6774
-2.08346 0.69007 2.26512 48 36.4375 13.9583
-2.17618 0.701912 3.08288 198.467 153.867 119.467
-2.14775 0.689684 3.13171 164.966 128.991 98.75
-2.14813 0.687181 3.26317 87.2195 66.0549 47.8171
-2.15853 0.690234 3.38593 59.6952 47.5401 21.7326
-2.09216 0.749833 2.27755 42.963 38.5556 27.1852
-2.15801 0.766983 3.08101 194.489 150.852 120.978
-2.13765 0.768872 3.14868 148.574 114.639 89.4307
-2.14641 0.765603 3.26199 89.1173 65.4383 43.0988
-2.14501 0.765664 3.37209 62.3725 44.2157 25.2451
-2.08363 0.86609 2.27124 47.8333 36.8333 11.25
-2.16349 0.839715 3.08373 194.079 152.791 124.403
-2.13872 0.849969 3.14278 149.346 117.684 95.3723
-2.14299 0.842971 3.25925 85.1333 64.4545 49.697
-2.15158 0.844719 3.37286 63.6149 45.9068 29.6273
-2.10478 0.900162 2.29044 53.9474 37.7368 17.6842
-2.16172 0.931007 3.08051 192.356 152.196 122.485
-2.1342 0.9165 3.14005 147.351 114.81 89.5233
-2.1415 0.923182 3.27002 82.5342 61.2466 38.5548
-2.14986 0.922064 3.3835 64.4208 44.8142 29.1366
-2.15439 1.00145 3.07344 190.612 151.393 121.363
-2.12987 0.9993 3.13459 149.212 119.212 89.4038
-2.14157 1.00043 3.2663 87.2143 64.5762 41.119
-2.14264 1.00065 3.38055 63.5515 45.5697 27.7515
-2.14529 1.07703 3.06936 188.628 148.259 120.431
-2.12398 1.08248 3.15366 132.922 105.427 82.2621
-2.13266 1.07295 3.27353 85.2261 63.9548 40.0302
-2.13386 1.0763 3.37897 64.2485 48.3939 25.7758
-2.1489 1.1547 3.07313 188.286 148.795 123.056
-2.11958 1.15464 3.14399 137.424 109.9 86.0048
-2.13308 1.15571 3.27855 91.7399 63.9306 42.3526
-2.13899 1.15731 3.37831 67.1795 50.3419 32.2735
-2.09412 1.23599 2.83309 221.25 196.25 156.5
-2.12202 1.25431 2.92554 197.902 164.917 136.932
-2.14599 1.23809 3.04047 183.014 147.095 120.357
-2.12416 1.23487 3.14117 141.586 115.64 94.9916
-2.12927 1.23446 3.26477 94.6201 72.5754 47.1453
-2.14112 1.23599 3.3818 69.7452 54.707 36.0955
-2.10283 1.2777 2.94638 207.727 171.5 139.773
-2.10485 1.29549 3.03148 176.345 145.382 125.527
-2.11874 1.30447 3.15776 129.102 105.98 87.5073
-2.1225 1.3093 3.26177 91.6169 75.0714 50.961
-2.13397 1.31059 3.37052 77.3197 61.068 43.898
-2.1259 1.36211 3.17957 126.9 100.825 76.95
-2.12479 1.38236 3.2681 93.1712 76.5069 56.6712
-2.1329 1.38679 3.36913 79.5789 65.7218 50.9398
-2.13149 1.42888 3.32478 84 68 40
-2.13048 1.44471 3.37971 77.2917 67.0625 48.6667
-2.14912 1.45969 3.45853 80.7778 68.7778 54.2222
-1.95856 -0.762513 2.9476 72.2373 31.2316 13.4689
-1.90594 -0.751851 2.97898 63 32.8667 6.86667
-1.98002 -0.792629 3.36822 26.7143 20.5714 1.61905
-1.92962 -0.705597 2.77057 101.447 67.5789 36.8684
-1.97265 -0.736713 2.92582 81.6373 44.5196 27.5392
-1.89435 -0.743217 2.98035 47 24 9
-2.00446 -0.298904 3.53142 58.25 40.75 19.75
-1.98141 -0.259888 3.41278 40.1111 29 15.3704
-2.00453 -0.268474 3.46614 41.7059 31.1176 17.0588
-1.927 -0.170921 3.36003 37.32 28.68 5.6
-2.01684 0.180349 3.35983 41.75 30.5 18.25
-2.02035 0.225409 3.38578 44.7273 31.9091 16.6364
-1.90699 0.297916 3.34994 49.3077 32.6154 21
-1.76323 -0.988717 2.24193 67.625 48.5625 31
-1.75364 -0.998852 2.27505 66.117 49.5851 32.8404
-1.76306 -0.982709 2.3846 74.25 49.75 25.25
-1.7738 -0.991188 2.89434 84.3333 52.1667 9.05556
-1.75371 -0.981622 3.39025 22 15 0
-1.81354 -0.905654 2.00933 37.8947 18.2105 3.52632
-1.78453 -0.917527 2.08095 45.9453 34.0766 17.2409
-1.75281 -0.944404 2.19474 75.5191 56.0992 28.3053
-1.75571 -0.943138 2.30168 74.8406 58.8841 35.529
-1.74719 -0.921463 2.38599 82.4286 61.2857 35.2857
-1.74473 -0.905086 2.71673 106.333 59.3333 22
-1.76218 -0.928389 2.81191 106.733 60.0411 22.0548
-1.76054 -0.946253 2.86674 88.8214 52.1429 22.6964
-1.75368 -0.976202 3.39029 22 15 0
-1.80935 -0.860076 1.97444 47.4458 23.6499 5.96474
-1.78261 -0.863632 2.0658 47.6388 35.1604 16.6051
-1.75402 -0.858144 2.21164 84.6648 66.5341 40.5909
-1.75377 -0.864738 2.32868 87.4436 64.5789 39.6917
-1.74455 -0.882522 2.40367 88.5714 62.8571 45.1429
-1.74983 -0.868826 2.71849 114.839 68.1936 27.2903
-1.76112 -0.863751 2.79291 117.441 69.5039 30.4141
-1.76598 -0.858474 2.87586 87.3214 50.7381 13.631
-1.80576 -0.786684 1.97566 56.0168 26.48 5.34947
-1.78077 -0.787615 2.06921 50.5739 36.9444 16.6038
-1.74869 -0.774062 2.19755 82.9302 64.3372 37.5988
-1.74497 -0.791686 2.28424 86.6667 64.1111 37.2222
-1.74623 -0.783505 2.43324 87.6667 62 33.6667
-1.7518 -0.781714 2.72566 120.667 72.3333 33
-1.76952 -0.78718 2.80282 118.329 70.4486 33.2675
-1.78642 -0.774413 2.88749 76.5394 41.9515 15.5273
-1.88856 -0.750083 2.97933 54.5 31 0
-1.76814 -0.821701 3.36566 29.3333 19.3333 0
-1.79725 -0.70887 1.96732 64.996 32.19 8.01
-1.78769 -0.717789 2.05069 81.2983 57.3288 22.8034
-1.74562 -0.73915 2.19313 90.3333 72.6667 37.0952
-1.75234 -0.732911 2.30354 105.612 80.449 48.9796
-1.74496 -0.717761 2.59909 94.8333 67.5 36
-1.79665 -0.74208 2.82034 109.206 59.8824 14.4412
-1.82234 -0.739279 2.9238 50.8696 28.5362 9.28986
-1.8858 -0.74273 2.97911 42 20 6.5
-1.78838 -0.628048 1.9654 65.9309 34.1848 9.47668
-1.79753 -0.651874 2.02567 89.88 60.28 27.8
-1.79279 -0.55328 1.97095 54.7102 24.7478 7.14669
-1.79627 -0.568537 2.02451 27.5 14.7391 5.54348
-1.78177 -0.473179 1.96133 53.9226 25.5258 4.91774
-1.79295 -0.494534 2.02393 22.8387 15.0968 3.22581
-1.78374 -0.396932 1.96448 56.9117 28.425 9.08167
-1.77988 -0.319247 1.95751 55.2343 24.8658 8.0644
-1.77696 -0.344541 3.33213 39 25.375 5.25
-1.77627 -0.241464 1.95852 60.086 27.8961 5.04383
-1.77408 -0.19563 1.96032 71.4688 36.8516 10.3516
-1.87034 -0.172339 3.35667 38.122 27.7561 9.68293
-1.78482 -0.0891375 3.34704 43.6471 27.9412 11.6471
-1.88971 0.303384 3.35249 49 33 20
-1.73596 -1.02552 2.31249 55.8333 40.8333 20.3333
-1.73174 -0.983403 3.36976 24.3333 20.5 0.833333
-1.73665 -0.919324 2.08772 58.3621 49.9138 31.6897
-1.73655 -0.945201 2.17728 70.5484 56.5161 28.3548
-1.7306 -0.932731 2.31265 79.5608 57.9101 35.0952
-1.72207 -0.915913 2.41555 82.2414 61.954 40.3448
-1.71373 -0.911459 2.54726 85.4091 63.4091 43.9091
-1.72369 -0.918006 2.66492 96.5417 56.75 19.3333
-1.73167 -0.972633 3.36983 21.6667 18.1667 1.5
-1.7337 -0.852113 2.10093 75.3218 57.977 31.6092
-1.72945 -0.866956 2.1956 86.5581 63.4884 39.7907
-1.73178 -0.849767 2.31392 86.3917 64.7833 40.8917
-1.72254 -0.864654 2.42254 90.4541 66.3319 43.2009
-1.71585 -0.86807 2.56055 86.5889 63.0611 36.45
-1.71745 -0.866814 2.63331 96.5613 59.5871 27.0516
-1.73186 -0.782113 2.09738 77.6735 57.415 32.4014
-1.73305 -0.783247 2.20058 83.2971 62.6449 35.1667
-1.72087 -0.778357 2.30908 86.685 64.3407 38.9231
-1.71195 -0.789465 2.42076 90.9691 65.7474 42.0052
-1.7071 -0.784386 2.56624 90.5299 63.8932 33.594
-1.7079 -0.783121 2.63813 114.143 69.6071 30.8393
-1.73896 -0.80801 2.87621 33 25.6667 11.6667
-1.73419 -0.730922 2.07681 92.291 65.9478 33.0224
-1.73672 -0.730077 2.22792 96.8636 77.7424 46.3182
-1.72579 -0.734363 2.31358 95.0659 72.3956 46.1978
-1.70337 -0.726639 2.43736 99.6837 75.9694 51.5816
-1.70408 -0.728357 2.55578 104.2 74.8114 50.7314
-1.7069 -0.732842 2.64936 119.885 74.5 39.3462
-1.66933 -0.554144 3.41933 30.9091 23.6667 9.12121
-1.61371 -0.30193 3.34794 46.25 36.125 22.3125
-1.63351 -0.161386 3.35052 39.8889 29.5556 15.4444
-1.63244 0.0915181 3.33574 47.4483 34.5862 20.3448
-1.63658 0.109931 3.36085 48.3333 35.6667 15.6667
-1.63327 0.243688 3.2853 53.1852 37.5556 24.7407
-1.6151 0.250897 3.35657 55.7143 39 24.4286
-1.67819 0.268361 3.2927 53 38 22.5
-1.61654 0.263825 3.3563 55 38 29.3333
-1.71412 0.382689 3.2728 54.625 41.25 16.5
-1.68842 0.489986 3.23334 51.75 45.5 24.625
-1.71851 0.511581 3.27422 51.381 43.4286 26.4762
-1.60857 0.687561 3.25653 68 48.85 34.4
-1.45927 -1.14421 3.42293 53.4545 42.7273 29.5455
-1.46915 -1.06588 3.31158 69.1071 51.8214 24.5
-1.45503 -1.11413 3.38696 63.1538 50.3077 32.4615
-1.47021 -1.01888 3.30461 68.069 51.1638 31.6121
-1.46507 -0.940609 3.29158 70.4727 52.1091 34.1727
-1.5231 -0.905324 3.34398 59 36.75 28.75
-1.47877 -0.858197 2.09864 85.6709 53.2038 32.6072
-1.47469 -0.842228 2.18982 110.121 76.2476 49.3835
-1.54341 -0.851684 2.3496 94.6 72.1 59.55
-1.53836 -0.862838 2.4003 116.509 89.6842 58.0175
-1.46698 -0.863419 3.29301 69.9836 54.0984 37.9016
-1.52303 -0.897356 3.34403 62 35.5 26
-1.45673 -0.818021 2.21178 80.1695 59.2203 56.8983
-1.46624 -0.785671 3.28723 71.0275 53.3945 39.5321
-1.46454 -0.709615 3.27927 73.4386 56.9298 31.9298
-1.46301 -0.628777 3.28031 74.5938 56.8021 39.2396
-1.46299 -0.55493 3.27527 78.2143 56.3673 38
-1.56292 -0.53518 3.36699 37.8333 31.6667 17.6667
-1.45822 -0.474061 3.26369 78.6575 61.5069 41.2877
-1.52995 -0.449889 3.3476 56.25 46.9167 26
-1.46268 -0.402121 3.27067 80.6786 62.1071 40.5714
-1.45978 -0.31638 3.26465 78.1013 61.0886 40.7722
-1.46196 -0.261775 3.26588 66.9348 46.8043 26.5652
-1.48614 -0.064427 3.90545 48.8276 42.9655 31.9655
-1.45813 -0.0614149 3.93031 41.65 39.7 32.55
-1.46257 -0.0221991 3.80157 60.2667 51.2 35.4667
-1.47757 -0.00695813 3.884 52.3973 49.6986 36.0548
-1.45945 -0.0109753 3.93476 43.4366 43.2535 32.6338
-1.44968 0.0611116 3.41566 101.125 80 46.875
-1.4629 0.0851847 3.54071 82.7778 61.7778 29
-1.46319 0.0888706 3.58459 77.8333 55.9167 28.5
-1.46159 0.0801389 3.76387 71.2326 56.1395 32.7442
-1.46947 0.0734735 3.86081 51.9322 49.1017 28.8136
-1.46568 0.0623092 3.93852 45.241 44.3494 22.241
-1.45886 0.136242 3.59507 59.6667 48.0556 32.1667
-1.45355 0.129979 3.74908 57.5625 48.4688 35.0625
-1.45009 0.138498 3.88918 42 42.375 34.4167
-1.45173 0.131202 3.93944 39.4545 41.8636 31.9091
-1.5082 0.260394 3.33566 56 40 25
-1.45235 0.238829 3.52158 98.2 52.1333 27.4667
-1.45017 0.217817 3.78522 45.6667 43.2222 29.8889
-1.45846 0.229514 3.88212 41.92 41.2933 31.8667
-1.45003 0.221367 3.93346 40.3 40.3 33.55
-1.56768 0.274542 3.255 54 39.1875 28.0625
-1.50375 0.293929 3.33447 73.5455 56.7727 33.4091
-1.44828 0.307159 3.65385 69 49.5 25
-1.45331 0.29061 3.75056 56.2667 48.1333 27
-1.46291 0.295313 3.88187 47.3103 43.0115 28.7816
-1.44907 0.294692 3.93149 47.0556 41.3333 31.8889
-1.44885 0.351863 3.65128 50 35.7143 20.7143
-1.45045 0.359458 3.70588 37.8333 32.3333 20.1667
-1.46419 0.484653 3.88268 79.6774 69.3548 62.8064
-1.44991 0.472649 3.92893 84.2 78.4 73.9
-1.46676 0.550232 3.75638 75.0476 63.3651 47.1746
-1.45885 0.528477 3.87734 82.4098 71.4344 59.1639
-1.44841 0.593003 3.6707 69 53 38
-1.45951 0.585098 3.72009 70.76 55.04 40.68
-1.45367 0.590877 3.8293 69.8214 56.5357 37.8571
-1.38309 -1.21773 3.41109 33.2143 24.1429 16.1429
-1.3624 -1.171 3.41983 44.5138 34.4892 22.1108
-1.37008 -1.0672 3.31311 72.4118 54.7647 36.4941
-1.36818 -1.11201 3.38935 70.6116 52.8843 34.405
-1.37096 -1.01869 3.30595 74.7956 55.1168 36.6375
-1.3529 -0.9062 2.15685 81.1053 62.7368 38.5789
-1.40766 -0.905991 2.47068 47.25 32.25 1.5
-1.37024 -0.940478 3.29991 75.3349 57.5229 36.8361
-1.40867 -0.869589 2.11777 92.3984 58.1504 43.3641
-1.37188 -0.857107 2.18714 101.807 62.2835 40.112
-1.36158 -0.860001 2.28671 79.8929 57.75 37.6071
-1.4075 -0.894306 2.46788 53.8846 34.3077 6.84615
-1.40725 -0.885902 2.51159 30.5 20.5 11.1667
-1.36932 -0.862716 3.29423 76.2353 58.4143 43.399
-1.40233 -0.818205 2.21877 48.8725 30.2941 22.6961
-1.3713 -0.785056 3.28853 78.6861 59.6608 43.4759
-1.37295 -0.708759 3.28594 79.6863 63.6054 42.4436
-1.37108 -0.630007 3.28379 81.9027 64.3747 48.3942
-1.36796 -0.553176 3.27841 85.2793 65.8728 50.2045
-1.37092 -0.475927 3.27339 85.3012 69.2235 51.8729
-1.37012 -0.399005 3.26926 85.1981 70.6683 53.685
-1.37162 -0.319824 3.26506 84.0557 67.0315 47.5278
-1.37104 -0.248377 3.25187 76.1727 50.6848 31.9697
-1.39062 -0.210071 3.56746 78 52 30
-1.42217 -0.166546 3.55808 79.1875 55.0625 31.25
-1.39874 -0.17519 3.57255 74.7097 53.2258 35.1452
-1.37515 -0.157388 3.73302 62.6234 43.2078 23.1818
-1.38128 -0.100281 3.74508 60.3514 47.6216 31.4054
-1.36532 -0.0665528 3.95064 59.6104 49.3571 38.6818
-1.37174 -0.00901701 3.95341 50.8469 50.8639 38.5034
-1.42684 0.064459 3.41964 81.9706 66.2941 37.0588
-1.44131 0.101427 3.77508 48 45 21
-1.36979 0.0679801 3.95002 57.4135 55.1282 37.5032
-1.41146 0.165524 3.39121 95.7273 70.5909 41.8636
-1.42753 0.174596 3.51804 84.9394 46.3939 27.6667
-1.4291 0.15209 3.60166 63.9714 48.3286 34.2857
-1.43272 0.152287 3.75181 49.7471 45.908 34.6897
-1.4381 0.15699 3.8531 42.2759 42.7241 35.9655
-1.36925 0.147652 3.94531 62.076 58.4937 40.5411
-1.42816 0.23723 3.32453 96.7778 77 53.6667
-1.41835 0.212466 3.38388 98.4211 70.7895 42.1053
-1.42956 0.219969 3.51001 90.537 45.6111 23.2963
-1.42676 0.227305 3.6086 70.9341 46.5165 27.1868
-1.43664 0.205121 3.72395 49.1429 45.7143 28.7857
-1.43947 0.193739 3.83333 43.125 41.625 35.125
-1.36981 0.224959 3.94085 50.3379 50.1741 38.6382
-1.43122 0.321023 3.52289 83.5294 54.2941 31.0588
-1.43155 0.280441 3.61745 74.1136 49.4091 26.75
-1.36965 0.298897 3.93976 44.1237 41.3781 32.5972
-1.42916 0.364533 3.4842 97.1343 75.0299 43.1493
-1.43602 0.361869 3.66134 39.1667 32.8333 17
-1.43744 0.37086 3.71388 33.0909 32.0909 14
-1.34726 0.407123 3.94271 37.1429 32 25.5238
-1.36415 0.45973 3.93376 77.434 69.1111 55.3438
-1.43513 0.568491 3.58458 77 59 43
-1.40003 0.559362 3.90934 84.7079 74.382 58.2697
-1.36149 0.529273 3.92975 91.6471 80.0336 65.3782
-1.36405 0.623572 3.52927 103.982 86.7232 69.125
-1.40953 0.597462 3.61756 70.2632 54.6579 43.1842
-1.43628 0.604415 3.7483 66.1154 52.4231 41
-1.37341 0.605086 3.87092 73.3654 62.0963 49.0565
-1.36143 0.689439 3.51475 126.297 106.928 91.2017
-1.36019 0.767787 3.51336 129.927 111.096 94.5127
-1.36304 0.845143 3.52274 132.907 112.771 98.4609
-1.35611 0.922519 3.51147 136.618 115.433 100.928
-1.35464 1.00178 3.50902 141.868 115.544 102.893
-1.35878 1.07694 3.50924 140.471 117.192 102.928
-1.39012 1.15561 3.43126 130.167 109 95.1667
-1.35007 1.15366 3.50768 142.083 119.159 103.706
-1.35656 1.23253 3.50292 144.505 118.233 103.249
-1.35058 1.30823 3.50072 148.29 119.084 106.744
-1.34955 1.37623 3.49621 148.865 119.171 106.44
-1.3374 1.57622 3.88429 167.172 136.931 122.345
-1.34794 1.59912 3.88393 187.438 151.719 130.169
-1.20544 -1.22032 3.40382 41.5789 24.0526 16.2632
-1.21755 -1.17172 3.42144 48.9414 35.7315 21.5432
-1.15154 -1.18018 3.44611 53.1667 41.3333 21.5
-1.22194 -1.06758 3.31347 76.6237 57.5376 33.1183
-1.22185 -1.11089 3.38522 74.0085 55.1017 31.9322
-1.2205 -1.01846 3.30728 77.55 58 39.745
-1.22049 -0.941737 3.3036 78.0458 60.0687 40.7964
-1.22199 -0.863698 3.30008 78.1949 61.7865 41.2645
-1.22203 -0.785205 3.29227 80.3873 62.9387 44.4828
-1.22281 -0.707813 3.28981 81.2979 65.2222 47.3121
-1.2237 -0.630893 3.28918 83.3029 66.9567 51.0312
-1.22147 -0.552078 3.2837 84.9783 70.2361 53.1012
-1.22158 -0.474723 3.2763 86.3612 72.4079 54.1032
-1.21738 -0.396606 3.26453 87.3906 74.6259 53.1788
-1.2209 -0.319516 3.26003 82.2566 70.2326 49.8537
-1.22069 -0.249581 3.24302 77.4476 49.854 29.8857
-1.21831 -0.213803 3.54913 44.3333 37.8889 26.5556
-1.17771 -0.224081 3.74719 53.6964 48.9821 39.4821
-1.19586 -0.21871 3.86255 62.4595 54.0811 37.7027
-1.15218 -0.220804 3.94134 72.9 61 37.75
-1.21461 -0.180464 3.54 64.1282 54.5385 42.6154
-1.19276 -0.184172 3.77779 67.0517 63.3966 48.0862
-1.20304 -0.187971 3.83971 65.8378 63.4324 47.7027
-1.17812 -0.156314 3.96061 86.6667 76.2342 61.9009
-1.20893 -0.105849 3.52435 75.5 58.5833 41.1667
-1.21788 -0.0842576 3.96338 65.9866 61.7718 44.9631
-1.22043 -0.00933457 3.96094 60.0874 58.3916 45.3846
-1.21969 0.0663154 3.95288 75.7246 71.8525 51.5016
-1.21946 0.145798 3.94784 69.2867 67.9267 51.4267
-1.22127 0.224593 3.94536 69.5609 65.9391 46.8942
-1.21842 0.30186 3.9426 44.9465 45.6054 36.0803
-1.20155 0.380234 3.93651 56.0578 49.2231 29.2893
-1.22019 0.457509 3.93275 79.7545 71.7762 55.8123
-1.22184 0.565698 3.9092 85.3158 77.1579 60.3158
-1.21832 0.528805 3.93309 87.5615 75.65 59.9385
-1.21994 0.627155 3.52341 122.502 106.937 91.0224
-1.21892 0.600481 3.8638 79.249 66.144 51.9611
-1.22254 0.691187 3.52318 137.559 119.264 102.06
-1.21724 0.768077 3.52117 140.779 122.376 106.549
-1.21668 0.843642 3.51575 141.654 123.972 110.544
-1.22243 0.92276 3.51623 146.995 124.832 110.184
-1.22207 0.999366 3.51193 151.758 125.45 112.108
-1.22111 1.07682 3.50715 154.841 126.192 115.225
-1.21697 1.15655 3.509 155.995 129.444 116.241
-1.21846 1.23219 3.49957 158.899 129.795 117.494
-1.22154 1.31183 3.49954 160.688 131.523 118.787
-1.22344 1.37443 3.4982 162.184 132.605 117.987
-1.21954 1.57613 3.8903 177.218 142.909 128.945
-1.22508 1.59729 3.89125 194.448 156.981 137.105
-1.10336 -1.21994 3.41739 36.6087 24.2609 18.4783
-1.07865 -1.17375 3.4275 47.3 34.6294 24.1882
-1.06301 -1.17282 3.45237 56.7518 41.695 29.0355
-1.07087 -1.06722 3.3141 75.8925 61.871 40.4839
-1.07006 -1.10803 3.3811 74.0726 59.2823 41.3629
-1.07314 -1.01812 3.30965 80.5446 61.5965 41.2797
-1.07263 -0.941252 3.30663 80.6062 63.0644 42.9117
-1.07202 -0.864619 3.30443 80.867 64.8596 52.266
-1.07134 -0.786536 3.29818 82.4276 66.6542 50.0514
-1.07347 -0.708148 3.29049 83.7864 69.2277 47.1854
-1.07209 -0.630848 3.28865 87.0817 70.1346 50.6346
-1.07271 -0.554258 3.28548 86.8442 72.4535 54.7977
-1.07354 -0.47638 3.27931 89.2642 74.6392 52.8632
-1.07123 -0.396816 3.27289 88.3853 76.735 56.7639
-1.0727 -0.318554 3.26965 83.2297 72.6982 52.9189
-1.07709 -0.24973 3.25321 77.0925 53.6537 32.4149
-1.12227 -0.23045 3.96476 66.4084 56.2817 30.7183
-1.1231 -0.166797 3.96768 84.6569 73.402 53.0098
-1.08032 -0.0752326 3.95849 73.5476 63.1429 44.5381
-1.06935 -0.0076853 3.96117 60.899 60.1075 39.9577
-1.07211 0.0687314 3.95189 63.9862 66.7414 45.8069
-1.07294 0.144364 3.94983 68.5955 67.466 48.8576
-1.07137 0.222481 3.94772 68.7853 62.6378 49.6571
-1.06843 0.296554 3.94483 55.8188 52.6377 39.2935
-1.08317 0.468425 3.93125 71.2476 67.0922 50.1068
-1.0732 0.566488 3.903 85.8765 77.0741 58.8148
-1.0711 0.528166 3.92983 90.5039 82.1875 61.8203
-1.0666 0.623172 3.51943 126.36 113.152 92.904
-1.07208 0.602136 3.87097 82.1061 70.2571 55.3265
-1.07224 0.691203 3.52905 140.282 123.045 107.061
-1.07177 0.768185 3.52041 142.508 124.975 110.901
-1.07079 0.846502 3.52121 147.306 126.894 112.875
-1.07278 0.922867 3.51473 151.342 129.197 113.145
-1.07251 1.00133 3.51612 157.036 130.53 115.627
-1.0743 1.07741 3.51099 158.928 133.517 118.76
-1.0692 1.15579 3.51089 163.354 135.501 119.712
-1.07122 1.23338 3.50984 168.684 137.008 123.926
-1.07411 1.31225 3.51213 172.229 140.06 127.577
-1.07447 1.37169 3.50755 176.507 141.448 129.483
-1.06132 1.57548 3.89478 195.341 156.561 139.244
-1.07903 1.59341 3.89765 210.364 173.247 149.766
-0.86286 -1.21443 3.29609 77.3333 51 27.8333
-0.966108 -1.22577 3.39468 52.0943 34.6038 18.5283
-0.91424 -1.22189 3.45837 28.7778 25.3889 13.1667
-0.914319 -1.19675 3.10339 94.75 61.25 32.875
-0.8585 -1.20833 3.27943 77.3333 50.8333 25.3333
-0.956858 -1.18148 3.425 45.2951 33.1803 19.6311
-0.920006 -1.17198 3.45439 50.9733 38.4064 27.0107
-0.914345 -1.06438 3.31678 78.0351 62.6667 44.386
-0.927368 -1.10109 3.37411 78.635 59.7226 40.1314
-0.925111 -1.01956 3.31289 80.4019 63.0591 42.5887
-0.924399 -0.941491 3.31095 81.4381 65.7095 45.5167
-0.923184 -0.862833 3.30885 82.3432 68.7002 47.8101
-0.923501 -0.785684 3.30426 83.8592 69.6602 48.4296
-0.924568 -0.707918 3.29569 86.4468 69.9468 48.5509
-0.923035 -0.630069 3.29376 86.018 72.7708 52.036
-0.921182 -0.551441 3.28752 87.2671 74.8014 53.9817
-0.922718 -0.474751 3.28186 88.2686 76.9684 59.0542
-0.924332 -0.397729 3.28158 89.6351 79.8446 56.8739
-0.920741 -0.32118 3.27476 84.5618 76.9044 55.8741
-0.91901 -0.252413 3.25102 82.305 60.695 33.956
-0.853328 -0.215102 3.89845 96.5556 73.3333 43.7778
-0.857103 -0.160001 3.35275 105.957 89.8261 69.2609
-0.853328 -0.167974 3.90344 105.381 81.0952 48.9524
-0.855768 -0.0864877 3.90215 93.6786 70.9286 43.3214
-0.905981 -0.0685227 3.95488 78.6458 58.2083 37.1458
-0.859631 -0.0142216 3.90275 89.087 67.3043 42.1304
-0.932275 -0.00280596 3.96146 72.3922 58.8758 38.0523
-0.862713 0.0494459 3.91175 93 70.0526 39.9474
-0.931923 0.0731322 3.9551 80.3116 72.2971 43.471
-0.923465 0.147657 3.95455 94.3148 88.9377 59.2164
-0.923452 0.224059 3.95201 89.6471 81.7745 59.8235
-0.923041 0.297333 3.94877 78.7429 68.6536 46.1393
-0.861698 0.398528 3.9489 60.9565 50.5217 32
-0.910063 0.464162 3.93621 75.6067 68.0293 43.7866
-0.927466 0.564345 3.89637 85.4653 78.6337 60.1782
-0.921784 0.526191 3.93483 89.3062 80.9031 54.7442
-0.924894 0.624763 3.53202 134.277 121.142 104.124
-0.921003 0.600427 3.85724 84.5266 74.7788 57.969
-0.92613 0.690002 3.53173 145.253 129.574 110.691
-0.923728 0.766239 3.52781 150.331 131.538 111.496
-0.924234 0.844763 3.52488 153.728 133.259 118.564
-0.922513 0.921534 3.5189 159.352 136.207 119.304
-0.923477 1.00004 3.51978 164.44 139.338 124.051
-0.925099 1.07548 3.51499 169.564 142.206 124.591
-0.923551 1.15531 3.5197 176.566 144.602 129.478
-0.921589 1.2327 3.51256 181.202 149.353 133.534
-0.924959 1.31105 3.50958 186.553 153.299 135.727
-0.926848 1.37042 3.51063 192.227 154.943 139.205
-0.922851 1.57113 3.89628 216.313 167.313 152.134
-0.940873 1.58772 3.89602 232.96 184.32 158.6
-0.713941 -1.18628 3.43127 22.2105 19.6842 6.84211
-0.728094 -1.1806 3.50287 33.1026 26.6923 18.4872
-0.769285 -1.07322 3.32019 81.1628 62.7209 43.593
-0.770005 -1.10452 3.36363 75.6667 60.2222 40.2222
-0.773744 -1.01833 3.31411 84.285 66.4893 46.0665
-0.774196 -0.941688 3.31375 83.6345 68.3161 48.3004
-0.772857 -0.86257 3.30704 86.478 70.3225 54.7587
-0.773215 -0.785352 3.30297 86.3598 70.9299 53.1192
-0.774087 -0.707324 3.29614 83.6355 70.8451 48.4624
-0.773904 -0.630785 3.29611 88.2138 78.8046 57.2437
-0.774148 -0.553327 3.29316 87.7483 76.7416 56.9101
-0.773154 -0.473837 3.28867 88.1919 79.3296 57.3093
-0.77342 -0.396508 3.28141 90.7517 83.3057 63.2667
-0.773097 -0.320702 3.27809 85.9126 78.7678 60.4598
-0.779427 -0.249235 3.26029 88.927 67.3784 40.8973
-0.829643 -0.209281 3.33689 71.2353 55.3529 38.1176
-0.83138 -0.223846 3.89744 93.125 74.975 39.825
-0.785457 -0.222029 3.98452 109.959 88.9082 53.9388
-0.830706 -0.162516 3.35745 121.575 101.208 74.8396
-0.830214 -0.162872 3.90668 105.039 85.5 52.3026
-0.764936 -0.163548 3.97423 109.365 93.6423 60.1769
-0.830284 -0.112995 3.35714 121.917 101.861 80.6111
-0.832176 -0.0837234 3.90033 92.6324 72.8971 46.9853
-0.763755 -0.0869982 3.96772 94.8728 85.6749 54.311
-0.831967 -0.00767967 3.89239 89.1772 69.5443 47.3671
-0.764812 -0.00886285 3.96441 90.2868 80.4338 49.6618
-0.831991 0.0498108 3.90317 90.7333 74.1333 42.4889
-0.769124 0.0711959 3.95989 99.0273 88.8157 51.9249
-0.775328 0.146967 3.95875 98.9446 90.2308 59.0738
-0.775047 0.224831 3.9592 98.2215 87.4923 55.08
-0.776534 0.299551 3.95276 86.7559 74.2408 53.4582
-0.826314 0.345632 3.93441 71.6667 55.8889 42.8889
-0.823336 0.468641 3.94578 65.6914 57.8519 42.2346
-0.758726 0.559821 3.89155 75.904 69.832 56.84
-0.800152 0.529817 3.93586 74.744 66.9107 52.3631
-0.772504 0.62276 3.53709 139.99 127.111 107.645
-0.777753 0.598395 3.85871 85.7176 75.375 64.2269
-0.775949 0.688902 3.53315 150.166 135.515 114.237
-0.774341 0.766669 3.53228 156.403 137.291 119.005
-0.775158 0.845804 3.53013 161.215 141.327 121.54
-0.776478 0.924815 3.52919 167.742 143.835 122.469
-0.77276 0.999972 3.51827 173.316 147.282 130.728
-0.77449 1.07735 3.51581 180.25 151.197 133.399
-0.775795 1.15505 3.5161 187.428 154.982 140.319
-0.774973 1.23313 3.51761 194.229 160.706 146.097
-0.774486 1.31212 3.51557 206.134 165.212 147.749
-0.763833 1.37393 3.52188 214.969 171.849 154.875
-0.733421 1.42244 3.58123 228.4 182.6 161.8
-0.746267 1.45283 3.60663 236.52 198.09 176.76
-0.612935 -1.19533 3.40021 28.1481 24.4074 11.2593
-0.625568 -1.0696 3.32319 82.5493 66.2817 49.3662
-0.630759 -1.0803 3.33495 81.5591 64.6774 45.4086
-0.619032 -1.01689 3.32036 84.2 69.0304 49.1266
-0.670058 -1.04188 3.32884 82.7714 66.4571 40.4571
-0.63453 -0.944076 3.31841 85.8474 70.3368 49.4711
-0.576345 -0.932816 3.32933 88.2581 70.7742 46.871
-0.626445 -0.863795 3.31719 87.2664 73.6308 54.486
-0.624695 -0.863697 3.32742 87.5385 74.1538 56.2308
-0.623822 -0.786199 3.31269 87.3753 73.5688 53.1329
-0.627468 -0.708646 3.30507 83.1388 73.5639 50.2313
-0.624309 -0.628889 3.29734 90.5123 82.1804 57.3563
-0.625177 -0.551696 3.29611 87.3813 77.8059 56.5685
-0.625605 -0.475815 3.29076 89.4644 80.8733 61.2867
-0.625909 -0.39774 3.28533 93.7232 84.8455 64.8391
-0.625941 -0.319431 3.27897 86.6086 79.1063 60.0905
-0.624677 -0.252003 3.25901 97.5075 71.5254 45.1702
-0.580258 -0.210406 3.36119 136.8 112.6 66.55
-0.574848 -0.20883 3.9135 85.1818 65.2727 32.9091
-0.606137 -0.208325 3.94859 81 64 34.5
-0.583506 -0.196249 3.36561 135.231 109.462 65.0769
-0.574446 -0.178163 3.9024 86.6712 71.9863 43.5616
-0.633682 -0.154524 3.95989 99.6733 83.896 53.0347
-0.625735 -0.0869445 3.97742 103.194 93.419 58.3968
-0.626686 -0.00947265 3.9715 90.8646 81.2708 50.5477
-0.6252 0.0680321 3.96487 101.031 93.0831 59.3815
-0.624533 0.145481 3.96308 107.757 99.6246 70.8585
-0.623862 0.222706 3.96006 103.762 92.3333 69.2068
-0.636234 0.333817 3.6458 81.9444 60.7222 39.8889
-0.6254 0.29589 3.95263 89.304 78.326 55.4359
-0.627779 0.379965 3.64206 94.7547 74.3255 54.1981
-0.568001 0.348461 3.94118 76.6667 62 48.6667
-0.636647 0.424282 3.62402 97.5862 75.4483 59.5517
-0.557707 0.484299 3.94675 82.8 74.4 59.4
-0.626177 0.549511 3.8864 75.9895 71.0895 57.5053
-0.586273 0.526517 3.93024 85.2625 80.875 63.9375
-0.62199 0.619302 3.54696 144.441 132.137 113.119
-0.657127 0.605917 3.76476 86.5 81.25 67.75
-0.625942 0.595339 3.86151 84.2759 78.6946 66.5961
-0.626387 0.689458 3.54121 154.44 140.328 119.929
-0.625691 0.769075 3.53821 161.752 143.032 122.345
-0.625883 0.84574 3.53158 166.163 147.592 128.418
-0.624305 0.921935 3.52838 174.587 150.335 132.28
-0.625966 1.00017 3.52734 181.546 155.546 137.75
-0.623314 1.07879 3.52376 190.34 159.871 144.262
-0.627208 1.15525 3.52414 199.411 165.297 149.9
-0.623123 1.23307 3.519 211.965 171.751 156.035
-0.626545 1.30919 3.51348 224.303 178.118 163.556
-0.635497 1.37256 3.53072 232.99 185.865 167.391
-0.67894 1.42273 3.58181 238.8 191.6 165.8
-0.670857 1.45102 3.60718 243.5 223.058 204.154
-0.606757 1.56397 3.90091 243.662 236.268 218.704
-0.418196 -1.23604 3.41307 52.7391 35 19.3043
-0.411035 -1.14763 3.43964 71.9231 58.1538 33.2308
-0.430052 -1.17705 3.45377 53.5833 44.6146 27.9271
-0.523057 -1.06978 3.31972 82.6667 68.0606 51.3636
-0.459748 -1.08266 3.34332 82.8118 66.1183 46.7634
-0.478892 -1.01682 3.32189 85.8249 69.3891 48.3268
-0.473053 -1.02348 3.33145 85.1988 68.9941 46.9825
-0.488297 -0.9446 3.32105 87.5675 71.4356 50.9356
-0.445758 -0.932539 3.32965 89.035 71.8811 50.0699
-0.491095 -0.858471 3.32071 89.039 73.0901 54.4595
-0.434527 -0.879637 3.33017 86.1154 73.375 52.3462
-0.476503 -0.785183 3.31141 86.7568 76.2727 55.125
-0.476589 -0.708186 3.31122 88.2739 75.3252 55.5078
-0.477743 -0.630797 3.30486 91.1128 79.5951 60.323
-0.476901 -0.553067 3.30165 89.8026 80.4989 62.1953
-0.474175 -0.474627 3.29381 90.7243 82.4705 61.6258
-0.478161 -0.396893 3.29096 93.8664 85.6305 63.0251
-0.477376 -0.319429 3.28575 84.6865 79.6137 61.4128
-0.47881 -0.253445 3.26616 98.6588 74.5697 45.4481
-0.531946 -0.215567 3.91514 107.053 85.0526 49.5789
-0.465427 -0.2221 3.96878 119 96.6406 57.3047
-0.538387 -0.187143 3.9108 100.083 81.6667 49.5417
-0.475463 -0.163441 3.97553 118.424 105.357 76.7866
-0.477267 -0.0875584 3.97573 99.8831 94.7231 64.0677
-0.476687 -0.0102494 3.97446 92.9354 84.4923 56.7569
-0.47606 0.0670028 3.97265 99.4554 90.1785 64.1785
-0.47392 0.144916 3.96354 96.2432 89.3604 64.5345
-0.473249 0.224094 3.95727 92.0503 85.3284 62.284
-0.465966 0.314975 3.90842 89.0286 79.6 61.5286
-0.486758 0.294067 3.94868 87.9224 79.3017 57.7888
-0.474524 0.349196 3.90021 76.5 63.25 55.5
-0.508264 0.378351 3.94231 73.0472 64.874 51.6299
-0.501584 0.46408 3.94828 85.3371 78.4213 64.9101
-0.482387 0.555028 3.88066 89.3506 83.1034 72.7874
-0.472558 0.520196 3.94296 97.4171 92.9147 79.5355
-0.473316 0.619403 3.54428 153.003 140.845 116.987
-0.479544 0.594204 3.86085 91.3405 85.1568 69.8811
-0.477317 0.690361 3.54141 161.91 145.513 128.396
-0.475679 0.768312 3.54203 168.39 149.705 134.292
-0.476093 0.8446 3.53525 174.983 154.698 137.92
-0.475966 0.92244 3.52891 183.142 160.377 142.24
-0.474309 1.00073 3.52452 193.467 165.203 148.187
-0.47756 1.07938 3.52608 206.102 171.132 153.533
-0.475292 1.15614 3.52374 217.544 178.285 161.136
-0.479477 1.2363 3.52853 230.496 187.825 169.886
-0.475048 1.31425 3.52227 242.938 199.86 181.331
-0.480597 1.36246 3.50768 244.559 210.031 193.74
-0.492081 1.56471 3.91028 242.431 249.086 236.897
-0.41668 1.56421 3.92563 242 250 240.263
-0.31931 -1.31533 3.26339 118.51 85.2157 54.7059
-0.367777 -1.23069 3.3247 77 60.7778 29.3333
-0.331556 -1.23473 3.41441 51.9192 39.2615 18.4115
-0.271686 -1.22074 3.46068 33.5652 22.7391 14.1304
-0.340935 -1.16083 3.44311 67.5588 55.2157 32.5294
-0.319075 -1.1808 3.45694 60.0364 49.9455 30.5636
-0.327066 -1.08815 3.35686 84.839 67.6592 44.7191
-0.326338 -1.0194 3.33674 87.597 71.0841 50.4397
-0.374474 -0.92049 3.32531 89.4474 73.5789 53.7105
-0.321828 -0.943126 3.33406 88.5061 72.7066 51.2396
-0.352499 -0.857517 3.32186 89.7333 75.3286 58.3524
-0.303348 -0.86966 3.33009 90.5315 75.6171 52.1081
-0.330024 -0.78578 3.32014 91.1784 78.3897 56.1526
-0.317854 -0.807646 3.3285 89.1667 78.9167 57.0417
-0.329687 -0.708761 3.31493 91.4133 80.3319 58.8887
-0.326307 -0.629649 3.30751 91.0583 81.7862 64.5918
-0.327692 -0.553525 3.30816 91.3046 84.34 67.0309
-0.325737 -0.475209 3.30033 93.8994 87.1887 63.7065
-0.326989 -0.397104 3.29349 94.471 88.671 67.4581
-0.328013 -0.320435 3.28539 88.1979 80.9875 63.6667
-0.326403 -0.255498 3.26414 106.86 77.6884 46.6712
-0.326267 -0.221255 3.98037 129.95 107.886 76.0429
-0.329274 -0.165304 3.98472 131.412 116.495 86.4923
-0.32849 -0.0880469 3.97997 101.268 91.2677 63.0769
-0.327927 -0.0110012 3.97776 91.16 81.5415 57.6215
-0.325572 0.067422 3.9707 103.115 92.3284 65.8432
-0.327257 0.146894 3.96327 102.564 93.089 65.822
-0.32509 0.224877 3.95907 97.1077 90.9846 68.6246
-0.341815 0.317875 3.72253 108.64 96.236 73.4157
-0.370159 0.307813 3.8781 86.6364 75.6364 56.1818
-0.325423 0.287602 3.95252 87.5648 79.3148 56.6852
-0.323385 0.38179 3.67349 134.15 125.47 101.65
-0.326975 0.346601 3.68587 130.118 120.647 87.9412
-0.31833 0.427518 3.67041 144 130.273 111.636
-0.333695 0.453137 3.75486 135.125 127.125 106.875
-0.299891 0.487733 3.95165 127.455 119.545 97.0303
-0.324617 0.557395 3.88406 96.707 90.6624 77.414
-0.328172 0.521083 3.94677 109.67 101.996 86.1261
-0.328936 0.617306 3.54833 157.958 145.501 124.824
-0.343884 0.581862 3.56846 127.2 123.4 108.4
-0.333107 0.593825 3.87434 96.4176 89.6059 81.7824
-0.326138 0.689277 3.54345 168.507 151.879 133.751
-0.327786 0.767175 3.54371 175.543 156.24 138.161
-0.327101 0.844806 3.54002 184.277 162.436 142.767
-0.327581 0.922457 3.53634 194.773 167.132 148.988
-0.329478 0.999738 3.52946 206.461 174.869 156.627
-0.328693 1.07775 3.52557 219.983 183.335 164.002
-0.327832 1.15608 3.52598 234.912 192.599 177.287
-0.327398 1.23389 3.52659 244.428 204.3 191.488
-0.326599 1.31232 3.5249 244.186 226.878 202.186
-0.337863 1.36069 3.51893 243.5 241.94 214.619
-0.316287 1.55419 3.91673 242 250 241
-0.384257 1.56502 3.93097 242 250.067 240.867
-0.16641 -1.34599 3.31479 118.817 88.5304 54.2348
-0.135237 -1.33254 3.33204 117.75 84.8667 47.8833
-0.229315 -1.29102 3.44863 92 61.5 15
-0.182148 -1.23305 3.41164 48.3723 37.5238 17.6234
-0.175585 -1.24194 3.45405 50.6364 35.6667 14.2121
-0.172591 -1.18943 3.42179 44.6792 33.8019 18.8302
-0.180777 -1.17546 3.45547 67.6364 51.9126 33.6014
-0.177934 -1.08725 3.35965 87.198 68.5671 45.245
-0.178486 -1.01821 3.34821 87.7411 72.2098 49.4554
-0.179377 -0.940958 3.3456 89.2272 75.1148 50.7096
-0.239876 -0.826161 3.32548 95.5 77 57
-0.179911 -0.862682 3.33442 92.2301 75.9823 55.6195
-0.186445 -0.781115 3.32256 93.1318 78.7248 59.0659
-0.171686 -0.789644 3.33176 92.7448 78.1042 57.2448
-0.17723 -0.70496 3.31679 92.6846 80.9267 59.8166
-0.203036 -0.735302 3.32929 93.8293 79.6829 58.4146
-0.179622 -0.630364 3.31289 94.203 83.6581 62.3098
-0.178104 -0.552399 3.30704 94.2576 85.7208 64.4329
-0.179116 -0.474801 3.30042 94.5494 87.9034 69.8798
-0.176813 -0.398411 3.30019 97.8017 88.7004 66.5819
-0.178709 -0.319666 3.28888 88.8228 82.3238 61.7678
-0.179524 -0.255821 3.26903 119.195 89.4589 52.7329
-0.18254 -0.22973 3.99364 146 122.242 86.6837
-0.178605 -0.165722 3.99044 149.605 135.466 107.822
-0.180771 -0.088581 3.98593 123.302 109.938 79.6369
-0.178978 -0.00944758 3.97186 120.625 100.349 66.8256
-0.179968 0.069891 3.96755 115.208 102.659 73.4622
-0.178593 0.147092 3.96696 109.295 98.6492 70.9877
-0.177979 0.223339 3.96271 102.575 93.6892 70.0092
-0.165295 0.318543 3.8823 89.0455 85.5909 56.2727
-0.17866 0.294336 3.95946 87.4699 80.1128 59.0977
-0.152202 0.37702 3.87971 82.2045 80.5 57.6136
-0.174515 0.380142 3.95861 83.2606 80.133 61.1383
-0.154018 0.417918 3.91353 88 84 70.5
-0.172469 0.459665 3.95675 104.347 99.835 83.5578
-0.178466 0.5552 3.88362 105.676 98.8765 83.5588
-0.179155 0.520583 3.95132 113.94 108.111 93.3594
-0.178256 0.615327 3.55168 165.845 150.422 131.115
-0.17822 0.59307 3.88123 108.09 98.3313 84.988
-0.17979 0.689508 3.54938 175.393 158.239 136.832
-0.179338 0.767167 3.54585 183.973 164.203 140.621
-0.178143 0.845096 3.54288 193.699 170.973 149.716
-0.177758 0.923929 3.54452 206.807 176.692 158.186
-0.179771 0.999838 3.53535 220.512 184.918 167.141
-0.179388 1.07797 3.53314 233.902 195.406 178.763
-0.180379 1.15439 3.52778 243.443 210.109 190.718
-0.180418 1.23416 3.52989 244 231.604 207.511
-0.177769 1.31146 3.52871 242.67 248.083 231.093
-0.181756 1.35943 3.53588 241.975 249.975 240.975
-0.200889 1.54386 3.91208 242 250 241
0.0242545 -1.2956 3.17474 123.286 90.1429 51
-0.0594905 -1.32586 3.29239 119.901 87.2573 56.2398
-0.102002 -1.30865 3.33437 112.75 78 35.5
-0.0232554 -1.25204 3.43492 56.4783 40.9627 18.2733
-0.0261888 -1.23817 3.45218 39.4257 30.1881 13.5248
-0.0158001 -1.14265 3.44052 85.5625 66.3438 45.7188
-0.0316398 -1.17771 3.45878 67.5207 53.8276 31.8759
-0.0298541 -1.08736 3.36583 88.9425 69.3195 48.7188
-0.032527 -1.01906 3.35392 89.4822 72.4911 49.5978
-0.0314413 -0.94186 3.34733 91.7371 75.1573 52.8742
-0.0321085 -0.863218 3.33666 93.0196 77.5283 57.0522
-0.0285648 -0.777484 3.32501 94.1636 79.2909 59.4
-0.0301067 -0.787273 3.33293 92.765 79.7434 58.4556
-0.0321197 -0.70066 3.31812 95.5274 81.3238 59.9008
-0.0127072 -0.730222 3.32898 94.65 80.78 56.99
-0.030914 -0.629307 3.31522 96.4185 84.2996 64.4053
0.0419867 -0.654372 3.32689 94.9091 84.5455 61.0909
-0.0291843 -0.553303 3.316 97.9939 86.1714 67.1754
-0.0300096 -0.47518 3.30946 97.6554 89.3911 68.759
-0.0279793 -0.398223 3.30304 100.143 91.5389 69.3484
-0.0286283 -0.319272 3.29044 93.0242 83.5302 62.8145
-0.0292213 -0.258236 3.27469 115.962 86.8365 55.924
-0.0205227 -0.225939 3.99844 132.946 114.44 87.1131
-0.0283991 -0.165794 3.99446 127.693 114.515 87.0429
-0.0307697 -0.0890301 3.98684 105.746 92.3462 63.5325
-0.0302 -0.00952133 3.97516 104.239 92.5879 63.8214
-0.0298257 0.069756 3.97777 119.831 106.186 82.8728
-0.0293531 0.146026 3.97573 117.926 103.107 78.6154
-0.0280805 0.222735 3.97334 107.904 93.3275 73.9094
0.0117039 0.321516 3.90776 109.969 98.0938 76.8125
-0.0426193 0.292544 3.96711 97.5667 84.5208 63.9875
0.0182887 0.397195 3.74018 119.438 108 92.0959
-0.020936 0.376153 3.86326 110.745 99.2941 82.4314
-0.0432804 0.371968 3.96006 104.612 93.7765 76.2294
0.0265295 0.434214 3.76167 127.679 122.286 100.893
-0.0085634 0.439858 3.87966 120.818 110.909 96.9545
-0.0473808 0.4659 3.96034 118.85 112.345 97.3689
0.0400246 0.572012 3.55792 157.5 151.5 130.5
-0.0288166 0.552695 3.88454 111.612 102.923 87.5969
-0.0293112 0.517076 3.95559 118.955 112.565 96.99
-0.0294687 0.612859 3.55376 172.805 155.943 135.477
-0.0554534 0.599805 3.56645 167.938 152.844 129.969
-0.0358647 0.594166 3.88635 114.23 104.036 91.6848
-0.0295141 0.689475 3.55386 183.32 163.763 141.533
-0.0290185 0.766479 3.5464 192.154 169.119 148.48
-0.031243 0.846557 3.54934 204.719 176.533 155.979
0.0192891 0.855256 3.56516 212 179 156
-0.0289297 0.922825 3.53967 217.45 184.694 167.553
-0.0299472 1.00068 3.5371 231.874 197.501 176.019
-0.0319175 1.07917 3.53748 243.679 208.511 188.724
-0.0281939 1.15568 3.53579 244.258 230.486 208.783
-0.0304424 1.23109 3.52912 242.847 248.32 232.201
-0.0288811 1.30878 3.52709 242 250 241
-0.0347229 1.35878 3.5354 242 250 241
-0.0289 1.54125 3.91127 242 250 241
0.0923047 -1.31741 3.27749 120.4 86.5333 54.7333
0.0854538 -1.22284 3.22956 91.3333 66.3333 34.8333
0.0832045 -1.24757 3.41764 55.8971 39.7279 16.3456
0.075091 -1.25098 3.45055 50.3636 35.9697 16.0303
0.0914183 -1.18288 3.41174 51.8846 40.8077 18.6923
0.0874985 -1.17523 3.45837 68.2874 56.3952 36.2216
0.11796 -1.0875 3.35755 87.1554 68.5044 45.4428
0.119019 -1.01867 3.34665 88.97 71.3412 49.8991
0.116646 -0.940198 3.34053 92.1856 73.5443 51.8722
0.118802 -0.863213 3.33955 93.2719 76.4818 56.5846
0.0720663 -0.770697 3.32469 94.729 80.8411 58.243
0.135867 -0.78875 3.33048 93.1278 78.2244 57.6648
0.11854 -0.706315 3.3232 95.5429 80.9905 57.2286
0.118569 -0.709079 3.32808 95.74 80.9467 60.4867
0.132061 -0.62726 3.32093 95.9615 83.7811 64.7515
0.0908702 -0.638308 3.32832 98.0472 84.4173 62.8346
0.118805 -0.552056 3.31743 98.2378 86.0396 66.8252
0.140394 -0.575995 3.32867 98.6207 85.8966 66.3793
0.118499 -0.476274 3.3101 100.64 88.9428 67.7415
0.11906 -0.398022 3.30541 101.025 91.5521 71.6
0.118921 -0.319489 3.29827 94.9895 83.1778 67.3326
0.121302 -0.259827 3.27781 122.112 92.2329 62.4458
0.0844657 -0.225667 3.99707 139.691 114.918 89.0309
0.116379 -0.164312 3.99214 115.368 99.7387 75.4839
0.118795 -0.0887625 3.97531 96.7108 82.4337 59.8072
0.118662 -0.00832046 3.95819 104.049 90.5087 68.4104
0.119928 0.0684201 3.97912 110.712 98.7727 76.3485
0.120367 0.14564 3.97783 121.057 106.792 82.8705
0.118474 0.224109 3.96861 110.869 95.3673 72.1866
0.0528955 0.330781 3.91522 112.5 101.125 79.5
0.124485 0.295178 3.96227 106.882 92.7605 70.057
0.076934 0.396791 3.75859 123.329 109.699 92.1233
0.101901 0.379016 3.8705 112.327 102.481 81.2885
0.148142 0.376716 3.96192 104 92.3356 75.0268
0.0607758 0.427646 3.7626 127.8 119.667 98.4
0.0824031 0.441392 3.86746 126.968 116.677 98
0.13654 0.463913 3.96046 123.715 113.769 95.8306
0.0504905 0.572048 3.5596 156 149 135.5
0.178595 0.571216 3.57193 166.4 154 132.8
0.114656 0.552612 3.89078 117.605 106.19 90.61
0.119134 0.517396 3.95626 123.217 112.682 94
0.114559 0.619204 3.55573 180.395 160.401 140.024
0.138627 0.586139 3.56997 173.22 153.927 134.11
0.116926 0.593106 3.89157 121.682 107.586 94.9873
0.145996 0.611381 3.92521 126.75 104.5 95.5
0.123054 0.690071 3.55704 188.557 165.914 145.859
0.0811267 0.697777 3.56729 189 166.533 147.867
0.118045 0.767562 3.55543 199.273 172.073 152.788
0.119474 0.844741 3.55364 212.021 180.309 159.735
0.117791 0.92172 3.54328 226.652 189.265 169.27
0.119459 1.00094 3.54617 241.267 201.422 183.033
0.118575 1.0771 3.54137 244.598 218.229 196.466
0.121751 1.15585 3.53888 243.904 242.998 219.844
0.119171 1.23416 3.53515 242.07 249.942 240.574
0.118388 1.30957 3.53079 242 250 241
0.124123 1.35435 3.53485 242 250 241
0.0925946 1.53976 3.91749 242 250 241
0.142364 1.5424 3.93142 242 250 241
0.269698 -1.08428 3.3502 89.2742 66.6452 45.6161
0.265554 -1.01787 3.34514 90.5979 70.3596 47.583
0.268893 -0.940928 3.34556 91.3579 72.9979 51.8358
0.269585 -0.862674 3.33863 93.0275 76.3538 53.2182
0.241746 -0.75408 3.32453 91.5357 74.4286 52.8929
0.270108 -0.788407 3.33658 94.4653 75.1029 54.5503
0.334183 -0.687155 1.7658 72.7283 40.0109 19.1522
0.263475 -0.704322 3.32092 100.017 83.0224 65.1961
0.2786 -0.715458 3.33106 97.1395 82.2248 64.4961
0.275674 -0.614415 1.58592 78.6394 48.8141 25.7584
0.322712 -0.632617 1.7594 59.8 33.0125 13.7125
0.335493 -0.624427 1.78823 57.9556 29.8667 11.9111
0.269922 -0.627659 3.3188 100.682 84.8889 63.9978
0.21076 -0.65653 3.32793 100.394 82.5455 65.8182
0.263902 -0.553572 1.57446 55.878 34.1274 15.7371
0.30643 -0.556111 1.76305 67.98 44.325 24.415
0.332401 -0.538 1.82318 78.7556 53.0667 27.5333
0.268139 -0.552755 3.31909 97.9027 81.759 67.055
0.243763 -0.572488 3.32671 99.5455 83.1818 61.8182
0.240204 -0.445954 1.51815 67.9048 47.869 18.25
0.252575 -0.487323 1.56562 75.2284 51.6853 30.8985
0.285614 -0.465407 1.74871 136.735 93.7687 56
0.321794 -0.467765 1.81423 115.925 76.8423 45.9821
0.267008 -0.475943 3.31628 109.876 95.1857 74.8755
0.236217 -0.429544 1.52057 110.671 74.1 48.6429
0.241741 -0.42803 1.59194 141.837 99.8488 62.2093
0.266305 -0.427141 1.70249 144.631 102.379 69.9903
0.320788 -0.430462 1.82503 144.826 103.686 67.0581
0.265961 -0.397372 3.30821 107.413 93.6069 74.4859
0.266089 -0.319136 3.30184 96.9838 82.7131 65.3455
0.248231 -0.282635 3.98313 127.5 98.5 67.5
0.267815 -0.263711 3.28385 120.745 86.3906 59.4688
0.317846 -0.258243 3.77515 110.333 89.5714 75
0.327356 -0.235274 3.84408 129.024 105.5 57.1429
0.271115 -0.234056 3.98305 137.287 114.453 76.1031
0.266657 -0.16621 3.9949 101.456 86.2663 61.5976
0.26725 -0.0868191 3.98613 95.7722 79.1278 58.2972
0.267847 -0.00850444 3.9731 97.6144 83.047 61.8119
0.266557 0.0678627 3.96178 101.123 90.6757 68.2132
0.26713 0.146521 3.97942 105.934 94.6703 75.6209
0.26744 0.225082 3.97566 101.172 88.5325 70.8491
0.290943 0.319854 3.7943 120.737 88.0526 80.1579
0.270726 0.313977 3.84214 125.103 90.1026 76.4103
0.264577 0.281657 3.97266 97.1184 83.4803 67.3092
0.294508 0.368584 3.79057 118.568 103.989 93.3864
0.243885 0.380914 3.88548 115.541 97 85.6475
0.211182 0.403315 3.95412 104.769 91.7436 83.6923
0.295819 0.428366 3.89269 126.304 116 101.87
0.26226 0.462246 3.96564 119.422 109.432 96.9408
0.199008 0.569634 3.56485 167 157 135
0.302529 0.568887 3.56913 166.9 151.45 132.55
0.268844 0.549702 3.89233 121.014 109.231 95.7647
0.268872 0.51517 3.96098 125.313 113.764 103.912
0.251631 0.622116 3.55917 187.233 164.41 146.271
0.282901 0.602034 3.56782 183.049 161.218 143.976
0.261556 0.591072 3.89116 126.669 111.713 96.275
0.267352 0.689881 3.55725 197.714 170.359 150.547
0.286187 0.655382 3.56524 196.222 165.444 148.333
0.274831 0.759605 3.55453 208.05 177.368 156.374
0.242914 0.791319 3.56661 209.88 180.174 156.043
0.268465 0.848763 3.55365 220.506 186.662 166.697
0.260354 0.81895 3.56657 215.968 181.952 161.742
0.264224 0.925665 3.54947 235.182 195.362 177.715
0.327935 0.904747 3.56687 232.882 192.735 172.529
0.268348 1.00156 3.54848 244.745 209.439 189.457
0.271378 1.07873 3.54403 244.349 231.53 208.266
0.267279 1.15556 3.53778 243.128 249.218 229.085
0.267235 1.23209 3.53753 241.971 249.981 240.951
0.267187 1.31105 3.54827 242 250 241
0.324625 1.2825 3.56541 242 250 241
0.252091 1.35524 3.54786 242 250 241
0.213831 1.54055 3.93716 242 250 241
0.396144 -1.18528 3.53656 81.6 63.6 42.2
0.412791 -1.08419 3.3509 86.4882 67.1618 44.9529
0.418309 -1.01954 3.35026 90.6883 69.5795 46.5167
0.414526 -0.941573 3.3442 94.8619 71.9435 49.546
0.410268 -0.862349 3.34112 96.6872 75.6826 53.8014
0.439434 -0.792003 3.32557 94.2105 74.5789 57.6491
0.414215 -0.783071 3.33586 93.4453 73.1241 52.6934
0.345894 -0.687624 1.76782 79.6222 47.5778 23.0889
0.390011 -0.699107 1.83584 71.9553 42.2621 16.4544
0.362081 -0.693099 3.32515 104 84.8537 62
0.421326 -0.708532 3.33122 101.171 83.6133 61.84
0.345636 -0.664481 1.76972 69.5556 42.7778 17.1111
0.380399 -0.634936 1.84761 63.5008 38.0264 16.4413
0.384444 -0.626302 3.32003 100.78 85.5254 58.161
0.449702 -0.634433 3.33034 101.509 84.4957 64.9444
0.37893 -0.555069 1.86621 81.5296 55.8639 31.3314
0.399271 -0.551451 3.31986 97.6429 81.9286 64.7335
0.461669 -0.559041 3.33214 99.7226 83.5182 63.0146
0.373753 -0.469474 1.87673 106.28 72.0633 40.6667
0.405308 -0.453742 1.91007 111.943 77.1321 45.0943
0.413633 -0.474486 3.31535 110.156 93.8821 74.1558
0.464317 -0.506964 3.33617 110.778 95.6667 72.3333
0.363335 -0.428514 1.87488 146.682 104.259 63.9647
0.404133 -0.427183 1.91254 152.831 107.446 69.8434
0.414471 -0.397453 3.3127 108.227 92.6998 75.33
0.415456 -0.320707 3.30769 98.4149 80.1535 65.3817
0.421279 -0.268095 3.28732 122.556 83.7416 58.2809
0.417109 -0.254191 3.77601 106.293 87.9067 64.8933
0.398086 -0.228839 3.85155 127.796 102.628 57.2478
0.412136 -0.21726 3.98293 127 99.5873 60.5397
0.399936 -0.164851 3.9992 99.9257 79.829 54.171
0.411519 -0.0852469 4.0044 96.5677 76.3168 54.264
0.388805 0.0257417 3.90652 109 90.2 66.6
0.41783 -0.0083882 3.98404 107.861 88.0805 62.161
0.395505 0.0537872 3.89412 113.767 95.4167 77.9667
0.418874 0.0710067 3.96236 113.051 97.3686 78.1126
0.417046 0.148878 3.98241 99.2591 85.0549 68.4238
0.417776 0.223975 3.98333 104.941 90.1716 71.6686
0.457683 0.310822 3.71907 137.173 118.692 101
0.409274 0.284641 3.96332 98.4041 85.6781 69.8014
0.447296 0.363345 3.70325 154.73 135.714 120.556
0.396431 0.375774 3.90586 122.303 106.788 94.5758
0.384085 0.385732 3.95635 112.891 97.3913 85.8913
0.416982 0.458125 3.97022 127.935 114.58 101.37
0.395469 0.566592 3.56033 169.727 150.818 129.848
0.434668 0.566696 3.5721 167.727 145.97 123.242
0.413228 0.550434 3.89205 122.359 109.173 98.4682
0.421972 0.514597 3.95971 129.613 114.513 98.1885
0.415838 0.613445 3.56057 190.48 162.897 144.022
0.419668 0.610873 3.5732 189.528 162.584 145.472
0.418611 0.587759 3.9017 125.359 109.233 99.9223
0.417571 0.685868 3.55788 200.523 170.713 153.018
0.409847 0.707074 3.57073 203.458 172.271 154.365
0.415562 0.771288 3.55846 211.89 177.604 162.443
0.420505 0.756155 3.56693 210.031 175.854 158.885
0.415059 0.84507 3.55396 223.37 185.978 167.822
0.452442 0.839637 3.56541 223.583 183.833 167.583
0.419288 0.923634 3.55281 239.085 195.374 175.918
0.347362 0.904014 3.56743 231.778 193.222 173.722
0.413291 1.00263 3.54595 244.824 212.141 191.048
0.449995 0.985521 3.56731 244.898 205.186 190.949
0.418728 1.07799 3.5443 244.349 236.662 210.664
0.416924 1.1578 3.54532 242.503 249.846 236.846
0.417365 1.23416 3.54081 242 250 241
0.41689 1.31105 3.54058 242 250 241
0.454707 1.35553 3.54749 242 250 241
0.385872 1.52436 3.92148 242 250 241
0.421019 1.5212 3.92602 242 250 241
0.507718 -1.13839 3.38097 79.5 59.8333 35.1667
0.502665 -1.08605 3.35057 82.8889 65.8333 41.0926
0.498131 -1.02214 3.34808 86.9444 63.9722 46.4722
0.593842 -0.934237 3.33666 88.2759 58.2414 37.8621
0.569383 -0.850491 3.25512 100.429 66.1429 37
0.61275 -0.874091 3.33307 93.2222 62.5 34.0556
0.593622 -0.759769 1.96579 70.3191 34.977 12.1875
0.514773 -0.765276 3.33667 90.1781 69.7945 54.8767
0.598138 -0.708388 1.96157 62.0104 30.3646 4.55903
0.575755 -0.723734 2.04546 42.2667 20.4 3.2
0.513616 -0.704009 3.3258 106.321 89.25 60.9286
0.562926 -0.705787 3.3337 102.288 82.3664 61.2199
0.597051 -0.594642 1.53676 64 32.6667 0
0.60013 -0.605577 1.60165 77.5213 37.91 7.79147
0.599577 -0.607912 1.71001 74.488 36.3743 5.92814
0.596549 -0.609808 1.8428 70.6931 35.4974 14.1905
0.586645 -0.634075 1.95037 79.1769 41.3248 16.9898
0.566388 -0.60417 3.32559 99.52 84.2 64
0.567035 -0.632207 3.33349 100.059 83.4042 63.8463
0.570889 -0.525169 1.39191 71.5572 39.8607 5.26866
0.575584 -0.537276 1.48456 75.144 35.1821 2.69565
0.580978 -0.551679 1.58473 74.853 36.6892 6.11084
0.58284 -0.554975 1.71701 79.1183 41.1102 7.79301
0.579974 -0.553163 1.8342 82.4382 42.2792 10.5194
0.576545 -0.563162 1.93514 85.296 48.9439 21.2991
0.572872 -0.544021 3.32117 99.352 82.268 65.332
0.556979 -0.560262 3.32853 96.9805 80.6992 64.5859
0.599123 -0.500336 1.35837 166.135 101.96 42.0077
0.59658 -0.496754 1.46957 167.587 104.32 47.0058
0.591702 -0.496796 1.59748 169.095 105.592 53.3094
0.590534 -0.494012 1.71629 172.524 110.064 56.3186
0.591244 -0.492158 1.83954 189.389 120.794 67.1013
0.573426 -0.488437 1.93213 169.732 107.102 62.4798
0.634479 -0.488559 2.01662 105.167 70.6667 46.3333
0.55964 -0.472984 3.32084 110.149 92.6101 75.5468
0.584657 -0.479494 3.32943 109.915 92.1026 77.3504
0.56476 -0.396554 3.31926 109.595 91.5812 72.9922
0.573154 -0.433756 3.32657 109 91 74
0.566053 -0.319779 3.3092 101.783 78.7521 58.5103
0.547886 -0.267801 3.28527 131.578 90.5584 65.2467
0.598366 -0.232614 3.90851 97.0612 86.2245 59.8776
0.561872 -0.224454 3.97297 112.073 93.0671 68.9207
0.628448 -0.166904 3.8817 85.5161 83.7742 51.8226
0.567904 -0.16485 3.96809 123.051 103.153 80.6542
0.63072 -0.0850089 3.88365 106.032 93.1905 74.1905
0.574108 -0.0857323 3.9967 122.183 103.444 85.3288
0.636699 -0.0409861 3.9165 124.5 102.5 82.5
0.567678 -0.0102979 3.98191 99.4598 84.0038 64
0.564636 0.068435 3.98593 99.1065 83.4829 64.1901
0.566507 0.147814 3.98881 114.685 93.0879 63.9455
0.567501 0.222845 3.99042 109.021 90.7663 68.1095
0.584845 0.291876 3.97877 96.3818 80.2727 66.7455
0.603212 0.382059 3.98021 99.0063 88.1195 74.9497
0.567998 0.45705 3.97686 129.787 110.947 98.928
0.543211 0.572644 3.56489 175 141 125
0.557504 0.567481 3.56932 175.19 143.793 124.138
0.564893 0.548949 3.89192 123.806 105.037 94.0278
0.566378 0.515761 3.96095 128.071 109.661 96.5191
0.550638 0.622882 3.56099 190.832 161.218 141.064
0.57454 0.603644 3.56777 187.398 158.598 137.189
0.56225 0.582948 3.8999 126.132 105.487 96.4605
0.567119 0.683667 3.55773 198.948 166.595 148.138
0.562036 0.695786 3.56956 201.529 168.885 150.736
0.55737 0.77388 3.5585 212.931 175.306 157.334
0.58614 0.746769 3.56863 208.081 172.228 152.943
0.554097 0.844926 3.55781 225.06 183.888 166.418
0.582562 0.843372 3.56855 222.172 181.599 164.21
0.562104 0.923395 3.55654 237.132 193.975 177.307
0.590578 0.915047 3.57222 234.294 192.906 170.353
0.564659 0.999898 3.5501 244.849 210.339 190.272
0.567631 1.07872 3.551 244.478 232.749 205.239
0.564774 1.15492 3.55194 243.029 249.254 231.166
0.5659 1.23182 3.54477 241.998 249.998 240.998
0.566538 1.30979 3.54961 242 250 241
0.535298 1.35541 3.54704 242 250 241
0.564326 1.52308 3.94746 242 250 241
0.768246 -1.08794 3.3652 81.4712 52.9519 32.3942
0.737526 -1.01723 3.35395 81.8255 56.9104 32.0377
0.73064 -0.940382 3.34485 84.6746 61.1627 40.4
0.644342 -0.835131 3.31825 101 60 39.75
0.734995 -0.864722 3.34558 87.4 65.3467 40.7333
0.644217 -0.757703 1.96409 49.8519 23.1111 3.66667
0.759942 -0.792573 3.34931 99.3648 67.8742 43.2642
0.647155 -0.712065 1.96171 49.6504 24.8943 4.36585
0.694756 -0.688133 3.3197 103.798 82.7248 65.0275
0.736821 -0.699043 3.34029 99.9275 79 62.4976
0.667608 -0.649903 3.32165 101.642 82.1887 60.4528
0.719025 -0.627606 3.33435 99.6127 80.779 62.0766
0.721068 -0.544883 3.31881 99.2736 80.7689 57.9575
0.70638 -0.555397 3.33231 98.5784 81.0139 58.7282
0.68587 -0.499423 1.36833 197.393 120.682 59.0728
0.705935 -0.49556 1.47589 191.765 119.163 59.3017
0.71161 -0.495706 1.59844 188.453 117.992 61.1153
0.727553 -0.491088 1.71244 180.877 113.985 58.7572
0.70182 -0.490016 1.82424 209.544 134.364 71.7065
0.71331 -0.490191 1.93275 204.49 127.861 74.0558
0.695106 -0.498151 2.04328 140.143 92.5 55.7143
0.72489 -0.47516 3.3218 106.576 87.4747 65.1246
0.702423 -0.473649 3.33156 108.904 89.8125 70.6442
0.707531 -0.398482 3.31796 108.564 88.6527 70.1946
0.744339 -0.394835 3.33089 105.825 85.2062 70.2062
0.712748 -0.320266 3.30879 98.2795 76.0787 55.1408
0.778235 -0.352115 3.3304 96.4444 82.2222 66.8889
0.707454 -0.285378 3.77 97.2857 64.7143 51.9048
0.715224 -0.272924 3.29301 143.742 94.879 65.6048
0.698402 -0.266994 3.77774 90.7748 73.9459 51.5405
0.693626 -0.237267 3.87692 79.1707 66.0366 41.122
0.6948 -0.232273 3.96988 76.6229 65.5984 47.2377
0.6575 -0.16503 3.88081 81.9506 77.9259 49.9259
0.721049 -0.165304 3.993 88.5271 67.1783 50.1473
0.659549 -0.084005 3.87695 100.647 85.9176 70.8
0.723533 -0.0838124 3.98899 100.803 75.1667 64.6212
0.650988 -0.0410622 3.91856 123.75 103 82.375
0.714577 -0.00791547 3.99301 94.5429 78.6508 64.3429
0.715003 0.0682061 3.99602 83.2022 72.0984 53.735
0.714502 0.145891 3.99097 104.45 84.7118 59.2176
0.714735 0.223996 3.98694 94.9451 76.1456 56.4725
0.767462 0.307684 3.73412 133.432 108.955 86.1591
0.780727 0.277738 3.86503 105.75 78.5 75.75
0.693234 0.294977 3.98108 87.8812 72.9187 58.5125
0.764778 0.369052 3.72742 157.136 138.898 126.864
0.781017 0.412762 3.81304 157 136.333 126.333
0.673948 0.380139 3.98591 90.6111 78.4931 65.7014
0.710231 0.459614 3.97997 115.83 98.1451 84.7685
0.718203 0.565705 3.57611 166.211 139.711 122.263
0.711577 0.549946 3.89727 118.222 98.599 87.599
0.715121 0.515246 3.96084 115.431 100.528 89.6853
0.714667 0.611897 3.57521 190.04 157.969 138.073
0.721161 0.58036 3.91455 121.5 97.7391 90.9783
0.723484 0.589643 3.92625 122.674 99.7442 91.1628
0.761009 0.703622 3.56162 200.916 166.395 148.697
0.699313 0.684804 3.57125 199.794 165.87 147.574
0.741325 0.770318 3.56218 214.821 172.714 149.628
0.692385 0.765582 3.5698 211.968 173.156 150.636
0.712085 0.852914 3.5593 224.964 183.149 162.178
0.715732 0.833353 3.56886 221.187 180.56 157.319
0.709556 0.923041 3.55529 239.53 191.01 174.093
0.755015 0.917782 3.57037 235.02 189.571 172.163
0.706179 1.00005 3.55399 244.879 205.067 186.528
0.743622 1.00355 3.56848 244.972 203.292 185.792
0.713317 1.07775 3.54926 244.639 227.951 202.43
0.711893 1.15517 3.54968 243.531 248.267 226.564
0.783704 1.18618 3.5663 242 249.125 236.5
0.708778 1.23366 3.55074 241.998 249.998 240.998
0.783923 1.23476 3.56885 242.105 250 241
0.712585 1.3083 3.54707 242 250 241
0.783659 1.27364 3.56886 242 250 241
0.691511 1.35589 3.55351 242 250 241
0.702571 1.51663 3.95043 242 250 241
0.90245 -1.22149 3.54199 44 23 17.75
0.860987 -1.14429 3.40107 84.4167 54.8333 32.1667
0.906074 -1.1922 3.52129 78.2 49.6 25.9
0.865742 -1.09246 3.36585 85.3466 60.0662 36.9845
0.861225 -1.0199 3.36399 87.5328 63.002 38.4871
0.863196 -0.941727 3.3566 88.9085 66.0874 43.6585
0.854627 -0.865497 3.35135 90.1605 69.093 44.7791
0.85379 -0.784428 3.34622 92.5118 71.5782 49.9122
0.863555 -0.708441 3.34033 95.9333 73.6876 52.5448
0.864097 -0.630907 3.33687 97.7596 77.3442 53.35
0.887261 -0.515824 1.67118 190.143 111.857 41
0.814951 -0.517414 3.32412 98.25 81 55.5
0.863107 -0.554365 3.33185 101.032 79.5661 61.3511
0.796093 -0.496619 1.5038 193.333 113.641 52.5897
0.816099 -0.499071 1.5999 185.426 109.539 51.2862
0.844089 -0.491927 1.70413 168.162 100.222 45.4043
0.864704 -0.491156 1.8183 197.69 122.148 63.331
0.862198 -0.493288 1.94243 181.408 114.419 53.1321
0.812236 -0.495008 2.03944 101 55 43.5
0.842121 -0.477167 3.31985 103.764 82.3979 59.5282
0.890054 -0.473689 3.32959 104.33 83.3133 62.588
0.85577 -0.394444 3.32106 104.021 83.9859 64.8282
0.891847 -0.415702 3.32833 104.602 84.5484 64.0107
0.86128 -0.322077 3.31198 93.9693 69.9448 49.2863
0.909842 -0.319318 3.33794 85.1515 58.1515 43.0606
0.919331 -0.289742 3.87228 177.188 131.938 78.25
0.925719 -0.287405 4.02465 135.222 90 58.2222
0.858768 -0.272531 3.29369 146.164 94.3534 59.3966
0.928433 -0.270153 3.87523 112.933 73.8667 48.6667
0.918733 -0.24386 4.01865 86.6937 62.5766 43.1802
0.846068 -0.176879 3.90017 77.25 58 40
0.903941 -0.164982 4.01002 95.2331 70.0677 52.8421
0.919753 -0.0862784 4.01863 93.9494 66.2785 49.1646
0.87627 -0.00294195 4.00468 75.5037 66.6903 55.0933
0.862373 0.0686725 3.99717 74.1831 64.031 51.6761
0.863637 0.144622 3.99606 80.0525 67.4257 51.5306
0.86358 0.223211 3.99386 93.4553 71.4878 53.1545
0.791928 0.27771 3.86655 106.25 79.5 75.25
0.851875 0.270347 3.9911 92.7083 67.8125 58.1875
0.872882 0.365668 3.7801 94.3333 72.8889 56.6667
0.90702 0.381762 3.84336 69.8571 62.7619 58.2857
0.80418 0.433337 3.90787 155.667 135.333 121.333
0.856629 0.470999 3.9693 111.168 92.0882 80.395
0.859546 0.563288 3.57911 161.86 136.523 115.589
0.869527 0.562391 3.75337 113.5 91.4 84.2
0.862964 0.541774 3.89607 104.564 88.1903 76.8789
0.855944 0.509934 3.94826 96.2269 80.6218 73.5462
0.886944 0.612087 3.56437 184 156.429 137.429
0.86415 0.611777 3.57811 186.592 155.562 136.651
0.822213 0.58022 3.90572 113.306 91.0833 84.6667
0.838603 0.706926 3.56381 203.329 162.882 145.066
0.868698 0.686108 3.57495 199.153 161.314 144.421
0.82274 0.797264 3.55924 212.516 174.387 155.097
0.86623 0.764727 3.56938 208.986 168.564 150.884
0.860042 0.844788 3.56011 219.265 178.638 157.716
0.868325 0.8435 3.57133 218.365 177.399 159.13
0.869088 0.925042 3.55915 233.237 189.697 167.785
0.849849 0.915307 3.57008 232.589 187.596 167.674
0.863124 1.00705 3.55177 244.745 202.861 180.485
0.848367 0.981879 3.56988 243.832 197.275 176.947
0.859354 1.08109 3.54865 244.751 221.904 201.238
0.926487 1.06172 3.56709 245.632 209.711 192.316
0.86813 1.15062 3.55117 244.142 243.924 218.627
0.841635 1.1828 3.57538 242.892 249.486 235.23
0.867722 1.23369 3.54591 242.078 249.97 240.322
0.81274 1.22199 3.57081 242.088 249.985 239.882
0.857769 1.30291 3.55055 242 250 241
0.836973 1.30334 3.56603 242 250 241
0.873443 1.50209 3.94124 242 250 241
0.942984 -1.06979 3.37098 89 61.375 21
0.944852 -1.01816 3.36988 90.375 63.2083 31.0417
0.945931 -0.940746 3.3658 90.1569 64.1765 42.5098
1.01464 -0.766602 3.35076 95.9387 71.4713 48.4866
1.01225 -0.708653 3.34442 96.5444 74.069 51.5582
1.01084 -0.62982 3.33493 97.9079 76.6276 53.7294
0.972813 -0.519394 3.32542 102 82.2632 56.2105
1.01388 -0.55412 3.33816 101.217 79.4266 59.1879
0.967593 -0.500807 1.8367 190.449 116.898 55.1633
0.963739 -0.499713 1.94373 185.541 113.27 55.2297
0.969276 -0.467949 3.32371 105.119 82.9505 63.1287
1.0228 -0.475852 3.33083 104.279 82.4619 58.2048
0.99131 -0.394384 3.3211 102.511 84.5376 62.6466
1.03078 -0.401881 3.32977 104.372 84.5749 59.4372
1.00071 -0.316849 3.31435 96.9693 65.2583 40.9054
1.05452 -0.331371 3.33464 85.4961 61.5748 38.5354
0.940004 -0.287776 4.03483 134.5 88.5 56
1.01968 -0.271579 3.30972 165.278 114.878 82.5217
1.02231 -0.243921 3.35901 191.956 145.399 103.751
1.02914 -0.217135 3.47204 211.885 164.462 114.846
0.944329 -0.264065 3.88387 102.071 65.5 44.6429
0.993461 -0.225457 3.99665 96.6159 72.3775 56.0728
1.01457 -0.228097 4.06266 102 78 58
1.06885 -0.164386 3.52216 177.485 136.038 100.523
1.00628 -0.162056 4.01229 106.818 83.5643 62.116
1.0717 -0.0893659 3.52285 180.088 138.768 108.992
1.00852 -0.0870109 4.01086 107.244 82.3482 59.3065
1.07249 -0.0282353 3.52131 181.468 137.129 105.161
1.01047 -0.00776668 4.00832 80.7521 70.9554 63.7103
1.01272 0.0686281 4.00086 72.689 60.7384 49.7529
1.01209 0.146841 3.99823 71.5403 59.0054 51.0995
1.0121 0.222182 3.99714 66.5138 54.3272 46.578
1.04644 0.327611 3.74164 64.1471 52.1765 41.5
0.989353 0.28329 3.99215 77.5119 59.2143 51.2619
1.04799 0.353833 3.73033 66.4762 53.7143 39.9048
0.956942 0.364072 3.97753 64.0769 52.3846 50.2308
1.07529 0.446644 3.90301 88 73.0333 65.6
1.01546 0.466674 3.97996 89.2364 76.0145 68.1673
1.01356 0.561321 3.57646 158.643 134.705 116.488
1.01201 0.547029 3.91013 106.633 87.5169 77.6377
1.01549 0.518189 3.95857 101.446 83.5347 75.7871
1.0121 0.61254 3.57981 183.256 149.313 131.286
1.03937 0.576806 3.91616 108.6 89.1 80.1
0.998068 0.584808 3.93506 110.106 92.2273 83.1364
1.02187 0.723091 3.55588 193.292 159.375 135.5
1.01166 0.688251 3.57325 191.896 155.14 137.959
1.00501 0.769085 3.55977 198.942 164.451 144.052
1.01268 0.767434 3.57209 200.694 161.583 143.372
0.994654 0.844067 3.55897 210.372 171.455 155.007
1.01811 0.846458 3.57631 210.552 170.451 155.623
1.01129 0.926375 3.55739 223.557 181.835 161.938
1.0183 0.916113 3.57442 222.434 179.601 160.424
1.01157 1.00625 3.55045 238.926 193.408 176.982
1.00527 0.982574 3.57283 233.805 188.883 169.961
0.999299 1.07517 3.55211 244.896 207.421 188.544
1.03596 1.09152 3.57065 244.836 208.134 186.067
1.01259 1.15004 3.54956 244.686 230.552 204.292
1.00912 1.16367 3.56994 244.523 234.068 206.591
1.02592 1.23943 3.55538 242.688 249.89 235.468
0.999844 1.22696 3.56902 243.081 249.089 230.494
1.00511 1.30016 3.55142 242 250 241
1.03622 1.28511 3.56925 242 250 241
1.16167 -0.766079 3.34972 94.9777 69.4238 47.7993
1.15987 -0.707405 3.34924 95.8128 72.6569 46.4275
1.21767 -0.631909 3.32476 96 74.6154 57.4359
1.1598 -0.6313 3.34887 98.4688 74.2777 50.8431
1.15871 -0.55237 3.33783 101.613 77.2423 53.4901
1.23093 -0.461992 2.40977 44.625 25.75 6.125
1.14629 -0.457128 3.32551 104.169 81.0923 55.5538
1.16356 -0.477355 3.33415 102.775 80.3517 56.5911
1.14384 -0.392273 3.32153 102.895 80.8885 57.387
1.17841 -0.402131 3.33126 103.727 81.4416 60.3377
1.16015 -0.315508 3.30931 104.695 68.3901 47.4515
1.15521 -0.336001 3.33216 87.5948 63.2672 44.3534
1.15003 -0.273452 3.30129 208.791 148.244 104.314
1.13641 -0.239252 3.41263 241.377 190.253 144.89
1.1196 -0.216865 3.46459 240.76 208.72 150.18
1.231 -0.241251 3.62345 203 147 119
1.10629 -0.230849 4.01285 85.0862 57.4828 43.1897
1.11508 -0.166887 3.51648 183.176 137.604 108.321
1.19244 -0.178674 3.64064 142.562 101.344 72.6562
1.22454 -0.191479 3.70614 114.6 79 53
1.11292 -0.167349 4.01591 93.6271 70.0508 44.3729
1.10869 -0.0846118 3.50671 185.124 139.628 109.971
1.2235 -0.103197 3.71362 143.692 104.923 71.6923
1.11187 -0.0816578 4.01158 80.7787 58.7213 43.5738
1.10858 -0.0257721 3.51919 176.579 130.382 105.461
1.12245 0.0125758 3.62232 114.674 70.2093 64.4186
1.12571 -0.0106793 4.00628 67.3571 56.3429 48.7476
1.12426 0.0398505 3.64526 126.69 58.2414 53.3793
1.11559 0.0422059 3.68445 118 56.6 46.2
1.14002 0.0738166 4.0071 67.1272 54.2763 45.7193
1.16048 0.145817 4.00578 64.7682 58.9111 55.7978
1.16251 0.223889 4.00275 64.4337 54.0801 52.0359
1.13719 0.269189 4.00155 72.907 50.907 48.1163
1.09339 0.44682 3.90648 91.8889 75.4444 66.6667
1.17024 0.465877 3.98059 100.379 82.8723 67.7574
1.16005 0.562633 3.5858 158.105 129.726 116.048
1.16294 0.548004 3.91222 104.158 80.8009 70.7738
1.16041 0.51572 3.96138 101.929 81.9439 73.3775
1.16257 0.611498 3.579 173.956 142.285 124.891
1.15972 0.576434 3.91901 107.143 84.1429 79.1429
1.17406 0.583769 3.9408 109.135 84.1346 78.6154
1.16011 0.689586 3.57792 182.729 148.394 130.006
1.10963 0.768879 3.56448 198.182 157.273 144.455
1.16138 0.766787 3.577 190.96 154.694 138.387
1.15952 0.844889 3.57681 200.524 161.685 146.605
1.14038 0.944511 3.56056 217.594 175.474 158.647
1.1665 0.913873 3.57225 210.784 168.254 155.131
1.15329 1.00297 3.55468 225.922 181.975 166.207
1.18826 0.990116 3.56938 219.697 175.708 161.416
1.1745 1.07455 3.55612 236.249 190.881 172.839
1.1274 1.08735 3.57268 242.013 198.968 178.051
1.15963 1.15855 3.55645 245.119 212.359 191.492
1.16575 1.15022 3.56858 244.303 209.317 185.993
1.18155 1.23378 3.55471 244.47 238.205 208.792
1.12453 1.23566 3.57177 243.556 244.02 224.815
1.17432 1.29688 3.54674 242.5 250 236.33
1.11495 1.3001 3.57556 242 250 241
1.31177 -0.768885 3.35823 92.119 67.466 36.9966
1.31005 -0.708291 3.35219 92.0451 70.0614 41.5325
1.31108 -0.630684 3.34418 97.1095 72.9033 44.1223
1.31053 -0.554211 3.34685 101.223 74.922 53.5461
1.25695 -0.456862 2.39449 45.1304 21.3043 10
1.28378 -0.470546 3.32406 104.358 80.1158 46.5474
1.31353 -0.475038 3.34113 102.815 80.0674 53.4087
1.33351 -0.378697 3.32531 102.632 78.4737 51.5789
1.31027 -0.397877 3.33631 104.853 79.8386 55.7328
1.33148 -0.313617 3.31885 105.8 66.95 36.6643
1.28928 -0.325112 3.33148 100.662 64.5741 42.8251
1.35393 -0.282654 3.48475 162 116 77
1.3388 -0.275237 3.31294 141.333 97 50.3333
1.27852 -0.275997 3.35154 178.263 125.316 81.1754
1.33796 -0.247562 3.50847 169.546 121.423 86.4615
1.31586 -0.227782 3.63685 168.939 124.99 89.7653
1.30948 -0.229948 3.70102 120.632 76.924 55.5263
1.36171 -0.16419 3.51359 137.952 101.61 70.3529
1.32917 -0.161675 3.65323 133.236 95.1042 67.1181
1.29743 -0.169107 3.70391 104.995 69.2183 48.3046
1.36199 -0.0892389 3.52326 147.333 106.439 78.1667
1.31097 -0.0820818 3.64326 132.807 89.6241 63.8504
1.27644 -0.0882482 3.70178 114.453 77.0803 56.3796
1.36636 -0.0112187 3.51556 156.302 117.012 83.8704
1.30103 -0.0166019 3.65513 127.175 85.3505 59.0155
1.29682 -0.00569227 3.73007 113.39 76.2152 49.5291
1.26534 -0.0222098 3.8253 94.0526 62.4737 46.7368
1.36918 0.0391443 3.53945 195.964 152.107 99.5714
1.27903 0.0698957 3.64331 117.116 76.6964 52.7054
1.26813 0.0624947 3.73913 104.742 65.0083 43.5833
1.26081 0.0855251 3.85576 92 55.36 35.8533
1.24834 0.0940005 3.97366 85.3 55 29.8667
1.25601 0.136511 3.64874 101.736 70.5694 37.9444
1.25598 0.159064 3.72388 105.926 69.4074 42.1852
1.26994 0.138841 3.86048 89.9118 59.4559 40.0956
1.2516 0.144469 3.99235 73.2155 57.5172 45.0086
1.38148 0.237982 3.52082 173.706 129.471 88.6471
1.36981 0.2398 3.8919 77.48 52.24 38.16
1.31353 0.227402 3.99708 64.8051 54.4456 42.3392
1.38167 0.292802 3.51655 170.706 130.471 93.8824
1.34693 0.325161 3.79879 115.895 88.4737 63.6316
1.33204 0.302431 3.84063 109.825 81.625 59.0429
1.29586 0.296644 3.99274 79.5922 57.835 46.2913
1.38281 0.344454 3.47326 160 124 77
1.34878 0.365446 3.79314 113.933 87.5506 67.9438
1.3168 0.365667 3.849 109.752 87.2685 72.8658
1.29663 0.384409 3.98702 89.6524 68.4332 57.2139
1.3788 0.450508 3.48033 171.5 133 91
1.38075 0.445934 3.65472 139.4 113.133 76
1.38257 0.490652 3.7293 112.5 89.5 71
1.3746 0.422218 3.91416 95.4 71.4 69.4
1.31351 0.457751 3.99342 99.2121 80.9394 68.5076
1.32388 0.555792 3.59436 131.402 102.54 87.9206
1.38258 0.498554 3.72935 102 83 62
1.30822 0.541545 3.90965 94.6121 72.7636 66.9636
1.31757 0.52378 3.96178 94.855 73.9926 67.3494
1.30345 0.644808 3.56043 153.25 125 105.5
1.30887 0.612408 3.58546 149.66 121.782 102.181
1.37944 0.578152 3.91578 94 80 60.5
1.31891 0.586614 3.96118 105.722 81.8101 72.5316
1.30097 0.674397 3.56038 156.264 127.375 110.569
1.30765 0.691818 3.5794 156.959 125.222 106.051
1.32691 0.779778 3.5602 161.48 127.89 108.41
1.30106 0.7641 3.57819 166.298 132.524 115.589
1.35144 0.816541 3.56338 153.667 120.719 103.632
1.30246 0.849058 3.57557 175.604 139.465 122.425
1.30829 0.923813 3.57516 181.19 145.049 128.311
1.35115 1.01328 3.55783 174.363 134.389 119.699
1.30126 0.997539 3.57278 193.894 155.772 136.804
1.29734 1.08642 3.56071 212.067 168.618 149.479
1.31579 1.07358 3.56975 200.213 160.21 140.163
1.29434 1.1587 3.55306 228.798 184.173 164.413
1.34159 1.14672 3.57285 207.544 163.069 143.325
1.28989 1.23746 3.55151 243.997 208.592 181.977
1.34906 1.2285 3.57128 227.362 181.969 158.331
1.30624 1.29314 3.54968 244.598 231.886 208.443
1.33552 1.29945 3.5768 245.021 232.468 204.404
1.39209 -0.763254 3.36165 86.7586 62.2759 32.8621
1.39177 -0.703467 3.35127 86.9038 61.6154 42.3846
1.39203 -0.62775 3.34226 87.7759 68.2241 36.3966
1.39518 -0.557505 3.35355 98.9028 71.3472 50.6528
1.39508 -0.475738 3.34077 100.161 72.6092 50.2989
1.39586 -0.399214 3.33893 100.247 75.0494 50.4321
1.39718 -0.299233 3.32198 109.792 66.6875 45.5833
1.39678 -0.337209 3.33225 93.24 67.94 42.5
1.39938 -0.275684 3.32494 121 80.3333 52.6667
1.39256 -0.222944 3.50233 95.1143 63.1714 37.0286
1.48096 -0.165105 3.39381 98.5473 74.8557 56.8358
1.39646 -0.163774 3.49266 94.5545 65.9455 41.4636
1.40206 -0.0898661 3.49916 108.035 72.6504 48
1.40604 -0.00189904 3.44074 116 82.1765 54.8235
1.39691 -0.0083115 3.48155 137.834 94.7379 62.3586
1.39177 0.00127319 3.76081 170.667 125.667 98
1.39574 0.0653184 3.49748 164.881 126.026 79
1.39676 0.0804831 3.59039 166.373 130.313 84.4627
1.39745 0.0869728 3.79334 107.628 79.2093 47.5349
1.39335 0.0889237 3.86243 93.359 66.8205 31.4103
1.39988 0.137857 3.50655 156.962 119.692 85.2436
1.40058 0.138202 3.60769 163.847 125.51 88.7347
1.39992 0.135077 3.74461 122.821 95.6964 62.3661
1.39438 0.146545 3.84386 92.0101 70.2626 48.303
1.39302 0.157302 3.94142 81 63.6667 51.5
1.4785 0.247881 3.36286 125.331 100.594 83.1504
1.39391 0.221371 3.53009 171.138 128.277 87.1385
1.39377 0.213004 3.64929 152.164 115.8 68.3455
1.40352 0.236487 3.73788 132.145 96.6711 61.7237
1.40188 0.219861 3.86813 88.0603 61.7931 45.8276
1.38839 0.215695 3.94798 65.8696 52.8696 40.4783
1.47893 0.268392 3.35763 129.18 112.1 96.84
1.39263 0.295571 3.50461 162.789 123.763 83.1447
1.39575 0.306922 3.62442 168.943 128.047 90.8208
1.39998 0.301097 3.75514 129.444 94.3521 65.4718
1.39342 0.291075 3.82768 110.349 75.186 56.5349
1.40404 0.407195 3.5104 159.238 117.381 66.8095
1.40036 0.382315 3.65011 160.864 122.407 70.1864
1.40307 0.374355 3.76313 122.776 92.4925 61.8134
1.39735 0.397399 3.82224 104.921 81.9211 54.7632
1.3894 0.445256 3.44516 144.667 107.167 80.6667
1.39682 0.434882 3.49403 158.673 118.212 76.9423
1.39597 0.448343 3.63098 164.607 126.571 84.7143
1.40996 0.445523 3.76971 120.58 95.8 64.8
1.40406 0.458432 3.86703 97.3313 76.9202 58.5706
1.39189 0.464907 3.95147 84.25 70.1833 53.5167
1.38999 0.549169 3.61275 108.842 75.8947 72.4211
1.40349 0.518847 3.73161 94.9492 69.1695 56.7627
1.3953 0.527534 3.86853 90.9062 68.1406 57.1172
1.38825 0.508934 3.95885 81 64.5 61.4
1.49708 0.635332 3.35308 99.7778 74.5556 68.9444
1.3909 0.613538 3.59761 121.528 93.8056 80.5278
1.3876 0.578085 3.91689 93 78.25 50.25
1.39266 0.694516 3.59546 128.206 96.4706 84.2059
1.39038 0.763819 3.59567 135.079 106.026 85.6053
1.38929 0.85539 3.57551 138.083 109.208 89.625
1.39171 0.919882 3.57792 143.102 112.469 95.3265
1.38872 1.01771 3.55129 162.125 120.125 108.625
1.38871 0.974027 3.57564 150.938 115.125 106.188
1.42786 1.0749 3.47272 137.4 115 99.6
1.39295 1.08726 3.56975 167.463 133.927 105.366
1.39105 1.15722 3.57264 185.28 145.28 127.64
1.38421 1.26459 3.55543 242.333 177.333 171.333
1.39313 1.23384 3.58047 217.688 164.354 144.542
1.38423 1.28203 3.55571 243.25 193.75 178.25
1.38913 1.31006 3.57752 243.75 223.75 198
1.64604 -0.443879 3.37112 83.4 68.5636 35.9636
1.6326 -0.393804 3.35954 96.0888 81.047 57.6005
1.62797 -0.321241 3.36089 83.4258 76.5983 60.786
1.63532 -0.242116 3.3759 85.9124 78.6572 60.6881
1.6359 -0.177673 3.37327 96.5743 90.3855 64.4538
1.73564 -0.440942 3.3896 79.1 58.85 34.6
1.7347 -0.397153 3.37209 85.0246 75.0769 55.88
1.73051 -0.319557 3.3667 79.7105 75.9854 55.7193
1.72541 -0.241225 3.36613 88.1765 82.2059 56.7166
1.72348 -0.176535 3.36947 89.1754 84.4693 69.7237
1.81856 0.218977 3.49413 69 45 33.5
1.74585 0.436287 3.3537 92.5 62.375 48
1.7656 0.878976 3.40434 113.75 96.25 71.5
1.7657 0.886036 3.40439 113 95 64
2.92351 1.73308 5.65386 121.6 93.6 82.6
2.93321 1.73792 5.6552 125 92 85
3.16514 0.449485 6.068 193.4 156.4 109.8
3.17011 0.459481 6.06873 197 162 112
