-5.79038 2.56156 6.5362 64.375 51.875 22.625
-5.77817 2.57399 6.53829 64 56 34
-5.60075 2.51159 6.32397 67.5556 50.2222 25.8889
-2.70519 -0.282302 3.07021 32.8333 31.1667 13.3333
-2.70304 -0.242196 3.06885 36.8299 28.4479 7.46528
-2.73132 -0.0948246 3.06091 34.375 32.25 5.75
-2.67945 0.0894146 3.05426 48.7 34.85 6.15
-2.66502 0.279965 3.05907 42.913 36.3043 22.3913
-2.63736 0.501445 3.01389 45 43.3333 20.6667
-2.63985 0.511579 3.01896 45.3333 45.3333 25
-2.51711 -0.600895 3.06618 19.687 15.8626 4.1145
-2.52835 -0.517372 3.06203 22.2023 17.1613 3.49853
-2.5437 -0.430834 3.05096 21.0943 19.0337 4.00673
-2.53388 -0.32825 3.05049 25.2101 18.503 4.73669
-2.53525 -0.231941 3.05245 29.1077 22.6657 4.68232
-2.52143 -0.123969 3.01638 27.6538 21.3769 3.76923
-2.51051 -0.13822 3.04322 29.2157 24.7778 8.24183
-2.53804 -0.0161821 3.01262 30.5067 22.4667 8.30667
-2.50427 -0.0243315 3.03819 32.8832 24.2991 10.7383
-2.56242 0.0722656 3.01228 35.4 27.392 7.256
-2.50953 0.0611712 3.03996 37.2025 26.3713 9.40928
-2.51716 0.185836 3.01124 36.4024 26.9817 5.98171
-2.51122 0.162669 3.04337 36.5973 29.1176 10.2353
-2.49845 0.260088 3.00876 33.5556 30.3791 10.1895
-2.56901 0.266432 3.03693 40.5309 32.3704 16.8148
-2.4991 0.357949 3.00723 39.1965 29.8341 11.5808
-2.51304 0.362106 3.03505 47.1711 32.8947 17.5526
-2.49252 0.463951 3.00396 41.8309 32.7206 15.8934
-2.54242 0.424035 3.03468 35.7895 28.7105 10.4211
-2.49795 0.555114 3.00159 39.2166 32.1336 20.3041
-2.56239 0.558039 3.02756 39 30.1667 20.0833
-2.49868 0.659899 2.99629 41.881 33.5476 16.3381
-2.48463 0.700501 3.03001 45.5 38.5 18
-2.5025 0.751104 3.00323 48.4093 34.7306 17.9326
-2.49913 0.729398 3.03764 52.68 40.4 25.88
-2.48823 0.845659 3.00105 48.8852 39.5861 18.0369
-2.45891 0.876232 3.02878 75.0417 54.0833 28.9583
-2.48724 0.96379 2.99419 52.6124 40.4341 19.6977
-2.49504 1.02789 3.00099 48.1231 40.0923 23.5615
-2.46966 1.05275 3.02694 69.75 52.375 37.125
-2.49399 1.12834 2.97305 49.5 39.4464 17.2679
-2.30609 -0.91084 3.11095 109.047 85.0079 57.5354
-2.2663 -0.784383 3.0118 68.1034 34.6897 0.37931
-2.2895 -0.77546 3.10741 74.3231 39.1846 13.7077
-2.31673 -0.718756 3.12553 91.4242 61.5538 32.4418
-2.31927 -0.619819 3.12536 94.8966 66.1586 41.8897
-2.32304 -0.521724 3.11862 96.0189 70.8761 47.9097
-2.32247 -0.425401 3.11851 102.806 74.734 52.7381
-2.31671 -0.326249 3.11233 109.049 80.9801 57.9073
-2.31352 -0.227118 3.10264 112.442 83.5129 58.0706
-2.31189 -0.128732 3.09965 114.642 87.9732 63.2579
-2.30793 -0.0295989 3.09445 121.204 90.4694 64.6633
-2.43878 -0.0303371 3.1568 102.833 73.6667 56.8333
-2.31306 0.0682431 3.09106 121.559 92.0466 71.7304
-2.35897 0.211675 2.95234 79.375 55.875 41.625
-2.30674 0.165494 3.08722 126.958 95.1348 73.9607
-2.3663 0.227471 2.98194 91.9333 66.8 55.0667
-2.30361 0.261146 3.07825 128.48 97.8892 74.4205
-2.44243 0.385755 3.00704 53.6667 43.3333 19.5
-2.29921 0.363775 3.07489 134.44 102.252 77.8655
-2.4379 0.444773 3.00959 62.3571 47.7381 27.0238
-2.29785 0.459846 3.06782 134.156 101.856 80.8348
-2.36783 0.566416 3.0091 93.7436 73.9231 51.7692
-2.29877 0.558832 3.06411 133.636 103.227 82.3455
-2.29693 0.657761 3.06377 137.495 105.437 84.3038
-2.44227 0.741798 3.01619 76.75 52 44.5
-2.29657 0.757921 3.06281 137.966 107.065 87.3503
-2.44081 0.828055 3.00788 69.25 58.8125 36.125
-2.29059 0.850561 3.05576 142.363 106.581 89.4757
-2.42993 0.962701 2.99161 74.04 55.48 31.96
-2.28809 0.950123 3.05184 139.047 107.932 91.428
-2.35815 1.0517 3.0216 108.857 89 58.7143
-2.28453 1.04842 3.04426 139.563 106.284 91.893
-2.28802 1.15427 3.04633 135.174 107.618 94.6184
-2.26658 1.22631 2.84098 102.167 72.25 51.75
-2.28177 1.22754 2.97224 112.418 89.7636 66.5545
-2.27526 1.21579 3.03657 139.574 110.623 92.7213
-2.2309 -0.917445 3.14051 113.8 88.8222 54.8444
-2.22013 -0.785401 3.01155 91.5195 49 14.4545
-2.2218 -0.774604 3.08466 112.085 72.9322 43.0678
-2.17976 -0.787188 3.23177 90.87 61.28 39.02
-2.18039 -0.786225 3.31672 69.1034 42.7931 22.3793
-2.19862 -0.80736 3.46349 36.0972 22.2917 6.8125
-2.20936 -0.719101 3.1358 139.813 104.217 71.4862
-2.17589 -0.719145 3.217 96.1181 70.6575 48.7559
-2.18427 -0.716986 3.34316 46.0248 32.0297 16.0743
-2.19245 -0.721118 3.45544 30.2439 23.9451 2.86585
-2.12768 -0.588141 2.59009 24.5 18.4211 1.15789
-2.21179 -0.621529 3.13499 144.738 110.013 83.3722
-2.17145 -0.621154 3.20721 101.007 71.7409 45.6314
-2.18076 -0.616805 3.35603 46.3384 30.8593 12.7224
-2.17863 -0.61909 3.45284 31.844 22.6809 5.14184
-2.16803 -0.482915 2.48452 28.8889 22.5833 2.08333
-2.10461 -0.55656 2.55411 20.5185 15.2222 1.88889
-2.21377 -0.524269 3.13612 150.462 115.508 86.918
-2.17404 -0.520993 3.21436 100.752 70.5831 54
-2.17856 -0.523107 3.35866 48.8391 29.8478 14.2348
-2.17703 -0.528577 3.45365 33.0127 22.2658 8.96835
-2.18197 -0.470043 2.48995 32.0909 19.7273 3.18182
-2.19915 -0.458025 2.50757 36.6 18.5 4.25
-2.20459 -0.424215 3.13169 152.939 116.373 85.4171
-2.16638 -0.42265 3.20965 95.4979 68.5781 42.8861
-2.17734 -0.424027 3.35446 47.2978 33.5699 18.2316
-2.17527 -0.424159 3.45562 33.5156 25.125 8.36719
-2.20567 -0.32381 3.12952 156.914 122.175 95.1644
-2.16795 -0.327443 3.21461 95.686 71.9574 49.1357
-2.17242 -0.324355 3.3483 56.1341 38.4472 20.2276
-2.15539 -0.321084 3.46031 46.9858 31.5071 13.8768
-2.13009 -0.20503 2.28859 32.2162 22.5338 7.66892
-2.19952 -0.225846 3.12316 158.28 122.405 96.8322
-2.16602 -0.227342 3.21712 92.1188 69.6337 48.9257
-2.17827 -0.229278 3.34451 53.9286 37.126 22.2479
-2.17426 -0.223083 3.44845 37.6919 28.9477 10.3721
-2.11914 -0.126927 2.277 27.6471 20.8581 4.42907
-2.19836 -0.128489 3.12078 161.806 125.569 94.8192
-2.1618 -0.128646 3.2188 88.0901 69.206 43.4635
-2.173 -0.127589 3.34834 52.6864 38.0818 13.0682
-2.16845 -0.127939 3.444 39.4591 30.6478 9.21384
-2.11572 -0.0302726 2.27293 32.7624 22.2079 5.34983
-2.19646 -0.0296864 3.11674 163.215 127.21 97.6616
-2.16171 -0.0287499 3.22373 86.3294 64.3452 45.9603
-2.16536 -0.029384 3.34726 51.8767 37.2115 12.533
-2.16461 -0.0307467 3.43535 41.5 30.5565 9.08065
-2.11391 0.0687799 2.2686 32.1692 24.7402 6.50453
-2.19542 0.0680374 3.10968 165.21 129.426 98.2013
-2.15939 0.069963 3.22118 88.7154 64.0787 42.7903
-2.15761 0.0662846 3.34333 52.0619 36.4867 18.8186
-2.16462 0.0691918 3.44052 44.5243 31.6796 9.1068
-2.10968 0.165049 2.2628 31.3355 26.4112 6.38487
-2.19264 0.167476 3.10799 165.342 128.496 100.35
-2.15613 0.163672 3.22066 84.0556 61.7659 43.6825
-2.15927 0.166747 3.34432 53.1696 37.1826 14.8304
-2.17026 0.163414 3.44835 48.3034 32.6067 12.2809
-2.10577 0.264603 2.26251 37.546 26.0984 6.99365
-2.18795 0.264057 3.10745 162.024 127.493 96.4457
-2.15426 0.263108 3.22976 78.7477 57.3807 37.1468
-2.15973 0.266212 3.3469 50.5721 38.2477 26.0991
-2.16283 0.263117 3.43794 44.7653 33.7245 21.2245
-2.09876 0.365005 2.22908 39.2174 32.1087 8.80435
-2.10375 0.364361 2.2589 39.3498 29.9095 5.32099
-2.18868 0.363755 3.10255 166.193 128.975 101.938
-2.14806 0.361959 3.21811 79.376 58.38 40.416
-2.15805 0.362047 3.35009 50.5022 39.2203 17.8326
-2.15352 0.360856 3.43113 46.9794 36.6186 14.5979
-2.09621 0.4854 2.23187 39.0833 32.1042 12.2083
-2.1012 0.457153 2.25878 44.1128 31.0117 11.7121
-2.18329 0.461667 3.09547 165.615 128.378 97.1545
-2.14646 0.461289 3.22153 76.6853 57.6121 35.5647
-2.15359 0.462488 3.35089 53.3909 40.9383 16.9383
-2.14809 0.45544 3.42798 49.716 37.9506 18.2346
-2.09783 0.55331 2.23593 41.5472 33.6038 13.2736
-2.09247 0.559607 2.25515 44.3238 35.7143 13.8048
-2.18338 0.55979 3.09267 165.028 128.043 102.623
-2.14263 0.557997 3.21285 78.5365 58.0343 37.6824
-2.15121 0.559549 3.34099 56.7869 41.8934 22.2746
-2.15329 0.564211 3.42443 50.6452 38.8548 20.3387
-2.09226 0.656529 2.23207 45.2042 36.7173 20.1623
-2.08837 0.660539 2.25871 51.7152 37.2405 19.962
-2.18158 0.657457 3.08593 165.039 128.775 104.547
-2.13652 0.657141 3.21345 75.4492 54.1992 38.3906
-2.14332 0.658799 3.34202 59.0752 41.6726 26.4513
-2.15331 0.636424 3.42989 54.46 39.9 28.58
-2.08789 0.754714 2.22493 50.4948 38.1289 14.9742
-2.08941 0.760099 2.25633 53.9323 39.4135 12.6992
-2.17753 0.756416 3.08385 163.308 128.459 100.295
-2.13622 0.755894 3.21346 75.2786 56.0393 33.2429
-2.14411 0.757744 3.35639 56.4231 42.4192 22.7115
-2.14302 0.76695 3.41344 59.6667 39.6667 11.6667
-2.08379 0.851569 2.22649 54.6667 38.6029 20.9363
-2.08782 0.853241 2.25278 56.1061 39.8939 14.5
-2.17548 0.853409 3.07742 162.762 127.759 101.656
-2.13198 0.855878 3.21462 73.8885 54.5885 37.3615
-2.1437 0.852394 3.35431 60.1441 42.9869 25.7904
-2.14574 0.873613 3.42777 54.9667 42.2667 28.8
-2.08604 0.931553 2.2297 51.5814 41.2868 14.2713
-2.07639 0.929443 2.24545 54.3243 40.8108 9.97297
-2.17114 0.952729 3.08034 155.166 122.898 97.1671
-2.12998 0.954116 3.21956 70.8373 54.0766 37.7273
-2.1404 0.954975 3.34779 61.8638 45.8949 28.8366
-2.15274 0.916269 3.42844 57.1905 44.1429 23.6667
-2.16842 1.05157 3.07226 158.91 123.607 99.2503
-2.12158 1.04796 3.21738 73.5509 55.5698 31.6792
-2.13079 1.04891 3.35491 61.6667 47.747 31.8755
-2.17091 1.15024 3.07183 159.558 126.821 105.442
-2.11893 1.14948 3.21158 75.4458 59.9083 42.4167
-2.13002 1.14646 3.34556 67.8159 50.3473 29.3054
-2.15197 1.22437 2.82936 169.707 136.191 110.65
-2.15468 1.2405 2.9562 172.233 139.394 114.984
-2.14488 1.23465 3.05974 148.642 121.536 96.9626
-2.11965 1.24622 3.20724 83.1603 67.2824 49.5382
-2.13579 1.24897 3.35042 74.5327 60.0514 46.6449
-2.13928 1.25695 3.4145 80.3 58.65 47.8
-2.1065 1.30302 3.00191 154.6 131.3 127.5
-2.10839 1.32056 3.09064 114.705 92.8121 73.396
-2.11947 1.34509 3.22028 86.6951 65.565 49.7439
-2.12594 1.34121 3.34632 84.4864 67.4903 53.4553
-2.10941 1.40617 3.25623 81.75 60.875 63.5
-2.12045 1.42472 3.34562 81.3176 69.8941 62.9765
-1.90448 -0.945196 3.34515 24.7619 17.8571 0.285714
-1.9632 -0.771686 2.86874 71.5 31.8333 5.66667
-1.94073 -0.780582 2.94944 68.8862 32.0976 11.9187
-1.98629 -0.722672 2.69221 90.8235 56.7059 30.3529
-1.98288 -0.755022 2.86195 88.8154 40.2308 17.0923
-1.94565 -0.757317 2.94595 62.1163 31.4186 11.093
-2.05271 -0.426655 3.35874 35.125 24 4.5
-2.05165 -0.299087 3.49127 47.0702 36.2807 8.80702
-1.89773 -0.180074 1.94712 152 114.8 88.6
-1.89426 -0.188428 1.99047 97.3333 76.7879 51.3939
-1.89503 -0.128906 1.95299 152.232 120.259 82.2134
-1.89138 -0.13012 1.98827 91.3647 75.0706 41.9294
-1.89735 -0.0309015 1.95481 156.675 125.129 87.1212
-1.89011 -0.0356242 1.98314 95.5686 77.3726 42.2353
-2.06523 0.0124066 3.3368 44.6667 31.2222 4
-1.89842 0.0650881 1.95417 164.064 129.215 95.5057
-1.89006 0.0619748 1.98608 76.4583 57.6667 32
-2.04084 0.0485394 3.34209 43.7297 30.5676 8.81081
-1.8951 0.165155 1.95377 153.34 127.375 93.8282
-1.88894 0.124027 1.98244 76.3 64.3 37.6
-1.89738 0.266841 1.95188 164.168 133.193 100.571
-1.89046 0.357946 1.94558 154.952 127.411 98.6027
-1.99056 0.327547 2.10548 40.1667 39.1667 1.66667
-1.89134 0.452537 1.94076 163.674 135.946 107.087
-1.92436 0.458538 2.03344 45.2857 31.6429 19.3571
-2.06827 0.462343 2.19295 41.1667 29.8333 16.0833
-1.88976 0.574547 1.93642 163.371 136.057 109.886
-1.89218 0.617772 1.94442 151.767 121.467 92.2
-1.89396 0.65468 1.99634 57.2 38.2 27.6
-2.03115 0.69503 2.1445 51.2727 40.8182 24.7273
-1.88646 0.795419 1.93218 143.6 126.2 101.2
-2.05648 0.745453 2.17442 52 38.4545 18.6364
-1.88594 0.854928 1.92992 137.429 124 101.714
-2.06985 0.872575 2.21416 56.6842 40.2105 12.8947
-2.06928 0.862829 2.24535 59.1667 39.8333 20.6667
-2.06789 0.958433 2.21145 46.9259 34.6667 6.81482
-2.06649 0.93165 2.2438 52.1724 40.7586 13.3448
-1.74008 -0.983179 2.19423 71.3806 53.004 21.587
-1.7208 -1.00129 2.28201 63.7613 47.4683 26.0211
-1.74607 -0.967247 2.7439 107.5 57.5 31
-1.74227 -0.980161 2.83689 55.1458 31.5 13.7812
-1.75346 -1.0224 2.89788 28.75 14.375 5.125
-1.73965 -1.00075 3.34543 21.9286 20 1.57143
-1.80692 -0.872993 1.84774 74 27.2 9.4
-1.79599 -0.887786 1.92728 49.7838 22.598 5.94257
-1.77314 -0.908904 2.05521 53.2966 38.5813 16.5208
-1.72614 -0.908166 2.17057 80.7145 61.6144 34.9199
-1.72133 -0.913325 2.31589 84.603 63.7194 39.9642
-1.72357 -0.910124 2.42668 90.2804 67.8413 42.7249
-1.70704 -0.906889 2.54369 89.5391 58.2188 37.5391
-1.73648 -0.912261 2.72432 113.374 63.9712 30.6691
-1.74095 -0.911795 2.81971 67.7241 40.977 16.9483
-1.74931 -0.930087 2.90878 26.2941 19.7059 0.176471
-1.72732 -0.910451 3.34625 25.5294 18.2941 2.70588
-1.78132 -0.812053 1.82868 66.9876 28.2291 7.26625
-1.78293 -0.818551 1.90642 56.0554 25.7446 5.08243
-1.76392 -0.814114 2.04537 58.2353 42.8137 20.2145
-1.7188 -0.811576 2.17341 86.5944 64.4056 44.2108
-1.71262 -0.812567 2.29617 89.1477 66.1632 47.0984
-1.70691 -0.823152 2.43145 91.8252 69.9223 46.7379
-1.70536 -0.812121 2.55825 99.525 65.725 35.375
-1.73502 -0.836744 2.70652 121.776 69.3816 32.1184
-1.75345 -0.81924 2.81778 81.0056 44.4073 17.4663
-1.83016 -0.796592 2.92722 60.14 30.82 11.96
-1.77589 -0.719884 1.82693 93.5812 55.9492 28.9518
-1.78344 -0.716039 1.91715 69.132 35.8087 13.547
-1.77003 -0.737359 2.03805 81.9331 58.5844 36.3822
-1.72126 -0.750816 2.16248 87.6531 67.502 51.4653
-1.71899 -0.748891 2.33087 94.6723 74.3193 43.8067
-1.71467 -0.745801 2.39975 96.7416 71.382 49.8764
-1.70472 -0.752338 2.57944 111.381 76.8571 44.9048
-1.76344 -0.758473 2.82779 68.6875 39.4844 16.5938
-1.85326 -0.75911 2.96151 42.0294 18.1471 9.52941
-1.76479 -0.70827 3.37046 29.1364 22.0909 3.13636
-1.78276 -0.697273 3.41786 28.6667 21.6667 1.88889
-1.77057 -0.615592 1.82298 71.5356 30.285 4.40633
-1.77891 -0.62069 1.91742 66.2781 32.759 9.19639
-1.78369 -0.620103 2.00136 67.378 49.555 26.6794
-1.77017 -0.598188 3.37045 31.875 22.375 4.5
-1.76616 -0.518667 1.82192 89.0983 53.2118 24.5437
-1.77523 -0.520439 1.91517 57.4473 28.0242 6.81939
-1.7776 -0.52913 1.99533 15.3663 13.1758 1.337
-1.7077 -0.560984 3.34653 30.9167 24 9.5
-1.76861 -0.419682 1.82443 81.9662 35.215 9.99034
-1.77333 -0.427126 1.91433 57.3128 28.0344 4.33577
-1.76931 -0.424199 1.98708 27.765 22.2568 1.63388
-1.83631 -0.410401 3.32496 32.0625 24.3125 7.4375
-1.76051 -0.327091 1.82164 89.4389 48.863 25.2815
-1.76692 -0.323799 1.91754 52.5242 26.222 5.33626
-1.76561 -0.325892 1.98538 31.3945 20.2936 2.40367
-1.76127 -0.235991 1.82208 90.0146 41.0098 5.44878
-1.77653 -0.23231 1.91853 66.2064 38.9179 12.0593
-1.76144 -0.264109 1.98218 30.12 21.8 7.4
-1.87732 -0.123095 1.95181 132.4 109.743 74.5524
-1.88255 -0.143531 1.98355 82.6 66.5333 18.7
-1.88071 -0.0304007 1.96536 113.827 92.6735 57.9592
-1.8818 -0.0264112 1.98432 63.0233 51.0465 25.6977
-1.87813 0.0731108 1.96046 108.907 89.6703 63.8901
-1.88322 0.0553589 1.98348 63.7037 43 26.7407
-1.87993 0.171876 1.96483 93 75.0964 47.3452
-1.88263 0.12829 1.98288 53.4444 38.6667 21.5556
-1.78904 0.164409 3.33211 46.1176 36.9412 15.8235
-1.87709 0.264271 1.9619 84.6653 69.0776 39.751
-1.85121 0.219517 3.33495 49.0833 37.75 6.33333
-1.87743 0.363784 1.95528 94.6149 78.1521 53.123
-1.76099 0.367205 3.24925 51.1905 40.1429 15.4762
-1.87433 0.462265 1.9524 90.0877 70.0137 45.8082
-1.75069 0.411791 3.2622 51.5 43.25 12.25
-1.87051 0.555642 1.94452 96.1961 73.1397 51.1593
-1.86886 0.657019 1.93901 92.008 73.6898 54.2353
-1.8675 0.752812 1.93592 85.5765 70.5676 49.0059
-1.86301 0.833965 1.93469 78.302 66.1782 52.0248
-1.69516 -1.03549 2.27096 32 32.75 8.75
-1.67152 -1.01765 3.30621 25.0833 17.75 0.666667
-1.51614 -0.892382 2.09256 80.5556 59.5556 46.8889
-1.69897 -0.89442 2.14486 84 60 45.5
-1.68259 -0.895765 2.3659 89 68 47.9286
-1.63166 -0.879773 2.43335 98.0345 74.1724 45.4655
-1.69035 -0.901782 2.57519 98.4143 58.7714 33.5286
-1.69566 -0.882208 2.63492 116 66 38
-1.69792 -0.788785 2.22958 90.6667 62.3333 46.3333
-1.69247 -0.780509 2.3139 85.137 64.863 48.0137
-1.69024 -0.819916 2.43782 88.4552 68.2483 46.2828
-1.68684 -0.811771 2.56806 110.841 66.215 34.8037
-1.69451 -0.786935 2.63792 123.8 71.4 31.8
-1.68809 -0.758087 2.34848 87.6667 67.9231 34.3077
-1.68669 -0.74663 2.44881 89.5042 66.5294 44.3697
-1.68876 -0.742579 2.56695 114.636 75.4318 39.8636
-1.57009 -0.724303 3.37664 56.6983 41.0948 24.1121
-1.6004 -0.728757 3.41306 48 35 17
-1.55508 -0.62951 3.36474 69 53.0952 34.2381
-1.69253 -0.561365 3.34907 32.7778 23.8889 7.88889
-1.67856 -0.428559 3.3411 31.9565 25.1739 12.2609
-1.64831 -0.15912 3.33293 39.125 32.1562 14.1562
-1.55786 -0.0167524 3.27452 48.25 34.25 5
-1.55858 -0.0342937 3.3006 55.4375 36.8125 13.875
-1.67104 0.0602268 3.33124 48.3333 36.6667 16.1667
-1.62061 0.166601 3.31269 51.7959 38.4082 20.7551
-1.62457 0.299243 3.35918 52.1667 42.3333 36.3333
-1.516 0.349029 3.28563 63.9 48 27.9
-1.40238 -1.17335 2.80134 92.5556 60.6111 34.8333
-1.38818 -1.21857 3.02048 94.1667 61.8333 28.5
-1.42131 -1.23635 3.09681 90 61.4545 23.2727
-1.42541 -1.19271 3.38178 34.0526 26.0526 9.78947
-1.37936 -1.18854 3.42098 52.0556 39.1111 25.3611
-1.39415 -1.10285 3.34981 72.4739 54.6872 38.8246
-1.38294 -1.15366 3.41683 65.4773 46.9318 35.8182
-1.3816 -1.03901 3.28217 76.2 55.55 42.2
-1.40211 -1.01157 3.29667 75.4077 56.4645 37.0203
-1.4398 -0.886681 2.0961 92.1347 63.3584 43.4658
-1.35159 -0.887833 2.14466 84.5955 52.9702 39.3598
-1.43846 -0.878311 2.34352 53.4118 35.7647 23.2353
-1.38969 -0.889566 2.44553 46.32 23.54 8.64
-1.40393 -0.900113 3.28154 73.8116 59.942 45.2029
-1.39734 -0.917405 3.28766 73.6371 59.7513 44.1675
-1.4598 -0.854347 2.09152 88.032 42.9087 23.5114
-1.40297 -0.850423 2.18291 103.153 61.9358 42.0082
-1.35242 -0.858713 2.26602 45 25.25 10.0625
-1.40387 -0.806345 3.27863 79.117 60.617 45.2394
-1.39903 -0.824225 3.28778 78.3618 60.7105 44.2895
-1.39112 -0.715942 3.27499 81.39 63.5873 45.0499
-1.46627 -0.75921 3.29694 76.6875 62.875 44.25
-1.38772 -0.618764 3.27408 81.9493 67.2585 48.9082
-1.46396 -0.639181 3.30583 80.0294 63.3235 49.2647
-1.39182 -0.521593 3.26619 84.3933 69.0405 52.5888
-1.38776 -0.423762 3.25977 86.2986 71.846 52.9289
-1.3887 -0.324785 3.25927 81.9097 68.3542 49.2755
-1.39244 -0.249233 3.24333 83.4292 48.4421 20.6996
-1.39423 -0.2001 3.56421 57.029 46.5652 35.5507
-1.36784 -0.209042 3.75003 57.2653 52.898 39.8776
-1.4204 -0.206464 3.8148 60.2143 49.2143 28.7143
-1.43442 -0.131951 3.50914 56.7333 40 25.4667
-1.41125 -0.153637 3.56063 54.0169 41.1186 21.5763
-1.35265 -0.14922 3.69784 70.2388 57.4179 41.9254
-1.44449 -0.093362 3.88822 56.4426 51.2787 34.8689
-1.37167 -0.0867939 3.93977 56.1429 48.2381 42.7143
-1.43513 -0.00864678 3.4009 75.7241 56.7241 32.3103
-1.41393 0.0057431 3.42243 79.4762 61.8571 36
-1.46858 0.00181903 3.80227 45.6667 48.8333 42.6667
-1.45947 -0.0351823 3.90406 43.4756 45.9512 31.0305
-1.38458 -0.0305581 3.94293 53.3345 54.3633 40.8885
-1.42749 0.0915418 3.37148 70.1282 53.359 37.641
-1.42078 0.0588085 3.43408 77.0704 62.1408 32.9437
-1.42222 0.0820315 3.59409 57.9167 52.8056 30.7778
-1.4487 0.0731237 3.74729 43.1489 44.617 33.0213
-1.45817 0.0630357 3.89187 42.8846 45.7692 34.5692
-1.38642 0.0668792 3.93966 63.8157 58.9044 45.2321
-1.40605 0.154052 3.36784 79.7692 47.7885 30.8654
-1.41607 0.176631 3.49506 66.8333 45.5 20.9167
-1.41251 0.16667 3.60264 47.6803 44.1633 29.8299
-1.4245 0.164801 3.7507 40.4667 41.9444 33.2
-1.41991 0.162512 3.9036 53.0099 50.401 37.2723
-1.36484 0.167046 3.93878 66.2874 62.5329 43.0539
-1.39204 0.234327 3.35654 90.25 45.9167 30.25
-1.42045 0.259467 3.5264 61.1379 47.1379 31.2414
-1.41284 0.25853 3.58721 49.2222 44.0556 31.7778
-1.42861 0.254227 3.70571 40.7 41.6 30.8
-1.41034 0.262135 3.92211 45.7973 45.5054 33.0027
-1.34019 0.2614 3.93595 54.2703 53.5676 37.9459
-1.50192 0.350677 3.28708 67.8684 50.6579 31.9211
-1.42512 0.357941 3.61402 41.1207 38.1552 26.3966
-1.43049 0.313909 3.68619 44.5 36 25
-1.39434 0.34569 3.92574 39.2632 36.6421 29.8632
-1.34859 0.313846 3.93419 43 40 27
-1.45325 0.495719 3.75746 82.8333 74 63.2
-1.39388 0.470412 3.9107 82.7751 77.3195 58.9172
-1.38105 0.593194 3.50722 91.4783 79.7826 63.6667
-1.41928 0.577098 3.6106 66.2429 56.1143 38.7143
-1.43781 0.560644 3.75323 73.3304 63.4464 49.9732
-1.39353 0.557984 3.87827 82.735 72.8125 59.575
-1.3713 0.657713 3.5063 127.546 108.765 92.8346
-1.44069 0.615594 3.78152 69.5 58 44.5
-1.38562 0.619845 3.84274 71.875 62.0208 49.9583
-1.37408 0.755602 3.5112 134.524 115.562 98.7083
-1.37366 0.854311 3.50292 138.708 117.722 104.827
-1.36658 0.950101 3.49838 142.535 122.133 108.27
-1.37018 1.04895 3.50221 148.367 121.71 108.402
-1.36692 1.14968 3.4966 148.319 122.69 110.956
-1.36532 1.25069 3.49136 150.863 123.408 113.092
-1.36119 1.34 3.48624 155.053 123.715 107.728
-1.3665 1.39836 3.4844 154.286 123.429 108.571
-1.35148 1.582 3.87674 174.15 137.9 132.05
-1.36218 1.60089 3.87904 205.108 166.297 146.27
-1.14376 -1.21273 2.79631 110 74.5 47.5
-1.29839 -1.21353 3.3962 33.9062 24.375 6.46875
-1.22015 -1.18582 3.42706 50.6062 37.7788 27.1106
-1.23601 -1.09753 3.34186 76.5 57.4 35.1577
-1.22837 -1.1502 3.42107 69.8125 52.5208 33.8438
-1.23036 -1.01347 3.29837 76.2449 59.5829 40.5624
-1.3182 -0.887942 2.17505 54.4683 23.1032 11.2222
-1.27504 -0.920039 3.28148 78.0667 58.7333 48.8667
-1.23425 -0.91461 3.29266 78.2855 61.8218 43.2287
-1.3241 -0.85859 2.19339 67.2941 29.6471 17.2941
-1.26925 -0.786263 3.27952 79.6897 63.2845 46.7414
-1.22532 -0.823468 3.28925 80.1126 63.7824 45.1388
-1.24665 -0.711336 3.2783 82.1328 67.0702 46.5815
-1.21272 -0.730012 3.28524 80.902 67.2 50.9294
-1.24273 -0.619602 3.27643 84.9981 70.5677 50.4286
-1.19201 -0.621706 3.28495 85.2114 71.4472 53.5041
-1.23343 -0.521248 3.27293 87.1332 72.075 56.294
-1.23207 -0.423196 3.2646 87.4408 74.5547 56.4858
-1.23241 -0.325012 3.25687 81.8513 69.7906 54.5554
-1.23529 -0.250492 3.23833 80.4683 49.3172 27.9517
-1.17397 -0.211123 3.46978 52.2222 45.1778 32.9333
-1.17321 -0.211019 3.75415 69.7647 63.1597 47.042
-1.15381 -0.214235 3.88358 75.5067 66.4267 44.6133
-1.14749 -0.211873 3.94255 74.2069 63.2759 48.0345
-1.18058 -0.146708 3.50372 69.6429 66.5 46.7143
-1.20603 -0.169682 3.73378 75.5238 71.1429 52.9524
-1.15084 -0.169921 3.88645 87 75.9286 56.5
-1.20756 -0.110178 3.95821 71.854 67.1549 47.1018
-1.23376 -0.0317974 3.94911 61.3872 61.6936 41.0228
-1.23328 0.0659481 3.94412 72.45 72.5833 51.1417
-1.25707 0.212496 3.93254 68.6 65.8 51
-1.23194 0.165088 3.94233 71.4199 69.1927 48.069
-1.23365 0.273416 3.93069 51.4219 52.5078 39.8047
-1.23652 0.263214 3.9381 54.4569 55.5345 41.7443
-1.21639 0.365005 3.92376 48.0628 44.0918 35.7923
-1.19065 0.33439 3.9418 48.125 44.425 35.35
-1.23399 0.46011 3.92442 80.1892 72.5312 58.914
-1.18695 0.469705 3.93452 96.5 87.5 69.25
-1.24263 0.600863 3.51876 110.565 94.6667 81.1304
-1.23368 0.55998 3.88796 83.2195 74.2383 58.3452
-1.23584 0.656768 3.51525 133.676 117.896 101.37
-1.21969 0.619308 3.85755 78.8478 66.3261 58.2065
-1.23249 0.755053 3.51098 140.983 123.62 106.849
-1.23435 0.8531 3.50765 145.46 125.238 110.797
-1.23465 0.952953 3.50692 149.986 127.601 114.109
-1.23433 1.05089 3.50041 153.621 129.71 116.742
-1.23161 1.14898 3.49662 158.272 131.27 120.222
-1.22885 1.24592 3.49399 163.812 132.608 120.363
-1.23258 1.34028 3.4963 166.679 134.164 120.397
-1.27295 1.39692 3.49624 165 134 114.667
-1.22515 1.57622 3.88423 184.471 146.987 135.634
-1.24756 1.597 3.88035 213.638 165.138 140.155
-1.13718 -1.21272 2.79738 110.75 75.25 42.25
-1.0151 -1.21838 3.4031 33.4815 27.5185 11.8519
-1.03408 -1.19785 3.43319 46.7278 36.533 23.2206
-1.05151 -1.09213 3.33656 79.0539 60.4606 42.5477
-1.03839 -1.14875 3.42571 74.042 53.8487 40.7227
-1.04611 -1.01403 3.30076 79.2116 63.1301 49.3856
-1.04667 -0.916389 3.29937 81.7733 65.3733 47.5407
-1.09992 -0.802164 3.28212 84.3571 66.2857 52.1429
-1.04523 -0.81671 3.29311 83.581 66.8614 48.7788
-1.06811 -0.689802 3.27978 84.717 70.0943 49.673
-1.04073 -0.727074 3.28939 84.8238 69.6257 52.8931
-1.08904 -0.619327 3.27753 85.9184 72.3503 54.3435
-1.01146 -0.62073 3.28713 87.2541 74.0432 53.6459
-1.05375 -0.517789 3.27245 88.0475 74.6056 58.6334
-0.989626 -0.557385 3.28551 87.2174 75.3188 57.0145
-1.04519 -0.423922 3.271 88.26 79.0743 58.5602
-1.04585 -0.326494 3.26158 82.2775 73.9659 55.8205
-1.05177 -0.250564 3.23668 78.2983 52.3315 30.7431
-1.13778 -0.221693 3.76476 68.5 62 42.25
-1.13581 -0.252616 3.92726 65.625 50.625 24.625
-1.10989 -0.216415 3.95768 84.0233 69.3876 47.5659
-1.09222 -0.120269 3.95492 86.3228 72.455 56.4127
-1.04414 -0.0310643 3.94777 59.6904 52.9979 36.5209
-1.04315 0.0672337 3.94456 71.6298 69.326 47.8149
-1.10362 0.189645 3.93316 68.6667 61.7778 42.5556
-1.04357 0.165809 3.94147 81.0795 74.977 55.1423
-1.01977 0.288279 3.92996 70.6465 63.6162 42.6061
-1.05462 0.25777 3.93868 69.8269 63.7985 46.2972
-1.02588 0.320785 3.92541 61.6889 55.6889 43.6444
-1.11593 0.324444 3.94811 49.32 47.24 33.48
-1.05804 0.472763 3.9212 74.2983 68.0256 48.321
-1.02876 0.4581 3.93538 71.1538 63.6923 40.0769
-1.0468 0.598405 3.52281 115.564 103.12 86.1795
-1.04577 0.558667 3.88441 86.4291 77.7053 64.1363
-1.0471 0.65799 3.5184 138.859 125.585 105.155
-1.05514 0.615976 3.85216 83.0323 71.0161 62.0323
-1.0475 0.756143 3.51355 145.43 128.574 111.111
-1.04813 0.854088 3.51106 150.763 131.173 114.976
-1.04612 0.951025 3.51051 157.731 133.306 118.89
-1.0469 1.04879 3.50647 161.64 136.882 124.551
-1.04726 1.14842 3.50295 168.842 140.544 128.622
-1.04557 1.24526 3.494 176.614 143.808 129.571
-1.04477 1.3375 3.49839 181.538 147.619 132.836
-1.03193 1.57093 3.87754 212.924 168.107 147.481
-1.12531 1.59497 3.89468 224.182 170.455 154.182
-0.936137 -1.22218 3.40092 37.4444 26.3333 1.16667
-0.901361 -1.18951 3.43113 38.802 28.7574 14.4851
-0.866126 -1.08877 3.32794 78.8103 62.8656 44.1383
-0.900491 -1.15369 3.43052 64.4231 47.8846 32.3462
-0.861886 -1.01365 3.30744 82.2656 65.3665 45.8754
-0.860119 -0.91539 3.30023 83.3752 69.8574 48.3101
-0.847208 -0.77129 3.28277 82 71 52
-0.861226 -0.817631 3.29402 84.958 70.2057 52.1471
-0.931074 -0.696303 3.28156 86.7547 72.7924 54.6604
-0.853658 -0.719901 3.28923 84.5571 71.4538 52.0391
-0.844056 -0.610937 3.27911 86.8744 77.5897 58.0874
-0.891635 -0.635232 3.28659 88.1545 75.9099 57.2017
-0.854792 -0.518942 3.27798 85.1448 76.9916 56.032
-0.885742 -0.547186 3.28386 88.0879 76.9231 56.8681
-0.859203 -0.424101 3.26885 90.6814 82.0314 63.3457
-0.86044 -0.32609 3.2674 84.01 76.0314 58.2582
-0.85249 -0.250562 3.24555 92.2784 65.4176 38.8807
-0.817249 -0.204807 3.33656 107.856 87.3556 55.3667
-0.82119 -0.213799 3.90738 109.734 91.6809 60.8617
-0.790047 -0.216141 3.97673 120.152 97.3636 65.0101
-0.817782 -0.135698 3.35539 130.899 109.471 79.958
-0.822793 -0.123956 3.90583 97.1219 84.3333 55.8455
-0.789966 -0.126518 3.96191 101.913 91.6142 57.6457
-0.823097 -0.0288226 3.89925 84.9464 75.506 43.4107
-0.837445 -0.029788 3.94812 88.2679 74.7381 44.1369
-0.821016 0.0454901 3.89796 91.0965 82.0351 53.0439
-0.864983 0.0758672 3.94638 97.8851 84.9243 50.7885
-0.859369 0.166951 3.94549 94.6833 87.4938 53.9167
-0.846936 0.302852 3.93205 80.0769 71.5385 52
-0.860331 0.260229 3.94233 92.3885 82.8212 55.0331
-0.836459 0.350475 3.92662 67.5089 57.7321 43.1161
-0.881983 0.337237 3.93991 72.6462 63.0154 52.3538
-0.862029 0.473055 3.92691 73.9938 63.6883 39.966
-0.883821 0.44231 3.93796 76.8 65.8 44.9
-0.865638 0.597876 3.52962 125.077 114.035 93.6127
-0.860978 0.558973 3.88745 82.53 74.3852 59.1219
-0.770007 0.518695 3.93895 63.5 54.5 33.5
-0.861565 0.65771 3.52291 146.208 132.651 115.315
-0.870895 0.618623 3.86351 86.3382 75.3676 63.1324
-0.861648 0.755743 3.52102 153.121 135.665 120.018
-0.860807 0.853801 3.51545 160.49 139.726 122.317
-0.858662 0.951088 3.51056 167.426 143.262 127.504
-0.858093 1.05038 3.50785 175.396 147.404 132.663
-0.860757 1.1479 3.50402 183.794 152.267 137.223
-0.860429 1.24715 3.50849 193.494 158.453 144.665
-0.858325 1.33741 3.50642 202.93 164.097 147.56
-0.879973 1.39592 3.51624 204.75 164.5 151
-0.780215 1.45022 3.60398 237.562 191 176.938
-0.908902 1.57071 3.8805 229.226 179.434 163.113
-0.678549 -1.21729 3.20495 87.4167 62.25 27.9167
-0.662137 -1.07853 3.31155 83.6923 64.976 48.5385
-0.674016 -1.01335 3.30834 84.8353 69.4798 53.0853
-0.671978 -0.91544 3.30318 86.4678 72.5029 52.9006
-0.675599 -0.817436 3.29846 86.7097 74.075 53.9972
-0.674823 -0.718556 3.29478 84.3701 73.6568 54.1186
-0.71016 -0.601847 3.2809 88.9938 79.6125 62.8688
-0.662348 -0.625819 3.28953 90.8352 80.3926 59.3704
-0.676947 -0.517757 3.27834 85.7076 77.0936 59.4561
-0.659549 -0.536719 3.28474 86.7351 76.3946 61.2378
-0.682921 -0.422234 3.27536 93.9195 85.7112 66.81
-0.601547 -0.444531 3.28479 96.4267 88.12 65.3467
-0.673186 -0.325959 3.26826 85.7845 78.4944 58.038
-0.681267 -0.250493 3.25011 101.509 73.3473 41.1749
-0.585031 -0.221237 3.32335 136 111.833 61.3333
-0.604159 -0.19579 3.92294 91.3143 69.5429 48.0571
-0.728706 -0.208412 3.97951 118.074 95.1852 62.3333
-0.607127 -0.168827 3.92636 91.3077 74 49.9231
-0.674799 -0.125372 3.96168 102.382 89.9066 57.9448
-0.676112 -0.0305138 3.95943 92.9496 86.3367 52.3689
-0.675141 0.0678707 3.95538 102.819 94.1124 63.7352
-0.67456 0.16596 3.94937 107.623 96.5968 66.1532
-0.614533 0.309942 3.64648 82.5 69 45.5
-0.624438 0.306378 3.77378 79.125 70.875 44.625
-0.588189 0.308312 3.91527 84.5 72 56.5
-0.674507 0.263743 3.94569 94.4657 84.7519 61.1679
-0.630157 0.360442 3.63152 93.9565 72.3478 48.713
-0.685926 0.332394 3.71282 81.8 65 41.6
-0.65089 0.321916 3.84584 82.4286 67.4286 47.1429
-0.718156 0.324066 3.93937 77.4074 63.3333 44.4444
-0.593063 0.420581 3.64183 74.4118 61.4118 43.8824
-0.67387 0.494669 3.91704 82.75 71.625 53.625
-0.75632 0.506765 3.94166 68.1667 56.6667 33.3333
-0.671648 0.595184 3.5266 135.494 126.58 106.846
-0.658006 0.58165 3.57204 97.7143 86.5714 80.0714
-0.702847 0.597964 3.72703 89.625 76.25 73.5
-0.670764 0.565601 3.86803 81.1365 75.6466 63.4779
-0.755228 0.522654 3.9411 64.1667 55.4167 32.25
-0.677433 0.656608 3.5295 150.634 139.292 121.635
-0.595126 0.677449 3.54481 156.88 142.44 122.04
-0.65795 0.613453 3.84965 88.7 80.5333 72.1667
-0.673081 0.755275 3.52409 160.335 143.518 124.595
-0.673912 0.853718 3.51723 167.432 147.752 130.318
-0.674316 0.952362 3.51534 176.998 152.751 136.457
-0.672941 1.05035 3.51242 186.595 158.475 143.772
-0.673275 1.14755 3.50646 198.464 164.631 152.493
-0.675759 1.24706 3.51153 212.8 173.35 157.825
-0.67448 1.3381 3.51066 227.979 183.12 166.122
-0.681206 1.38442 3.54695 235.652 186.957 167.478
-0.666506 1.39862 3.53541 239.125 194.25 183.5
-0.699668 1.43076 3.58057 241.024 205.639 184.592
-0.608774 1.55782 3.89872 244.333 234.538 205.077
-0.39913 -1.23335 3.39588 45 35.25 14.625
-0.416826 -1.17918 3.43729 68.2667 50.9556 26.3333
-0.480939 -1.08467 3.32807 84.5479 65.6897 46.613
-0.407447 -1.14794 3.42805 77.1613 61.4194 33.9032
-0.488819 -1.0132 3.32026 87.0608 68.9279 51.4922
-0.487438 -0.91474 3.31564 87.4446 72.7668 54.5248
-0.488011 -0.816546 3.30471 89.8169 75.0758 53.4292
-0.486978 -0.718655 3.30022 87.0388 76.9695 57.0637
-0.486959 -0.619907 3.29553 90.8416 81.3636 62.7259
-0.501461 -0.499104 3.27683 89.3169 81.2842 62.4426
-0.483003 -0.528759 3.28697 90.3303 81.5221 63.0627
-0.504022 -0.420068 3.27621 93.3869 86.6991 64.6403
-0.458386 -0.430341 3.28725 92.4485 87.3422 64.4319
-0.491418 -0.323489 3.27108 84.3023 77.9322 60.1751
-0.413324 -0.360003 3.28405 94.3778 85.5778 61.5778
-0.491942 -0.252797 3.25432 108.869 79.9621 45.8367
-0.562073 -0.209763 3.32346 122.673 95.7692 54.0769
-0.526933 -0.206612 3.90756 115.308 95.7762 70.1678
-0.450975 -0.20808 3.96495 123.753 98.8441 72.1344
-0.545619 -0.175281 3.31533 87.6667 68.5 47.5
-0.53759 -0.160143 3.91725 112.467 101.587 75.96
-0.479255 -0.122952 3.96412 110.981 105.401 72.1245
-0.487264 -0.030135 3.96335 94.5117 84.6328 55.9395
-0.486983 0.0676085 3.96036 100.436 91.4467 66.171
-0.448978 0.209727 3.92592 94.5556 90 64.6667
-0.48758 0.165217 3.95192 96.7083 90.2163 61.9544
-0.459356 0.2708 3.91855 87.6696 79.875 57.9375
-0.498053 0.261961 3.94789 89.0807 80.7017 57.132
-0.538233 0.349027 3.73676 73.4717 64.7547 47.6604
-0.507306 0.35586 3.91367 87.1294 77.5471 57.5412
-0.487397 0.342589 3.94138 96.2233 85.5437 65.6116
-0.499394 0.474011 3.93219 102.024 97 78.5854
-0.484738 0.472029 3.93886 101.711 95.7657 77.3347
-0.477611 0.593586 3.53455 146.784 136.034 113.528
-0.492465 0.594513 3.54843 145.3 138.8 111.5
-0.490092 0.561908 3.87495 92.6577 87.2658 72.5239
-0.462289 0.520536 3.93636 104.206 97.3971 77.6765
-0.48936 0.657698 3.52929 161.405 145.67 127.553
-0.423573 0.651206 3.5443 165.094 147.25 128.562
-0.467747 0.616682 3.86124 101.585 93 79.2615
-0.487453 0.756776 3.52682 169.05 151.482 132.216
-0.486813 0.853654 3.52106 178.287 157.32 139.671
-0.488757 0.952317 3.51987 190.128 164.261 144.09
-0.488206 1.05088 3.51613 204.609 171.644 153.9
-0.488774 1.14884 3.51043 219.455 181.31 166.451
-0.485937 1.24751 3.51025 236.711 195.213 177.701
-0.490821 1.33554 3.51454 243.951 210.461 190.439
-0.514767 1.55528 3.89788 243.561 247.965 222.211
-0.314146 -1.29021 3.36014 95.3158 69 40.8947
-0.352588 -1.26667 3.43074 73.8 49.8 26.6
-0.252019 -1.22518 3.27275 86.4375 62.125 24.125
-0.294643 -1.23346 3.37977 53.9726 40.8767 17.2511
-0.305245 -1.19474 3.44275 57.122 43.9539 23.748
-0.295055 -1.08724 3.33994 84.119 68.7846 49.299
-0.309774 -1.14867 3.43191 78.6418 62.8433 40.5373
-0.301948 -1.01327 3.32825 87.6943 71.0367 51.7582
-0.299864 -0.915153 3.32125 89.4653 74.9236 51.662
-0.300201 -0.816856 3.31044 91.8245 77.3592 55.8
-0.300561 -0.717861 3.30411 91.6242 80.3329 60.4846
-0.299426 -0.619961 3.29917 92.8936 83.4557 63.4761
-0.234759 -0.488623 3.28158 95.0811 87.6216 67.5676
-0.304011 -0.523936 3.29262 94.1058 86.4725 64.6093
-0.30799 -0.426467 3.27935 95.0508 88.0117 69.7539
-0.295063 -0.421669 3.28681 95.9762 88.3611 68.2897
-0.298142 -0.318448 3.27204 87.8328 79.1331 60.901
-0.30182 -0.362226 3.28583 96.1417 87.9083 64.2333
-0.304493 -0.256278 3.25762 113.285 86.5411 47.7278
-0.384502 -0.237101 3.92111 133.095 106.381 70.381
-0.294367 -0.214555 3.98078 139.337 119.521 88.2112
-0.3011 -0.127266 3.97277 127.293 115.456 87.9506
-0.216419 0.0114837 3.93338 115.5 98.5 63.5
-0.301515 -0.0302105 3.96813 101.939 88.7128 60.9389
-0.214939 0.0698041 3.93081 111.96 101.04 72.64
-0.30442 0.0671816 3.95882 107.139 96.4641 69.2191
-0.280564 0.211374 3.93168 104.125 105.875 89.25
-0.302395 0.166703 3.95311 104.682 96.532 71.7688
-0.318046 0.306304 3.6667 105.533 92.1333 72.8
-0.338033 0.301891 3.71067 102.647 88.0588 70.8824
-0.301369 0.269926 3.92217 93.6721 85.6148 67.0902
-0.303202 0.262429 3.95122 93.3342 84.8177 63.4608
-0.310736 0.357541 3.663 124.052 112.393 89.9191
-0.337348 0.317552 3.734 105.778 89.8889 73.6667
-0.358046 0.317901 3.88406 105.333 92.1667 74
-0.215587 0.366453 3.95478 81.6552 81.7586 62.7931
-0.304228 0.428097 3.66058 130.617 118.574 103.809
-0.329697 0.449471 3.71838 142.471 129 112.471
-0.329715 0.480558 3.86143 128.308 115.923 102.077
-0.277398 0.487645 3.94262 110.398 104.82 89.1553
-0.300155 0.592651 3.5364 154.327 142.185 122.2
-0.284288 0.583123 3.5481 146.6 139.8 113.533
-0.299507 0.566677 3.8734 102.728 94.2549 80.6993
-0.307148 0.522832 3.93825 112.504 103.511 85.406
-0.30043 0.658103 3.53137 168.48 152.725 133.969
-0.310517 0.649041 3.54524 169.553 152.132 135.395
-0.361139 0.610104 3.86285 104.667 94.2222 81.3333
-0.298624 0.754879 3.53136 177.073 159.557 140.03
-0.320998 0.795365 3.54448 181.923 160.462 142.692
-0.301905 0.855815 3.5317 188.71 166.933 147.456
-0.313141 0.834384 3.54482 183.316 164.342 146.395
-0.299445 0.951853 3.52517 204.024 174.265 154.693
-0.302688 1.05008 3.51805 220.824 184.983 167.288
-0.302683 1.14818 3.51683 238.074 198.302 182.766
-0.302261 1.24568 3.51564 244.413 219.088 200.723
-0.303287 1.33595 3.52103 243.197 243.928 224.634
-0.251139 1.36745 3.54327 242 250 241
-0.241143 1.53814 3.90074 242 250 241
-0.119706 -1.32283 3.27101 118.787 85.2766 56.6809
-0.121278 -1.3346 3.296 117.829 85.2857 54.4571
-0.0804657 -1.26516 3.43156 69.9143 47.1143 18.9143
-0.165424 -1.23754 3.38371 56.459 42.7049 21.7869
-0.0999055 -1.20931 3.43706 55.0522 41.3946 22.678
-0.113162 -1.09039 3.35003 87.2725 68.6783 50.3884
-0.122287 -1.15017 3.43668 80.3182 65.1455 41.9909
-0.11447 -1.01287 3.33562 91.2772 71.3614 52.5531
-0.113965 -0.914979 3.33304 92.0857 75.7317 53.1742
-0.113676 -0.816019 3.31697 93.0704 78.3412 58.9972
-0.112503 -0.718494 3.30972 93.5695 81.9406 60.8637
-0.113289 -0.620195 3.30222 95.504 84.5322 63.2708
-0.112958 -0.521974 3.29504 97.3382 87.0533 67.2796
-0.166549 -0.37901 3.2824 102.333 90 73
-0.114044 -0.424493 3.29376 98.5337 90.2536 68.7569
-0.108247 -0.305599 3.27048 87.8009 79.4233 60.5286
-0.122993 -0.350594 3.28713 96.2454 88.9724 68.8282
-0.155643 -0.280327 4.03158 185.833 144 91.3333
-0.12171 -0.255342 3.26343 123.911 93.8381 60.8571
-0.0638864 -0.244625 3.28338 176.667 137.333 93.6667
-0.117539 -0.215957 3.97949 139.502 122.185 92.5095
-0.116021 -0.129243 3.97822 127.271 113.143 84.084
-0.139236 -0.0220634 3.93335 119.714 93.7143 61.2857
-0.115135 -0.0324894 3.96413 111.566 93.5159 63.3421
-0.20053 0.0784435 3.93269 113.105 100.474 71.8947
-0.11263 0.0667804 3.95918 117.554 103.501 80.7429
-0.115798 0.1665 3.95839 111.767 96.3566 74.9669
-0.120175 0.299695 3.90293 97.3944 84.3521 66.8451
-0.115725 0.25963 3.95662 96.6809 83.7366 62.9465
-0.0244929 0.374972 3.79812 112 100.75 88.5
-0.112916 0.362408 3.88998 96.6535 88.6496 71.3071
-0.124815 0.364015 3.95257 97.1652 89.9087 70.787
-0.115203 0.421417 3.91704 105.242 97.3636 77.1818
-0.117401 0.464612 3.94922 115.15 108.708 93.2037
-0.096668 0.591884 3.53857 165.633 151.744 132.4
-0.122743 0.589807 3.54942 161.197 148.549 127
-0.113928 0.566754 3.87826 109.516 101.177 87.1323
-0.11579 0.522522 3.94305 119.868 109.596 93.6358
-0.117714 0.658078 3.53621 178.598 159.688 139.459
-0.086057 0.651131 3.54824 178.065 159.87 139.207
-0.08502 0.614243 3.88805 118.318 105.409 97.0909
-0.118354 0.758792 3.53549 190.271 166.526 146.113
-0.0944746 0.743856 3.54579 190.648 165.211 142.883
-0.115511 0.852989 3.52887 205.256 175.181 155.25
-0.116195 0.953335 3.5297 220.238 185.905 167.609
-0.102404 0.982416 3.54621 225.625 189.938 167.5
-0.116502 1.05081 3.52422 237.734 199.692 182.9
-0.0721374 1.06644 3.54427 244.056 206.167 181.667
-0.117687 1.1494 3.52594 244.408 220.778 201.55
-0.113544 1.24699 3.51873 243.099 246.953 228.553
-0.12196 1.3305 3.52044 242.007 249.993 240.965
-0.0326616 1.35895 3.54402 242 250 241
-0.147701 1.54163 3.91407 242 250 241
0.0224847 -1.30857 3.24741 120.44 85.64 50.44
0.00922026 -1.32386 3.30472 116.762 81.619 41.2857
0.0099092 -1.26327 3.43444 62.5556 45.8889 16.7222
0.106648 -1.23823 3.37957 55.6985 37.2353 16.3015
0.0641356 -1.20401 3.44163 56.0684 40.1533 22.6462
0.0692035 -1.08979 3.34983 87.6394 68.133 51.0256
0.0689587 -1.15211 3.43817 83.8868 63.4623 44.6321
0.071605 -1.01288 3.34065 89.8349 72.1531 53.4101
0.0723258 -0.915267 3.33139 92.8881 74.9236 54.6835
0.0730142 -0.817184 3.32026 94.6339 77.9959 57.4549
0.0709824 -0.718718 3.31233 95.7318 80.2153 62.5218
0.0725666 -0.619894 3.30555 98.3505 83.7976 62.4352
0.072084 -0.522236 3.30066 99.4891 86.9564 70.2401
0.0414834 -0.420434 3.28158 102.972 91.0833 75.6389
0.0726792 -0.423628 3.2957 102.228 90.9602 72.748
0.057649 -0.300608 3.271 91.9072 78.6564 61.7801
0.080628 -0.342025 3.28984 97.2946 89.1011 69.9957
0.0800706 -0.279144 4.00685 155.333 119.333 88.3333
0.0689557 -0.258494 3.26656 123.939 91.859 60.734
0.117946 -0.235767 3.31344 152.312 121.188 85.5625
0.113181 -0.230609 3.42486 144.833 117.5 84.5
0.0641143 -0.213107 3.98496 144.705 119.804 89.1364
0.0722617 -0.128883 3.98105 101.627 85.403 59.1312
0.149177 -0.0284374 3.93319 103.25 84.75 65.75
0.0713083 -0.031667 3.9639 103.08 87.1826 66.7179
0.071405 0.0670652 3.9698 112.827 99.7672 78.0542
0.0723038 0.166105 3.96663 120.216 103.543 82.5607
0.143068 0.300723 3.92783 109.19 92.0952 78.4286
0.0706428 0.259701 3.95928 109.154 91.6906 70.0699
0.066434 0.394702 3.77143 118.56 105.28 88
0.0675259 0.364737 3.87652 111.307 96.1706 81.8464
0.08803 0.331433 3.94672 109.64 90.96 76.4
0.0590437 0.426733 3.77487 126.743 114.473 94.3919
0.0733466 0.443218 3.88905 124.375 112 95.9444
0.0790393 0.480856 3.95155 125.465 112.994 100.7
0.0458432 0.587427 3.54017 168.144 154.805 133.771
0.0981489 0.588212 3.54901 169.483 153.974 134.377
0.0707427 0.564063 3.88352 118.499 106.416 92.963
0.0737495 0.521898 3.94763 121.786 112.325 99.4762
0.0604961 0.658989 3.54121 185.007 162.498 143.881
0.0847066 0.656049 3.5467 186.026 162.176 143.887
0.0266062 0.611576 3.88013 123.8 106.8 99.1
0.0571237 0.76213 3.53555 198.583 170.988 151.916
0.113726 0.739853 3.54689 197.07 170.557 151.351
0.066692 0.852031 3.53251 213.144 179.582 162.233
0.106839 0.867326 3.54597 214.756 180.573 164.098
0.0716152 0.952493 3.53004 231.077 192.712 174.328
0.113323 0.908196 3.54564 222.333 186 169.667
0.0722991 1.05066 3.525 244.424 210.473 192.511
0.0235048 1.07705 3.54362 246.25 212.25 194.25
0.0719816 1.15021 3.5257 244.104 239.046 217.477
0.0725725 1.24711 3.52201 242.087 249.937 240.343
0.0659959 1.32925 3.52443 242 250 241
0.129397 1.51863 3.90312 242 250 241
0.165969 -1.23753 3.35107 61 38.6667 28
0.170898 -1.18126 3.44831 48.4074 37.8889 24.8889
0.193516 -1.22421 3.56239 34.1 22.5 7.8
0.256784 -1.08343 3.33357 87.4972 67.0253 45.6994
0.176778 -1.14698 3.43096 83.875 62 41
0.259663 -1.01376 3.33571 89.5 70.4683 48.5449
0.259209 -0.91448 3.3288 92.4627 73.7494 51.3342
0.258067 -0.81564 3.32181 94.1358 75.7728 54.9648
0.344848 -0.677681 1.74606 81.6585 45.4634 27.122
0.257162 -0.718482 3.31596 96.8657 80.0946 63.6125
0.285199 -0.597187 1.56702 67.724 40.0502 18.5735
0.315897 -0.61287 1.66301 64.8788 37.8333 13.3939
0.337496 -0.618763 1.75791 63.9221 36.4795 15.1311
0.259097 -0.620193 3.31264 100.862 84.8251 64.2692
0.271487 -0.52518 1.5558 61.8088 38.1626 15.9011
0.298028 -0.521779 1.6618 74.3692 48.0462 26.2769
0.32307 -0.515422 1.77279 82.677 55.5759 33.2957
0.259578 -0.520918 3.30509 102.153 87.6774 70.0925
0.254327 -0.440693 1.52434 86.1779 58.7668 33.7352
0.273828 -0.439578 1.66796 129.308 87.5846 42.6923
0.31902 -0.443692 1.77605 122.534 80.4164 44.8712
0.257756 -0.42316 3.29807 108.082 92.6304 72.0972
0.270524 -0.286231 3.27527 93.8652 67.0496 43.773
0.255194 -0.334176 3.29478 100.528 86.8865 69.1503
0.250407 -0.260791 3.27214 127.628 91.084 63.124
0.203618 -0.241862 3.2848 118 84 68
0.32116 -0.257364 3.77363 105.333 89.3333 74.2222
0.321663 -0.242056 3.85989 127.826 96.2826 65.7391
0.280985 -0.21291 3.99191 127.264 101.587 69.1285
0.258714 -0.130083 3.97969 94.3339 77.6806 55.0907
0.210403 0.0115241 3.93277 102 82.1429 57.5714
0.256025 -0.0322934 3.96046 98.0514 80.7688 58.5237
0.201263 0.0375518 3.93096 98.9057 85.4151 62.283
0.263089 0.070171 3.95825 104.968 92.2837 72.4688
0.258775 0.165446 3.96625 103.429 90.2147 72.4073
0.293656 0.305426 3.79291 103.615 82.9231 70
0.284872 0.29049 3.86765 102.438 83.7083 70
0.253214 0.258387 3.96021 98.7158 83.0821 68.9747
0.31187 0.359592 3.79095 105.19 87.7911 77.2658
0.246738 0.352407 3.86801 118.021 91.1736 77.75
0.214229 0.374785 3.95004 113.451 91.8382 76.9884
0.316182 0.41712 3.79455 117.077 104.923 92.9231
0.313206 0.436823 3.88334 122.861 110.694 93.1944
0.248283 0.463915 3.95376 122.128 111.124 95.227
0.323889 0.592782 3.54151 182.381 160.19 138.286
0.252872 0.587661 3.55027 177.098 155.815 135.724
0.260852 0.561387 3.88493 122.66 108.434 97.3238
0.254882 0.518368 3.94762 128.531 114.177 101.681
0.31488 0.663724 3.53812 194.562 168.66 150.253
0.24131 0.656143 3.55056 193.117 166.733 149.094
0.243678 0.611776 3.88958 128.75 106.25 106.25
0.289658 0.74766 3.53898 207.62 175.204 157.116
0.243298 0.761108 3.55062 207.82 175.575 159.377
0.258305 0.857481 3.53728 222.5 185.816 167.691
0.258835 0.852201 3.54998 220.958 184.853 168.595
0.25795 0.954502 3.53378 240.546 199.09 181.315
0.265096 0.93995 3.54675 238.492 196.111 177.69
0.256607 1.05017 3.53049 244.539 221.037 201.232
0.282304 1.05371 3.54647 244.736 221.167 197.597
0.260869 1.15231 3.53008 243.068 248.057 229.384
0.249275 1.12062 3.5451 244.273 242.436 220
0.257393 1.2474 3.5265 242 250 241
0.295076 1.25804 3.54583 242 250 241
0.255751 1.32615 3.52469 242 250 241
0.208735 1.30431 3.54523 242 250 241
0.446733 -1.08598 3.33413 86.0243 63.0243 41.6135
0.440891 -1.01467 3.33419 86.6474 65.4197 44.6816
0.431933 -0.916359 3.33123 101.321 77.0689 52.4531
0.436177 -0.814931 3.32536 101.139 78.3876 57.7879
0.402321 -0.69157 1.8218 70.3996 41.6168 15.1127
0.445098 -0.718896 3.31748 97.4658 78.7342 61.576
0.381326 -0.635975 1.81884 59.501 36.4165 12.2418
0.413776 -0.612236 1.85988 67.9459 46.3333 21.5796
0.445409 -0.62054 3.31421 101.233 83.99 62
0.359322 -0.528135 1.82504 83.0843 57.3133 37.4398
0.409151 -0.525832 1.87847 84.5825 57.862 38.7138
0.444746 -0.521486 3.30586 103.432 86.5257 67.8123
0.363845 -0.444772 1.83796 112.464 74.4706 47.0654
0.408267 -0.44164 1.88805 114.951 78.6667 49.2787
0.443057 -0.424124 3.30571 109.408 91.8589 73.2725
0.428431 -0.284418 3.27705 98.496 68.232 44.592
0.447029 -0.333174 3.29585 102.109 83.9016 66.3249
0.44822 -0.262501 3.27546 131.784 92.7658 64.9054
0.52595 -0.276215 3.28348 107.333 70 38.6667
0.414307 -0.256415 3.78216 105.6 85.5846 67.9538
0.439262 -0.22689 3.84531 114.82 93.451 66.5529
0.446438 -0.201185 3.976 111.092 90.9459 66.9135
0.499378 -0.126203 3.85511 135.92 112.44 93.04
0.424857 -0.130523 3.9868 104 84.9881 61.4228
0.473682 0.0108362 3.92591 101.5 81.25 56.25
0.455159 -0.0296715 3.98313 108.126 86.3791 65.0893
0.42175 0.0661528 3.90282 109.779 89.4615 72.5
0.449478 0.0649043 3.97324 110.256 91.4909 69.4315
0.443079 0.166885 3.97458 108.038 88.0229 65.0975
0.465749 0.290488 3.73966 106.062 91.875 80.5625
0.406145 0.298108 3.87903 101.062 83.375 78
0.441583 0.250413 3.96854 109.427 89.439 73.6512
0.468849 0.350182 3.70036 134.053 115.707 94.2133
0.404252 0.354118 3.88273 134.01 116.456 98.699
0.397436 0.379542 3.95599 134.489 117.489 101.404
0.481729 0.420971 3.90974 132.227 110.364 88
0.442835 0.466964 3.95659 132.278 113.714 102.247
0.467866 0.597899 3.54111 185.912 160.265 139.088
0.440893 0.587041 3.55231 181.422 154.477 133.949
0.445929 0.560691 3.88894 123.473 105.097 94.9304
0.439624 0.519538 3.94796 129.204 111.556 102.37
0.437364 0.637114 3.54171 194.065 164.032 145.323
0.443836 0.65906 3.55061 196.844 165.006 146.824
0.528525 0.61461 3.90626 140.5 113.167 106.5
0.394201 0.77617 3.53828 214.104 176.543 157.616
0.458192 0.750561 3.55079 209.458 172.807 154.304
0.42072 0.847371 3.53773 223.752 183.843 168.653
0.467196 0.861676 3.54662 224.966 183.888 167.761
0.428673 0.957817 3.53632 242.656 199.957 182.664
0.477773 0.941145 3.54786 239.092 195.594 180.611
0.438425 1.04936 3.53448 244.694 222.504 198.913
0.474119 1.06062 3.54682 244.652 223.065 198.859
0.442412 1.15075 3.53005 243.193 248.258 229.588
0.482016 1.11854 3.5467 244.212 239.615 215.654
0.444139 1.24769 3.52877 242 250 241
0.461179 1.25413 3.54531 242 250 241
0.445163 1.32377 3.5264 242 250 241
0.655883 -1.07342 3.34313 76.8889 50.5556 24.3333
0.686368 -1.00231 3.34017 80.3194 52.2639 35.6667
0.66761 -0.907581 3.32992 82.1545 58.7967 32.8537
0.652432 -0.836012 3.32087 88.4688 64.0312 36.3438
0.617778 -0.711181 1.94957 59.1699 27.7899 3.82237
0.581438 -0.725183 1.98248 64.75 35.25 4.75
0.61365 -0.704324 3.31412 101.967 80.6124 62.6307
0.614771 -0.58318 1.5671 74.8142 34.1681 1.53097
0.616204 -0.59933 1.66061 72.2257 35.019 3.09739
0.611362 -0.597946 1.77913 75.4977 37.9299 3.24766
0.604052 -0.622317 1.93398 72.8526 36.2154 7.34014
0.587451 -0.645714 1.99103 81 41.1579 10.4737
0.631264 -0.620798 3.31922 99.5295 81.9564 61.3196
0.630483 -0.499587 1.39847 181.871 111.032 53.4883
0.631608 -0.500085 1.52156 169.741 105.791 48.9275
0.625333 -0.498719 1.65608 171.835 106.783 54.2388
0.62521 -0.497936 1.78406 178.602 113.361 60.7889
0.608932 -0.501001 1.9117 178.199 110.551 60.8964
0.589932 -0.4924 1.98331 183.31 117.905 67.9048
0.630289 -0.521704 3.31261 102.999 84.0491 65.6761
0.671997 -0.471398 1.9032 198.533 125.467 66.7
0.63314 -0.423508 3.30837 110.428 89.2847 71.3049
0.638369 -0.282149 3.27566 109.623 69.9344 43.623
0.630173 -0.329685 3.30085 101.956 80.0093 60.5595
0.691125 -0.281867 3.77103 90.913 62.4783 50.0435
0.638183 -0.266857 3.27255 135.815 88.963 62.7037
0.612858 -0.269248 3.28646 128.543 82.6 56.5714
0.688371 -0.263701 3.77455 89.6596 64.2766 51.2766
0.637185 -0.216158 3.88236 84.3913 72.4181 47.1037
0.593986 -0.212433 3.9634 101.385 86.2667 65.2296
0.648135 -0.136021 3.87799 92.3541 74.0195 51.6459
0.611344 -0.124411 3.97461 105.686 91.2739 67.5281
0.633047 -0.0400634 3.88651 96.2901 76 61.9618
0.630375 -0.0294807 3.98038 108.023 88.5814 71.9651
0.553735 0.0207843 3.91144 82 70.4 49.8
0.640207 0.0663197 3.97672 84.2252 71.2009 54.5894
0.633049 0.166513 3.97836 111.722 88.4351 61.7587
0.603287 0.290638 3.92813 98.5455 80.3939 59.8788
0.632663 0.256581 3.97217 89.4485 72.996 55.1758
0.656106 0.364427 3.97345 101.823 84.2698 77.0767
0.630378 0.461939 3.9615 120.46 99.261 88.6385
0.571397 0.565851 3.54317 163.333 139.667 121.667
0.635193 0.583825 3.56361 173.382 144.983 126.066
0.628846 0.558725 3.88844 119.466 98.5205 89.2374
0.63044 0.519683 3.94996 120.326 102.519 95.1852
0.630317 0.657025 3.55734 196.035 161.311 145.738
0.569921 0.758068 3.54004 211.496 172.046 154.42
0.642641 0.754091 3.55291 208.276 170.314 153.217
0.62971 0.861453 3.53792 225.853 181.755 164.484
0.631126 0.846437 3.54894 223.519 179.668 163.543
0.623042 0.952524 3.5381 241.617 195.829 178.84
0.642504 0.951822 3.54648 240.133 195.342 177.568
0.604938 1.0473 3.53713 244.717 214.756 197.746
0.648071 1.0541 3.54938 244.843 215.754 197.722
0.622272 1.1477 3.53628 243.565 245.719 222.146
0.673559 1.15347 3.54759 243.648 244.745 221.807
0.640059 1.24857 3.53267 242 250 241
0.600703 1.24809 3.55262 242 250 241
0.627353 1.32094 3.52759 242 250 241
0.65476 1.31206 3.54688 242 250 241
0.848405 -1.09179 3.35235 85.2676 59.15 35.2294
0.840964 -1.0135 3.3458 86.3622 63.8803 39.7228
0.831725 -0.91504 3.33802 89.007 65.7131 42.0366
0.832211 -0.818549 3.33232 94.1702 68.7539 45.2589
0.832236 -0.714557 3.32628 95.4219 72.2507 53.518
0.817844 -0.620789 3.32289 98.9389 76.2456 57.6639
0.725547 -0.49508 1.45587 202 117.286 57.4286
0.747525 -0.497455 1.53553 191.143 117.054 56.5732
0.781389 -0.491674 1.66216 168.628 100.94 48.2976
0.782395 -0.486807 1.77142 184.951 115.346 58.1056
0.786316 -0.487283 1.8985 197.987 125.166 59.843
0.733062 -0.490847 1.98596 197.267 123.933 63.8667
0.816872 -0.521297 3.31613 101.141 80.6443 60.3094
0.817837 -0.470673 1.69333 189.947 113.947 48.5526
0.81904 -0.423629 3.31134 105.294 83.0734 65.0096
0.807742 -0.287508 3.27928 105.488 63.475 33.8125
0.81812 -0.329558 3.3041 96.1892 71.5791 51.8378
0.753227 -0.280737 3.75758 128.364 82.7727 56.8636
0.819667 -0.268831 3.27714 131.824 80.2549 53.7255
0.818526 -0.266748 3.28819 147.467 93.3733 63.3467
0.750358 -0.260076 3.76786 107.917 73.9667 51.6333
0.762385 -0.207658 3.83052 61.5 43.2778 30.8889
0.749118 -0.216626 3.99323 67.045 47.1892 37.1712
0.757072 -0.0898162 3.76104 64.7 47.2 35
0.758341 -0.115085 3.84077 62.75 47.6667 34
0.750225 -0.127237 3.99923 74.0427 51.5214 38.9744
0.750779 -0.0688079 3.76112 66.25 48.75 37.5
0.755476 -0.073684 3.83795 66.125 50.125 35.875
0.797152 -0.0158726 3.98477 80.5658 64.2355 50.6269
0.816019 0.0670068 3.98016 76.7457 64.0554 50.9775
0.816659 0.165214 3.9804 86.7208 69.2098 51.7682
0.783943 0.29196 3.70828 111.857 91.7857 62.5357
0.81857 0.248516 3.98069 87.5105 67.1158 51.4211
0.789248 0.371008 3.72151 157.611 126.411 106.716
0.797108 0.417531 3.73906 154.625 123.25 102.375
0.849542 0.458428 3.88881 123.551 100.571 85.6939
0.814161 0.476895 3.96379 108.68 91.0079 77.21
0.819457 0.582544 3.55848 173.185 144.66 128.253
0.823712 0.555382 3.89556 105.573 88.1564 77.7379
0.792524 0.519828 3.95422 97.991 79.982 73.3784
0.815771 0.658252 3.55999 193.911 158.288 141.124
0.763704 0.778331 3.53806 212.797 169.475 150.525
0.821262 0.753008 3.55357 203.695 165.676 149.382
0.807401 0.88248 3.53937 226.538 180.731 164.551
0.819632 0.850876 3.55297 218.594 176.124 160.165
0.821924 0.955952 3.53917 237.548 191.197 173.62
0.813601 0.948925 3.55094 235.385 190.346 171.688
0.812121 1.06585 3.53401 244.893 213.159 194.052
0.819306 1.04351 3.5507 245.019 206.686 189.216
0.82346 1.14517 3.53585 244.292 237.786 214.08
0.805353 1.154 3.55104 244.106 241 217.389
0.780283 1.24941 3.53286 242.009 249.998 240.98
0.864365 1.24136 3.5492 242.268 249.937 238.931
0.810111 1.31421 3.53115 242 250 241
0.870616 1.31011 3.55417 242 250 241
0.940681 -1.09364 3.35668 84.5954 54.3179 28.0289
0.944012 -1.01226 3.3498 86.7177 57.3333 31.6633
0.9405 -0.920327 3.33812 89.0187 57.8694 32.3806
0.967583 -0.793859 3.33473 102.051 72.0837 46.2651
1.00344 -0.719126 3.33086 94.8646 72.0564 49.5339
1.00359 -0.620729 3.32381 97.5645 76.56 53.6199
0.936979 -0.490932 1.94326 186.111 112.889 53.7222
0.915584 -0.490278 2.02549 117.3 75.5 23.5
1.00293 -0.522233 3.31668 102.472 79.5285 57.6617
1.00488 -0.424097 3.31356 104.299 81.9305 62.8677
1.01136 -0.288117 3.27785 104.722 67.6962 43.3418
1.00536 -0.329391 3.30566 94.6104 67.5006 47.0296
0.958146 -0.286992 3.8969 172.72 128.04 74.32
0.96031 -0.265574 3.27448 127.023 79.6023 58.2159
1.05131 -0.24139 3.35251 219.402 170.879 125.736
1.06672 -0.201263 3.47901 214.971 172.5 131.457
0.967617 -0.258819 3.91475 102.31 73.881 40.9524
0.979121 -0.2111 4.00539 98.7778 72.5589 51.2896
1.08383 -0.134443 3.5139 182.402 139.938 112.052
1.08461 -0.0831811 3.54765 191.333 143.667 106
1.00106 -0.126704 4.00718 105.053 81.0248 55.3454
1.0897 -0.0396466 3.52293 175.915 133.559 107.102
1.08408 -0.0706865 3.54823 190.714 143.714 108.714
1.00506 -0.0282802 3.99761 85.7786 70.6476 60.321
1.0033 0.0670326 3.98958 70.3841 58.8287 50.282
1.00388 0.166511 3.98555 68.7724 56.508 50.2308
1.07007 0.30976 3.72179 59.5 48 41.5
1.01068 0.244991 3.98151 63.3841 52.2698 47.0444
1.06535 0.345346 3.72283 63.7286 50.5714 42.9857
0.992068 0.344041 3.9971 63.7209 48.5116 48.0233
1.03956 0.460461 3.87577 91.1067 77.6533 70.0533
1.01421 0.47458 3.9687 90 75.5588 67.3039
1.00273 0.584096 3.57049 170.154 138.46 121.01
1.00037 0.553734 3.89279 104.196 84.8114 74.2134
1.02382 0.522133 3.95275 99.1057 83.4472 75.9431
1.02574 0.704551 3.54172 185.75 156.5 133.75
1.00593 0.657477 3.56366 183.778 149.886 132.487
1.02164 0.740267 3.54 191.426 157.618 143.103
1.00092 0.757321 3.55717 194.685 158.362 144.281
0.991795 0.859545 3.53826 210.942 169.246 155.136
1.00606 0.852717 3.55742 207.817 167.367 154.668
0.979666 0.945209 3.54047 225.215 179.745 167.13
1.01377 0.955696 3.55062 223.849 179.413 165.748
1.00953 1.05113 3.53676 242.027 195.077 179.428
0.998863 1.05113 3.54996 241.961 195.383 179.993
1.01762 1.15048 3.5354 244.943 219.859 196.591
0.97593 1.15042 3.54838 244.798 222.933 197.649
1.00397 1.24486 3.53212 242.883 248.678 231.563
1.00317 1.25488 3.54795 243.019 248.944 230.702
0.996688 1.30844 3.53152 242 250 241
0.966176 1.30594 3.55543 242 250 241
1.19322 -0.779028 3.33761 95.7514 66.1214 43.5202
1.18761 -0.718881 3.32998 94.8121 69.1519 42.8706
1.19115 -0.621386 3.32854 97.6322 72.6642 45.8017
1.13426 -0.546799 2.39243 45.6154 28.5385 6.38462
1.18979 -0.52198 3.32166 101.057 76.6615 56.7033
1.16196 -0.449069 2.44137 45.2188 25.2344 8.79688
1.19008 -0.423115 3.31352 103.249 80.5337 59.4598
1.23235 -0.292132 3.27969 101.467 57.9836 32.5574
1.18489 -0.330684 3.31018 96.786 68.5422 46.035
1.19491 -0.270941 3.27991 128.296 74.7407 35.7407
1.16164 -0.249743 3.35159 189.616 129.314 89.7122
1.17341 -0.217854 3.4643 181.05 130.422 95.7391
1.26567 -0.243548 3.61147 173.615 121.885 100.096
1.28109 -0.19265 3.69889 101.143 66 44.1429
1.12327 -0.207188 4.00047 106.752 71.531 58.5664
1.124 -0.130038 3.50505 138.383 99.2917 72.3258
1.28134 -0.0923439 3.65481 120.6 86.3 59.8
1.27524 -0.134115 3.71387 102.582 66.2182 30.8182
1.12699 -0.126839 4.00072 120.029 89.4641 63.7512
1.12506 -0.0427698 3.50852 124.893 87.9907 65.307
1.19115 -0.00540462 3.62811 114.392 75.8627 54.7255
1.27401 -0.0317097 3.73263 113.837 73.1205 36.7048
1.13802 -0.0257357 3.99572 112.294 81.9585 65.7283
1.22305 0.0550953 3.65203 110.251 77.0971 58.4514
1.26505 0.0723042 3.7402 107.162 67.4044 44.4559
1.267 0.0912697 3.83985 105.907 62.5467 46.88
1.16639 0.0754081 3.99292 86.7786 47.2065 42.8234
1.27327 0.141354 3.64178 87.7551 62.2041 37.3673
1.26898 0.140794 3.73567 96.14 64.18 43.58
1.26267 0.150186 3.85881 105.08 66.52 48.5067
1.19306 0.165181 3.98844 72.2373 58.5008 46.1726
1.19281 0.246998 3.9879 62.9842 51.9208 46.8997
1.28232 0.341316 3.97817 95.3333 79.8333 68.6667
1.1062 0.452355 3.87147 92.0625 80.75 78.25
1.20894 0.47513 3.96987 100.879 83.4495 74.7525
1.19359 0.581508 3.56694 153.758 124.948 106.533
1.18962 0.550952 3.89952 97.9107 77.6352 67.1042
1.19813 0.537728 3.95088 99.9548 80.5419 71.7032
1.1921 0.658004 3.56336 166.217 134.772 118.256
1.16128 0.777855 3.5424 181.643 150.821 133.536
1.1886 0.755163 3.55561 175.854 143.446 126.203
1.14448 0.860277 3.54285 196.174 160.391 144.696
1.19008 0.854082 3.55322 186.644 152.05 136.492
1.18488 0.96966 3.53948 205.667 165.802 152.827
1.19129 0.951308 3.55335 200.222 160.642 145.19
1.15115 1.06713 3.53853 228.036 183.036 165.728
1.20232 1.0466 3.54964 214.694 170.651 154.235
1.15484 1.15618 3.53071 243.544 200.606 181.113
1.21902 1.14272 3.5507 233.432 184.926 164.981
1.17717 1.24545 3.53246 244.174 228.605 201.81
1.21686 1.2442 3.5489 245.365 216.123 190.671
1.16491 1.30171 3.53277 243.216 247.514 228.703
1.18235 1.3048 3.55067 243.438 249.312 226.781
1.33602 -0.781372 3.34203 85.4472 59.7724 33.3577
1.34961 -0.719377 3.33824 80.7691 58.3362 35.088
1.35435 -0.62082 3.3339 84.8114 62.3216 37.826
1.35035 -0.521857 3.32358 97.5878 73.6912 47.602
1.3577 -0.424186 3.32496 92.4757 68.4191 47.0903
1.35592 -0.324445 3.31041 90.9059 62.332 39.0941
1.34736 -0.269267 3.32456 123.446 83.6308 44.3538
1.37672 -0.229024 3.49215 103.975 69.12 45.8875
1.34263 -0.219354 3.62784 143.352 103.798 71.241
1.3395 -0.205168 3.69598 148.285 111.285 75.9846
1.46004 -0.154555 3.38443 101.263 82.7632 52.2632
1.39661 -0.124399 3.49463 99.9898 70.0204 49
1.34261 -0.131506 3.63433 137.307 98.2754 69.5652
1.33888 -0.144303 3.70193 139.401 100.156 72.1198
1.39636 -0.0328701 3.49246 108.289 76.3482 49.2941
1.32442 -0.032152 3.63609 148.427 107.885 75.9266
1.33391 -0.0184404 3.71203 153.867 112.156 77.8111
1.40345 0.0467116 3.50527 125.702 93.4504 67.3926
1.35914 0.069998 3.62157 147.183 109.826 78.9732
1.38382 0.065119 3.73587 165.78 123.184 85.7872
1.40558 0.102071 3.85856 133.027 96.5405 67.8108
1.28387 0.105871 3.98592 95.125 56.5 38.25
1.41975 0.1882 3.51021 117.087 89.2778 65.8175
1.41224 0.146264 3.61264 139.051 101.268 69.0892
1.41111 0.168466 3.72586 161.466 124.354 86.2751
1.41849 0.164708 3.86882 133.128 100.906 70.349
1.35489 0.203376 3.97676 93.6047 68.9767 41.2209
1.4445 0.266907 3.3718 117.527 97.027 79.3108
1.40934 0.268673 3.48839 119.011 91.2789 78.0316
1.41639 0.264996 3.60746 140.893 106.768 74.8839
1.40888 0.273521 3.7498 157.477 119.186 80.1308
1.35973 0.273408 3.85995 111.184 82.977 66.092
1.35319 0.252147 3.98258 79.0761 59.2208 43.4822
1.41806 0.358517 3.48935 114.135 92.8125 75.3958
1.41104 0.337739 3.5947 139.907 105.918 73.2474
1.38511 0.352952 3.76212 150.302 109.587 78.6532
1.3492 0.378119 3.85184 116.382 89.3333 68.5588
1.31662 0.36544 3.97541 111.665 87.5532 71
1.41848 0.423446 3.5426 110.25 92.25 58.5
1.41158 0.45512 3.61782 146.531 110.682 68.8333
1.41341 0.463231 3.76028 170.03 129.267 80.8515
1.4131 0.462298 3.88419 132.351 100.516 70.7234
1.35281 0.463363 3.97493 94.4664 74.436 63.5336
1.34894 0.57467 3.57457 116.383 86.356 66.1576
1.42006 0.529238 3.74036 116.283 82.7826 52.3478
1.36816 0.548286 3.90822 92.3913 73.2092 57.8587
1.33478 0.538774 3.96031 89.3388 70.7686 59.2066
1.34664 0.657761 3.566 124.605 96.7593 75.9469
1.36851 0.794575 3.54151 129.478 96.2609 82.4783
1.34123 0.753825 3.5597 133.669 103.589 86.7495
1.37023 0.813344 3.54227 130.5 95.6667 84.6667
1.34317 0.85491 3.56349 141.197 110.357 94.6484
1.32706 0.973851 3.54284 159.8 129.8 108
1.3414 0.951408 3.55527 153.372 118.952 100.111
1.32828 1.04443 3.53727 167.512 130.435 114.269
1.36082 1.04919 3.56009 161.689 126.425 111.993
1.35127 1.15795 3.53723 187.862 145.905 124.556
1.33697 1.14929 3.5584 188.628 147.242 130.391
1.32208 1.24339 3.53547 225.812 177.57 157.507
1.35854 1.2565 3.55465 229.304 171.635 151.11
1.36454 1.2982 3.54908 244.727 195.818 163.273
1.62812 -0.405324 3.35095 94.6159 75.7378 50.7439
1.48276 -0.442272 3.4425 62.4 43.9 25.9
1.62161 -0.324596 3.34766 77.5335 76.984 63.4313
1.62187 -0.228036 3.35918 80.8403 79.4601 63.3422
1.54382 -0.157289 3.37321 92.6293 80.6595 64.0431
1.64769 -0.155723 3.42859 81.5 93 84.5
1.49656 0.259311 3.34913 134.447 110.693 92.1333
1.62566 0.928303 3.37554 116.857 91.4286 72.9286
1.6559 -0.159449 3.3686 80 88 81
